index_key,model_name,config_index,config_key,config_summary,config_json,prediction_space,test_reference_date,test_target_date,reference_close,target_close,y_true,y_pred,actual_close,predicted_close,fit_seconds,error_points,error_pct,abs_error_pct,analysis_partition,analysis_scope
NASDAQ,GARCH,1,c233a1992db9852e,p=1 q=1,"{""p"": 1, ""q"": 1}",level,2022-02-01,2022-02-02,14346.0,14417.5498046875,14417.5498046875,,14417.5498046875,,0.0076119578443467,,,,fit_period,model_fit_period
NASDAQ,GARCH,1,c233a1992db9852e,p=1 q=1,"{""p"": 1, ""q"": 1}",level,2022-02-02,2022-02-03,14417.5498046875,13878.8203125,13878.8203125,14399.038237879664,13878.8203125,14399.038237879664,0.0076119578443467,520.2179253796639,3.7482863360593273,3.7482863360593273,fit_period,model_fit_period
NASDAQ,GARCH,1,c233a1992db9852e,p=1 q=1,"{""p"": 1, ""q"": 1}",level,2022-02-03,2022-02-04,13878.8203125,14098.009765625,14098.009765625,13879.729416458638,14098.009765625,13879.729416458638,0.0076119578443467,-218.2803491663617,-1.5483061282777086,1.5483061282777086,fit_period,model_fit_period
NASDAQ,GARCH,1,c233a1992db9852e,p=1 q=1,"{""p"": 1, ""q"": 1}",level,2022-02-04,2022-02-07,14098.009765625,14015.669921875,14015.669921875,14074.79992211162,14015.669921875,14074.79992211162,0.0076119578443467,59.13000023662062,0.42188493711836983,0.42188493711836983,fit_period,model_fit_period
NASDAQ,GARCH,1,c233a1992db9852e,p=1 q=1,"{""p"": 1, ""q"": 1}",level,2022-02-07,2022-02-08,14015.669921875,14194.4501953125,14194.4501953125,14002.055522990076,14194.4501953125,14002.055522990076,0.0076119578443467,-192.3946723224235,-1.3554217998944327,1.3554217998944327,fit_period,model_fit_period
NASDAQ,GARCH,1,c233a1992db9852e,p=1 q=1,"{""p"": 1, ""q"": 1}",level,2022-02-08,2022-02-09,14194.4501953125,14490.3701171875,14490.3701171875,14172.52627674967,14490.3701171875,14172.52627674967,0.0076119578443467,-317.8438404378303,-2.1934832434737146,2.1934832434737146,fit_period,model_fit_period
NASDAQ,GARCH,1,c233a1992db9852e,p=1 q=1,"{""p"": 1, ""q"": 1}",level,2022-02-09,2022-02-10,14490.3701171875,14185.6396484375,14185.6396484375,14464.718511059886,14185.6396484375,14464.718511059886,0.0076119578443467,279.0788626223857,1.9673336524738614,1.9673336524738614,fit_period,model_fit_period
NASDAQ,GARCH,1,c233a1992db9852e,p=1 q=1,"{""p"": 1, ""q"": 1}",level,2022-02-10,2022-02-11,14185.6396484375,13791.150390625,13791.150390625,14179.1022962946,13791.150390625,14179.1022962946,0.0076119578443467,387.9519056696008,2.8130496345926606,2.8130496345926606,fit_period,model_fit_period
NASDAQ,GARCH,1,c233a1992db9852e,p=1 q=1,"{""p"": 1, ""q"": 1}",level,2022-02-11,2022-02-14,13791.150390625,13790.919921875,13790.919921875,13787.469396054292,13790.919921875,13787.469396054292,0.0076119578443467,-3.450525820708208,-0.025020273051074883,0.025020273051074883,fit_period,model_fit_period
NASDAQ,GARCH,1,c233a1992db9852e,p=1 q=1,"{""p"": 1, ""q"": 1}",level,2022-02-14,2022-02-15,13790.919921875,14139.759765625,14139.759765625,13774.692589621893,14139.759765625,13774.692589621893,0.0076119578443467,-365.0671760031073,-2.5818485041776857,2.5818485041776857,fit_period,model_fit_period
NASDAQ,GARCH,1,c233a1992db9852e,p=1 q=1,"{""p"": 1, ""q"": 1}",level,2022-02-15,2022-02-16,14139.759765625,14124.08984375,14124.08984375,14112.42411026782,14124.08984375,14112.42411026782,0.0076119578443467,-11.665733482179348,-0.08259458564221403,0.08259458564221403,fit_period,model_fit_period
NASDAQ,GARCH,1,c233a1992db9852e,p=1 q=1,"{""p"": 1, ""q"": 1}",level,2022-02-16,2022-02-17,14124.08984375,13716.7197265625,13716.7197265625,14108.3538349573,13716.7197265625,14108.3538349573,0.0076119578443467,391.6341083947991,2.855158639980065,2.855158639980065,fit_period,model_fit_period
NASDAQ,GARCH,1,c233a1992db9852e,p=1 q=1,"{""p"": 1, ""q"": 1}",level,2022-02-17,2022-02-18,13716.7197265625,13548.0703125,13548.0703125,13713.448634360087,13548.0703125,13713.448634360087,0.0076119578443467,165.37832186008745,1.220678060014958,1.220678060014958,fit_period,model_fit_period
NASDAQ,GARCH,1,c233a1992db9852e,p=1 q=1,"{""p"": 1, ""q"": 1}",level,2022-02-18,2022-02-22,13548.0703125,13381.51953125,13381.51953125,13537.20250809668,13381.51953125,13537.20250809668,0.0076119578443467,155.6829768466796,1.1634177754111672,1.1634177754111672,fit_period,model_fit_period
NASDAQ,GARCH,1,c233a1992db9852e,p=1 q=1,"{""p"": 1, ""q"": 1}",level,2022-02-22,2022-02-23,13381.51953125,13037.490234375,13037.490234375,13370.584942905098,13037.490234375,13370.584942905098,0.0076119578443467,333.0947085300977,2.5548990069565014,2.5548990069565014,fit_period,model_fit_period
NASDAQ,GARCH,1,c233a1992db9852e,p=1 q=1,"{""p"": 1, ""q"": 1}",level,2022-02-23,2022-02-24,13037.490234375,13473.58984375,13473.58984375,13032.203472914813,13473.58984375,13032.203472914813,0.0076119578443467,-441.38637083518734,-3.2759374150010467,3.2759374150010467,fit_period,model_fit_period
NASDAQ,GARCH,1,c233a1992db9852e,p=1 q=1,"{""p"": 1, ""q"": 1}",level,2022-02-24,2022-02-25,13473.58984375,13694.6201171875,13694.6201171875,13443.477356230826,13694.6201171875,13443.477356230826,0.0076119578443467,-251.14276095667446,-1.8338789890307108,1.8338789890307108,fit_period,model_fit_period
NASDAQ,GARCH,1,c233a1992db9852e,p=1 q=1,"{""p"": 1, ""q"": 1}",level,2022-02-25,2022-02-28,13694.6201171875,13751.400390625,13751.400390625,13671.351693995255,13751.400390625,13671.351693995255,0.0076119578443467,-80.04869662974488,-0.5821130528954562,0.5821130528954562,fit_period,model_fit_period
NASDAQ,GARCH,1,c233a1992db9852e,p=1 q=1,"{""p"": 1, ""q"": 1}",level,2022-02-28,2022-03-01,13751.400390625,13532.4599609375,13532.4599609375,13733.358828625209,13532.4599609375,13733.358828625209,0.0076119578443467,200.89886768770884,1.4845701983794453,1.4845701983794453,fit_period,model_fit_period
NASDAQ,GARCH,1,c233a1992db9852e,p=1 q=1,"{""p"": 1, ""q"": 1}",level,2022-03-01,2022-03-02,13532.4599609375,13752.01953125,13752.01953125,13523.19254714544,13752.01953125,13523.19254714544,0.0076119578443467,-228.82698410456032,-1.6639518551044474,1.6639518551044474,fit_period,model_fit_period
NASDAQ,GARCH,1,c233a1992db9852e,p=1 q=1,"{""p"": 1, ""q"": 1}",level,2022-03-02,2022-03-03,13752.01953125,13537.9404296875,13537.9404296875,13728.797909647345,13537.9404296875,13728.797909647345,0.0076119578443467,190.85747995984457,1.4097970141847507,1.4097970141847507,fit_period,model_fit_period
NASDAQ,GARCH,1,c233a1992db9852e,p=1 q=1,"{""p"": 1, ""q"": 1}",level,2022-03-03,2022-03-04,13537.9404296875,13313.4404296875,13313.4404296875,13528.51831582043,13313.4404296875,13528.51831582043,0.0076119578443467,215.07788613293087,1.615494411597253,1.615494411597253,fit_period,model_fit_period
NASDAQ,GARCH,1,c233a1992db9852e,p=1 q=1,"{""p"": 1, ""q"": 1}",level,2022-03-04,2022-03-07,13313.4404296875,12830.9599609375,12830.9599609375,13304.34993584864,12830.9599609375,13304.34993584864,0.0076119578443467,473.3899749111406,3.6894353684550985,3.6894353684550985,fit_period,model_fit_period
NASDAQ,GARCH,1,c233a1992db9852e,p=1 q=1,"{""p"": 1, ""q"": 1}",level,2022-03-07,2022-03-08,12830.9599609375,12795.5498046875,12795.5498046875,12830.07907501657,12795.5498046875,12830.07907501657,0.0076119578443467,34.52927032907064,0.2698537449045077,0.2698537449045077,fit_period,model_fit_period
NASDAQ,GARCH,1,c233a1992db9852e,p=1 q=1,"{""p"": 1, ""q"": 1}",level,2022-03-08,2022-03-09,12795.5498046875,13255.5498046875,13255.5498046875,12780.441981374155,13255.5498046875,12780.441981374155,0.0076119578443467,-475.10782331334485,-3.584218160044441,3.584218160044441,fit_period,model_fit_period
NASDAQ,GARCH,1,c233a1992db9852e,p=1 q=1,"{""p"": 1, ""q"": 1}",level,2022-03-09,2022-03-10,13255.5498046875,13129.9599609375,13129.9599609375,13224.676744722408,13129.9599609375,13224.676744722408,0.0076119578443467,94.71678378490833,0.7213790755394307,0.7213790755394307,fit_period,model_fit_period
NASDAQ,GARCH,1,c233a1992db9852e,p=1 q=1,"{""p"": 1, ""q"": 1}",level,2022-03-10,2022-03-11,13129.9599609375,12843.8095703125,12843.8095703125,13117.721889276769,12843.8095703125,13117.721889276769,0.0076119578443467,273.9123189642687,2.132640767248655,2.132640767248655,fit_period,model_fit_period
NASDAQ,GARCH,1,c233a1992db9852e,p=1 q=1,"{""p"": 1, ""q"": 1}",level,2022-03-11,2022-03-14,12843.8095703125,12581.2197265625,12581.2197265625,12836.680951872468,12581.2197265625,12836.680951872468,0.0076119578443467,255.46122530996763,2.0304964928846845,2.0304964928846845,fit_period,model_fit_period
NASDAQ,GARCH,1,c233a1992db9852e,p=1 q=1,"{""p"": 1, ""q"": 1}",level,2022-03-14,2022-03-15,12581.2197265625,12948.6201171875,12948.6201171875,12573.341350386492,12948.6201171875,12573.341350386492,0.0076119578443467,-375.2787668010078,-2.898214353380228,2.898214353380228,fit_period,model_fit_period
NASDAQ,GARCH,1,c233a1992db9852e,p=1 q=1,"{""p"": 1, ""q"": 1}",level,2022-03-15,2022-03-16,12948.6201171875,13436.5498046875,13436.5498046875,12920.69381706824,13436.5498046875,12920.69381706824,0.0076119578443467,-515.8559876192594,-3.8391997582541384,3.8391997582541384,fit_period,model_fit_period
NASDAQ,GARCH,1,c233a1992db9852e,p=1 q=1,"{""p"": 1, ""q"": 1}",level,2022-03-16,2022-03-17,13436.5498046875,13614.7802734375,13614.7802734375,13404.78794959479,13614.7802734375,13404.78794959479,0.0076119578443467,-209.9923238427109,-1.5423849641731413,1.5423849641731413,fit_period,model_fit_period
NASDAQ,GARCH,1,c233a1992db9852e,p=1 q=1,"{""p"": 1, ""q"": 1}",level,2022-03-17,2022-03-18,13614.7802734375,13893.83984375,13893.83984375,13592.873851086446,13893.83984375,13592.873851086446,0.0076119578443467,-300.96599266355406,-2.1661829706417732,2.1661829706417732,fit_period,model_fit_period
NASDAQ,GARCH,1,c233a1992db9852e,p=1 q=1,"{""p"": 1, ""q"": 1}",level,2022-03-18,2022-03-21,13893.83984375,13838.4599609375,13838.4599609375,13868.72477775799,13838.4599609375,13868.72477775799,0.0076119578443467,30.264816820490523,0.21870075793058263,0.21870075793058263,fit_period,model_fit_period
NASDAQ,GARCH,1,c233a1992db9852e,p=1 q=1,"{""p"": 1, ""q"": 1}",level,2022-03-21,2022-03-22,13838.4599609375,14108.8203125,14108.8203125,13823.987626140402,14108.8203125,13823.987626140402,0.0076119578443467,-284.8326863595976,-2.018827088663424,2.018827088663424,fit_period,model_fit_period
NASDAQ,GARCH,1,c233a1992db9852e,p=1 q=1,"{""p"": 1, ""q"": 1}",level,2022-03-22,2022-03-23,14108.8203125,13922.599609375,13922.599609375,14083.982078221166,13922.599609375,14083.982078221166,0.0076119578443467,161.38246884616638,1.1591403428530471,1.1591403428530471,fit_period,model_fit_period
NASDAQ,GARCH,1,c233a1992db9852e,p=1 q=1,"{""p"": 1, ""q"": 1}",level,2022-03-23,2022-03-24,13922.599609375,14191.83984375,14191.83984375,13912.29096898326,14191.83984375,13912.29096898326,0.0076119578443467,-279.5488747667405,-1.9697860026926115,1.9697860026926115,fit_period,model_fit_period
NASDAQ,GARCH,1,c233a1992db9852e,p=1 q=1,"{""p"": 1, ""q"": 1}",level,2022-03-24,2022-03-25,14191.83984375,14169.2998046875,14169.2998046875,14167.03725450653,14169.2998046875,14167.03725450653,0.0076119578443467,-2.2625501809707202,-0.015967974509384166,0.015967974509384166,fit_period,model_fit_period
NASDAQ,GARCH,1,c233a1992db9852e,p=1 q=1,"{""p"": 1, ""q"": 1}",level,2022-03-25,2022-03-28,14169.2998046875,14354.900390625,14354.900390625,14153.78242085014,14354.900390625,14153.78242085014,0.0076119578443467,-201.11796977485938,-1.4010405109199289,1.4010405109199289,fit_period,model_fit_period
NASDAQ,GARCH,1,c233a1992db9852e,p=1 q=1,"{""p"": 1, ""q"": 1}",level,2022-03-28,2022-03-29,14354.900390625,14619.6396484375,14619.6396484375,14332.759432021216,14619.6396484375,14332.759432021216,0.0076119578443467,-286.8802164162844,-1.962293348639036,1.962293348639036,fit_period,model_fit_period
NASDAQ,GARCH,1,c233a1992db9852e,p=1 q=1,"{""p"": 1, ""q"": 1}",level,2022-03-29,2022-03-30,14619.6396484375,14442.26953125,14442.26953125,14594.980291947288,14442.26953125,14594.980291947288,0.0076119578443467,152.7107606972877,1.0573875550989689,1.0573875550989689,fit_period,model_fit_period
NASDAQ,GARCH,1,c233a1992db9852e,p=1 q=1,"{""p"": 1, ""q"": 1}",level,2022-03-30,2022-03-31,14442.26953125,14220.51953125,14220.51953125,14431.679242248416,14220.51953125,14431.679242248416,0.0076119578443467,211.1597109984159,1.4848944902075227,1.4848944902075227,fit_period,model_fit_period
NASDAQ,GARCH,1,c233a1992db9852e,p=1 q=1,"{""p"": 1, ""q"": 1}",level,2022-03-31,2022-04-01,14220.51953125,14261.5,14261.5,14211.341525275498,14261.5,14211.341525275498,0.0076119578443467,-50.1584747245015,-0.35170546383270695,0.35170546383270695,fit_period,model_fit_period
NASDAQ,GARCH,1,c233a1992db9852e,p=1 q=1,"{""p"": 1, ""q"": 1}",level,2022-04-01,2022-04-04,14261.5,14532.5498046875,14532.5498046875,14243.961228782366,14532.5498046875,14243.961228782366,0.0076119578443467,-288.58857590513435,-1.9858082702875004,1.9858082702875004,fit_period,model_fit_period
NASDAQ,GARCH,1,c233a1992db9852e,p=1 q=1,"{""p"": 1, ""q"": 1}",level,2022-04-04,2022-04-05,14532.5498046875,14204.169921875,14204.169921875,14507.68963022125,14204.169921875,14507.68963022125,0.0076119578443467,303.5197083462499,2.136835239339239,2.136835239339239,fit_period,model_fit_period
NASDAQ,GARCH,1,c233a1992db9852e,p=1 q=1,"{""p"": 1, ""q"": 1}",level,2022-04-05,2022-04-06,14204.169921875,13888.8203125,13888.8203125,14198.385155452574,13888.8203125,14198.385155452574,0.0076119578443467,309.5648429525736,2.2288778743430346,2.2288778743430346,fit_period,model_fit_period
NASDAQ,GARCH,1,c233a1992db9852e,p=1 q=1,"{""p"": 1, ""q"": 1}",level,2022-04-06,2022-04-07,13888.8203125,13897.2998046875,13897.2998046875,13882.620888966112,13897.2998046875,13882.620888966112,0.0076119578443467,-14.678915721387966,-0.10562422864646577,0.10562422864646577,fit_period,model_fit_period
NASDAQ,GARCH,1,c233a1992db9852e,p=1 q=1,"{""p"": 1, ""q"": 1}",level,2022-04-07,2022-04-08,13897.2998046875,13711.0,13711.0,13880.795298876938,13711.0,13880.795298876938,0.0076119578443467,169.79529887693752,1.238387417963223,1.238387417963223,fit_period,model_fit_period
NASDAQ,GARCH,1,c233a1992db9852e,p=1 q=1,"{""p"": 1, ""q"": 1}",level,2022-04-08,2022-04-11,13711.0,13411.9599609375,13411.9599609375,13700.693876825231,13411.9599609375,13700.693876825231,0.0076119578443467,288.7339158877312,2.1528092592631674,2.1528092592631674,fit_period,model_fit_period
NASDAQ,GARCH,1,c233a1992db9852e,p=1 q=1,"{""p"": 1, ""q"": 1}",level,2022-04-11,2022-04-12,13411.9599609375,13371.5703125,13371.5703125,13405.241524556535,13371.5703125,13405.241524556535,0.0076119578443467,33.671212056535296,0.25181195080026464,0.25181195080026464,fit_period,model_fit_period
NASDAQ,GARCH,1,c233a1992db9852e,p=1 q=1,"{""p"": 1, ""q"": 1}",level,2022-04-12,2022-04-13,13371.5703125,13643.58984375,13643.58984375,13356.620949548746,13643.58984375,13356.620949548746,0.0076119578443467,-286.96889420125444,-2.1033239600991975,2.1033239600991975,fit_period,model_fit_period
NASDAQ,GARCH,1,c233a1992db9852e,p=1 q=1,"{""p"": 1, ""q"": 1}",level,2022-04-13,2022-04-14,13643.58984375,13351.080078125,13351.080078125,13618.698810068308,13351.080078125,13618.698810068308,0.0076119578443467,267.6187319433084,2.004472524899216,2.004472524899216,fit_period,model_fit_period
NASDAQ,GARCH,1,c233a1992db9852e,p=1 q=1,"{""p"": 1, ""q"": 1}",level,2022-04-14,2022-04-18,13351.080078125,13332.3603515625,13332.3603515625,13344.15383149864,13332.3603515625,13344.15383149864,0.0076119578443467,11.793479936139192,0.0884575545901521,0.0884575545901521,fit_period,model_fit_period
NASDAQ,GARCH,1,c233a1992db9852e,p=1 q=1,"{""p"": 1, ""q"": 1}",level,2022-04-18,2022-04-19,13332.3603515625,13619.66015625,13619.66015625,13316.721395468525,13619.66015625,13316.721395468525,0.0076119578443467,-302.93876078147514,-2.224275476084166,2.224275476084166,fit_period,model_fit_period
NASDAQ,GARCH,1,c233a1992db9852e,p=1 q=1,"{""p"": 1, ""q"": 1}",level,2022-04-19,2022-04-20,13619.66015625,13453.0703125,13453.0703125,13594.282864618592,13453.0703125,13594.282864618592,0.0076119578443467,141.2125521185917,1.0496678366973464,1.0496678366973464,fit_period,model_fit_period
NASDAQ,GARCH,1,c233a1992db9852e,p=1 q=1,"{""p"": 1, ""q"": 1}",level,2022-04-20,2022-04-21,13453.0703125,13174.650390625,13174.650390625,13442.136967225208,13174.650390625,13442.136967225208,0.0076119578443467,267.4865766002076,2.0303125219212603,2.0303125219212603,fit_period,model_fit_period
NASDAQ,GARCH,1,c233a1992db9852e,p=1 q=1,"{""p"": 1, ""q"": 1}",level,2022-04-21,2022-04-22,13174.650390625,12839.2900390625,12839.2900390625,13167.275768610483,12839.2900390625,13167.275768610483,0.0076119578443467,327.9857295479833,2.5545472417097304,2.5545472417097304,fit_period,model_fit_period
NASDAQ,GARCH,1,c233a1992db9852e,p=1 q=1,"{""p"": 1, ""q"": 1}",level,2022-04-22,2022-04-25,12839.2900390625,13004.849609375,13004.849609375,12833.727409268471,13004.849609375,12833.727409268471,0.0076119578443467,-171.1222001065289,-1.3158337485361575,1.3158337485361575,fit_period,model_fit_period
NASDAQ,GARCH,1,c233a1992db9852e,p=1 q=1,"{""p"": 1, ""q"": 1}",level,2022-04-25,2022-04-26,13004.849609375,12490.740234375,12490.740234375,12983.346407890407,12490.740234375,12983.346407890407,0.0076119578443467,492.60617351540714,3.9437708596303676,3.9437708596303676,fit_period,model_fit_period
NASDAQ,GARCH,1,c233a1992db9852e,p=1 q=1,"{""p"": 1, ""q"": 1}",level,2022-04-26,2022-04-27,12490.740234375,12488.9296875,12488.9296875,12490.865862320969,12488.9296875,12490.865862320969,0.0076119578443467,1.9361748209685175,0.015503128525948933,0.015503128525948933,fit_period,model_fit_period
NASDAQ,GARCH,1,c233a1992db9852e,p=1 q=1,"{""p"": 1, ""q"": 1}",level,2022-04-27,2022-04-28,12488.9296875,12871.5302734375,12871.5302734375,12472.752637432784,12871.5302734375,12472.752637432784,0.0076119578443467,-398.77763600471553,-3.098136954451004,3.098136954451004,fit_period,model_fit_period
NASDAQ,GARCH,1,c233a1992db9852e,p=1 q=1,"{""p"": 1, ""q"": 1}",level,2022-04-28,2022-04-29,12871.5302734375,12334.6396484375,12334.6396484375,12843.12026366225,12334.6396484375,12843.12026366225,0.0076119578443467,508.4806152247493,4.122379167267861,4.122379167267861,fit_period,model_fit_period
NASDAQ,GARCH,1,c233a1992db9852e,p=1 q=1,"{""p"": 1, ""q"": 1}",level,2022-04-29,2022-05-02,12334.6396484375,12536.01953125,12536.01953125,12335.490234870778,12536.01953125,12335.490234870778,0.0076119578443467,-200.5292963792217,-1.5996249517587213,1.5996249517587213,fit_period,model_fit_period
NASDAQ,GARCH,1,c233a1992db9852e,p=1 q=1,"{""p"": 1, ""q"": 1}",level,2022-05-02,2022-05-03,12536.01953125,12563.759765625,12563.759765625,12513.376434475864,12563.759765625,12513.376434475864,0.0076119578443467,-50.38333114913621,-0.40102112814181007,0.40102112814181007,fit_period,model_fit_period
NASDAQ,GARCH,1,c233a1992db9852e,p=1 q=1,"{""p"": 1, ""q"": 1}",level,2022-05-03,2022-05-04,12563.759765625,12964.8603515625,12964.8603515625,12546.642333020662,12964.8603515625,12546.642333020662,0.0076119578443467,-418.2180185418383,-3.225781128382424,3.225781128382424,fit_period,model_fit_period
NASDAQ,GARCH,1,c233a1992db9852e,p=1 q=1,"{""p"": 1, ""q"": 1}",level,2022-05-04,2022-05-05,12964.8603515625,12317.6904296875,12317.6904296875,12935.861623783838,12317.6904296875,12935.861623783838,0.0076119578443467,618.1711940963378,5.018564134445623,5.018564134445623,fit_period,model_fit_period
NASDAQ,GARCH,1,c233a1992db9852e,p=1 q=1,"{""p"": 1, ""q"": 1}",level,2022-05-05,2022-05-06,12317.6904296875,12144.66015625,12144.66015625,12322.050389497745,12144.66015625,12322.050389497745,0.0076119578443467,177.39023324774462,1.4606438629446077,1.4606438629446077,fit_period,model_fit_period
NASDAQ,GARCH,1,c233a1992db9852e,p=1 q=1,"{""p"": 1, ""q"": 1}",level,2022-05-06,2022-05-09,12144.66015625,11623.25,11623.25,12133.931762159356,11623.25,12133.931762159356,0.0076119578443467,510.68176215935637,4.393622800502066,4.393622800502066,fit_period,model_fit_period
NASDAQ,GARCH,1,c233a1992db9852e,p=1 q=1,"{""p"": 1, ""q"": 1}",level,2022-05-09,2022-05-10,11623.25,11737.669921875,11737.669921875,11623.607957749256,11737.669921875,11623.607957749256,0.0076119578443467,-114.06196412574354,-0.9717598542549836,0.9717598542549836,fit_period,model_fit_period
NASDAQ,GARCH,1,c233a1992db9852e,p=1 q=1,"{""p"": 1, ""q"": 1}",level,2022-05-10,2022-05-11,11737.669921875,11364.240234375,11364.240234375,11717.794116699775,11364.240234375,11717.794116699775,0.0076119578443467,353.55388232477526,3.1111088381899177,3.1111088381899177,fit_period,model_fit_period
NASDAQ,GARCH,1,c233a1992db9852e,p=1 q=1,"{""p"": 1, ""q"": 1}",level,2022-05-11,2022-05-12,11364.240234375,11370.9599609375,11370.9599609375,11359.889069632018,11370.9599609375,11359.889069632018,0.0076119578443467,-11.070891305482292,-0.09736109654342263,0.09736109654342263,fit_period,model_fit_period
NASDAQ,GARCH,1,c233a1992db9852e,p=1 q=1,"{""p"": 1, ""q"": 1}",level,2022-05-12,2022-05-13,11370.9599609375,11805.0,11805.0,11354.511455435328,11805.0,11354.511455435328,0.0076119578443467,-450.48854456467234,-3.816082546079393,3.816082546079393,fit_period,model_fit_period
NASDAQ,GARCH,1,c233a1992db9852e,p=1 q=1,"{""p"": 1, ""q"": 1}",level,2022-05-13,2022-05-16,11805.0,11662.7900390625,11662.7900390625,11774.9530533523,11662.7900390625,11774.9530533523,0.0076119578443467,112.16301428979932,0.9617168268838647,0.9617168268838647,fit_period,model_fit_period
NASDAQ,GARCH,1,c233a1992db9852e,p=1 q=1,"{""p"": 1, ""q"": 1}",level,2022-05-16,2022-05-17,11662.7900390625,11984.51953125,11984.51953125,11651.080862656205,11984.51953125,11651.080862656205,0.0076119578443467,-333.4386685937952,-2.782244776057511,2.782244776057511,fit_period,model_fit_period
NASDAQ,GARCH,1,c233a1992db9852e,p=1 q=1,"{""p"": 1, ""q"": 1}",level,2022-05-17,2022-05-18,11984.51953125,11418.150390625,11418.150390625,11958.04659762491,11418.150390625,11958.04659762491,0.0076119578443467,539.8962069999106,4.728403362450003,4.728403362450003,fit_period,model_fit_period
NASDAQ,GARCH,1,c233a1992db9852e,p=1 q=1,"{""p"": 1, ""q"": 1}",level,2022-05-18,2022-05-19,11418.150390625,11388.5,11388.5,11419.939059915698,11388.5,11419.939059915698,0.0076119578443467,31.439059915697726,0.27605970861568885,0.27605970861568885,fit_period,model_fit_period
NASDAQ,GARCH,1,c233a1992db9852e,p=1 q=1,"{""p"": 1, ""q"": 1}",level,2022-05-19,2022-05-20,11388.5,11354.6201171875,11354.6201171875,11373.20888599915,11354.6201171875,11373.20888599915,0.0076119578443467,18.58876881165088,0.16371105875671738,0.16371105875671738,fit_period,model_fit_period
NASDAQ,GARCH,1,c233a1992db9852e,p=1 q=1,"{""p"": 1, ""q"": 1}",level,2022-05-20,2022-05-23,11354.6201171875,11535.26953125,11535.26953125,11339.463596602654,11535.26953125,11339.463596602654,0.0076119578443467,-195.80593464734557,-1.697454351776446,1.697454351776446,fit_period,model_fit_period
NASDAQ,GARCH,1,c233a1992db9852e,p=1 q=1,"{""p"": 1, ""q"": 1}",level,2022-05-23,2022-05-24,11535.26953125,11264.4501953125,11264.4501953125,11513.286131782474,11264.4501953125,11513.286131782474,0.0076119578443467,248.8359364699736,2.2090375664630506,2.2090375664630506,fit_period,model_fit_period
NASDAQ,GARCH,1,c233a1992db9852e,p=1 q=1,"{""p"": 1, ""q"": 1}",level,2022-05-24,2022-05-25,11264.4501953125,11434.740234375,11434.740234375,11256.833702931612,11434.740234375,11256.833702931612,0.0076119578443467,-177.9065314433883,-1.5558423523130633,1.5558423523130633,fit_period,model_fit_period
NASDAQ,GARCH,1,c233a1992db9852e,p=1 q=1,"{""p"": 1, ""q"": 1}",level,2022-05-25,2022-05-26,11434.740234375,11740.650390625,11740.650390625,11413.086497100265,11740.650390625,11413.086497100265,0.0076119578443467,-327.56389352473525,-2.7899978504282656,2.7899978504282656,fit_period,model_fit_period
NASDAQ,GARCH,1,c233a1992db9852e,p=1 q=1,"{""p"": 1, ""q"": 1}",level,2022-05-26,2022-05-27,11740.650390625,12131.1298828125,12131.1298828125,11714.680869317122,12131.1298828125,11714.680869317122,0.0076119578443467,-416.4490134953776,-3.432895513594381,3.432895513594381,fit_period,model_fit_period
NASDAQ,GARCH,1,c233a1992db9852e,p=1 q=1,"{""p"": 1, ""q"": 1}",level,2022-05-27,2022-05-31,12131.1298828125,12081.3896484375,12081.3896484375,12102.469145796354,12081.3896484375,12102.469145796354,0.0076119578443467,21.079497358854496,0.1744790787505205,0.1744790787505205,fit_period,model_fit_period
NASDAQ,GARCH,1,c233a1992db9852e,p=1 q=1,"{""p"": 1, ""q"": 1}",level,2022-05-31,2022-06-01,12081.3896484375,11994.4599609375,11994.4599609375,12066.73784539348,11994.4599609375,12066.73784539348,0.0076119578443467,72.2778844559798,0.6025939032800813,0.6025939032800813,fit_period,model_fit_period
NASDAQ,GARCH,1,c233a1992db9852e,p=1 q=1,"{""p"": 1, ""q"": 1}",level,2022-06-01,2022-06-02,11994.4599609375,12316.900390625,12316.900390625,11980.99162279033,12316.900390625,11980.99162279033,0.0076119578443467,-335.90876783466956,-2.727218351869974,2.727218351869974,fit_period,model_fit_period
NASDAQ,GARCH,1,c233a1992db9852e,p=1 q=1,"{""p"": 1, ""q"": 1}",level,2022-06-02,2022-06-03,12316.900390625,12012.73046875,12012.73046875,12290.404833123936,12012.73046875,12290.404833123936,0.0076119578443467,277.67436437393553,2.3115008290270023,2.3115008290270023,fit_period,model_fit_period
NASDAQ,GARCH,1,c233a1992db9852e,p=1 q=1,"{""p"": 1, ""q"": 1}",level,2022-06-03,2022-06-06,12012.73046875,12061.3701171875,12061.3701171875,12006.175278551043,12061.3701171875,12006.175278551043,0.0076119578443467,-55.19483863645655,-0.4576166563183704,0.4576166563183704,fit_period,model_fit_period
NASDAQ,GARCH,1,c233a1992db9852e,p=1 q=1,"{""p"": 1, ""q"": 1}",level,2022-06-06,2022-06-07,12061.3701171875,12175.23046875,12175.23046875,12043.587610998333,12175.23046875,12043.587610998333,0.0076119578443467,-131.64285775166718,-1.0812350377231308,1.0812350377231308,fit_period,model_fit_period
NASDAQ,GARCH,1,c233a1992db9852e,p=1 q=1,"{""p"": 1, ""q"": 1}",level,2022-06-07,2022-06-08,12175.23046875,12086.26953125,12086.26953125,12155.372470554084,12086.26953125,12155.372470554084,0.0076119578443467,69.10293930408443,0.571747462071844,0.571747462071844,fit_period,model_fit_period
NASDAQ,GARCH,1,c233a1992db9852e,p=1 q=1,"{""p"": 1, ""q"": 1}",level,2022-06-08,2022-06-09,12086.26953125,11754.23046875,11754.23046875,12072.865832748475,11754.23046875,12072.865832748475,0.0076119578443467,318.63536399847544,2.7108143305987142,2.7108143305987142,fit_period,model_fit_period
NASDAQ,GARCH,1,c233a1992db9852e,p=1 q=1,"{""p"": 1, ""q"": 1}",level,2022-06-09,2022-06-10,11754.23046875,11340.01953125,11340.01953125,11748.562146919992,11340.01953125,11748.562146919992,0.0076119578443467,408.5426156699923,3.60266236353615,3.60266236353615,fit_period,model_fit_period
NASDAQ,GARCH,1,c233a1992db9852e,p=1 q=1,"{""p"": 1, ""q"": 1}",level,2022-06-10,2022-06-13,11340.01953125,10809.23046875,10809.23046875,11336.966131700348,10809.23046875,11336.966131700348,0.0076119578443467,527.7356629503483,4.882268580321766,4.882268580321766,fit_period,model_fit_period
NASDAQ,GARCH,1,c233a1992db9852e,p=1 q=1,"{""p"": 1, ""q"": 1}",level,2022-06-13,2022-06-14,10809.23046875,10828.349609375,10828.349609375,10809.88688763232,10828.349609375,10809.88688763232,0.0076119578443467,-18.462721742680515,-0.17050356156487417,0.17050356156487417,fit_period,model_fit_period
NASDAQ,GARCH,1,c233a1992db9852e,p=1 q=1,"{""p"": 1, ""q"": 1}",level,2022-06-14,2022-06-15,10828.349609375,11099.150390625,11099.150390625,10811.50652234362,11099.150390625,10811.50652234362,0.0076119578443467,-287.6438682813805,-2.5915845642053967,2.5915845642053967,fit_period,model_fit_period
NASDAQ,GARCH,1,c233a1992db9852e,p=1 q=1,"{""p"": 1, ""q"": 1}",level,2022-06-15,2022-06-16,11099.150390625,10646.099609375,10646.099609375,11074.298140730692,10646.099609375,11074.298140730692,0.0076119578443467,428.19853135569247,4.0221165221732385,4.0221165221732385,fit_period,model_fit_period
NASDAQ,GARCH,1,c233a1992db9852e,p=1 q=1,"{""p"": 1, ""q"": 1}",level,2022-06-16,2022-06-17,10646.099609375,10798.349609375,10798.349609375,10644.282194434283,10798.349609375,10644.282194434283,0.0076119578443467,-154.06741494071684,-1.4267681684148967,1.4267681684148967,fit_period,model_fit_period
NASDAQ,GARCH,1,c233a1992db9852e,p=1 q=1,"{""p"": 1, ""q"": 1}",level,2022-06-17,2022-06-21,10798.349609375,11069.2998046875,11069.2998046875,10777.269952953147,11069.2998046875,10777.269952953147,0.0076119578443467,-292.02985173435263,-2.6381962444515885,2.6381962444515885,fit_period,model_fit_period
NASDAQ,GARCH,1,c233a1992db9852e,p=1 q=1,"{""p"": 1, ""q"": 1}",level,2022-06-21,2022-06-22,11069.2998046875,11053.080078125,11053.080078125,11044.442800050028,11053.080078125,11044.442800050028,0.0076119578443467,-8.637278074971618,-0.07814363067961064,0.07814363067961064,fit_period,model_fit_period
NASDAQ,GARCH,1,c233a1992db9852e,p=1 q=1,"{""p"": 1, ""q"": 1}",level,2022-06-22,2022-06-23,11053.080078125,11232.1904296875,11232.1904296875,11037.361565544075,11232.1904296875,11037.361565544075,0.0076119578443467,-194.82886414342465,-1.734558057602707,1.734558057602707,fit_period,model_fit_period
NASDAQ,GARCH,1,c233a1992db9852e,p=1 q=1,"{""p"": 1, ""q"": 1}",level,2022-06-23,2022-06-24,11232.1904296875,11607.6201171875,11607.6201171875,11210.256007182252,11607.6201171875,11210.256007182252,0.0076119578443467,-397.3641100052482,-3.423303881360382,3.423303881360382,fit_period,model_fit_period
NASDAQ,GARCH,1,c233a1992db9852e,p=1 q=1,"{""p"": 1, ""q"": 1}",level,2022-06-24,2022-06-27,11607.6201171875,11524.5498046875,11524.5498046875,11579.438304007428,11524.5498046875,11579.438304007428,0.0076119578443467,54.88849931992809,0.47627456386715183,0.47627456386715183,fit_period,model_fit_period
NASDAQ,GARCH,1,c233a1992db9852e,p=1 q=1,"{""p"": 1, ""q"": 1}",level,2022-06-27,2022-06-28,11524.5498046875,11181.5400390625,11181.5400390625,11510.958651213605,11181.5400390625,11510.958651213605,0.0076119578443467,329.41861215110475,2.9460933914316545,2.9460933914316545,fit_period,model_fit_period
NASDAQ,GARCH,1,c233a1992db9852e,p=1 q=1,"{""p"": 1, ""q"": 1}",level,2022-06-28,2022-06-29,11181.5400390625,11177.8896484375,11177.8896484375,11176.22083347248,11177.8896484375,11176.22083347248,0.0076119578443467,-1.6688149650199193,-0.014929606728164421,0.014929606728164421,fit_period,model_fit_period
NASDAQ,GARCH,1,c233a1992db9852e,p=1 q=1,"{""p"": 1, ""q"": 1}",level,2022-06-29,2022-06-30,11177.8896484375,11028.740234375,11028.740234375,11161.771146972396,11028.740234375,11161.771146972396,0.0076119578443467,133.0309125973963,1.2062203821136166,1.2062203821136166,fit_period,model_fit_period
NASDAQ,GARCH,1,c233a1992db9852e,p=1 q=1,"{""p"": 1, ""q"": 1}",level,2022-06-30,2022-07-01,11028.740234375,11127.849609375,11127.849609375,11017.25188937349,11127.849609375,11017.25188937349,0.0076119578443467,-110.59772000150951,-0.9938822313731941,0.9938822313731941,fit_period,model_fit_period
NASDAQ,GARCH,1,c233a1992db9852e,p=1 q=1,"{""p"": 1, ""q"": 1}",level,2022-07-01,2022-07-05,11127.849609375,11322.240234375,11322.240234375,11108.461025528824,11322.240234375,11108.461025528824,0.0076119578443467,-213.7792088461756,-1.888135249039577,1.888135249039577,fit_period,model_fit_period
NASDAQ,GARCH,1,c233a1992db9852e,p=1 q=1,"{""p"": 1, ""q"": 1}",level,2022-07-05,2022-07-06,11322.240234375,11361.849609375,11361.849609375,11299.819553920035,11361.849609375,11299.819553920035,0.0076119578443467,-62.030055454964895,-0.5459503301626353,0.5459503301626353,fit_period,model_fit_period
NASDAQ,GARCH,1,c233a1992db9852e,p=1 q=1,"{""p"": 1, ""q"": 1}",level,2022-07-06,2022-07-07,11361.849609375,11621.349609375,11621.349609375,11344.354469918177,11621.349609375,11344.354469918177,0.0076119578443467,-276.9951394568234,-2.38350233636694,2.38350233636694,fit_period,model_fit_period
NASDAQ,GARCH,1,c233a1992db9852e,p=1 q=1,"{""p"": 1, ""q"": 1}",level,2022-07-07,2022-07-08,11621.349609375,11635.3095703125,11635.3095703125,11596.856979663098,11635.3095703125,11596.856979663098,0.0076119578443467,-38.45259064940183,-0.33048188719889016,0.33048188719889016,fit_period,model_fit_period
NASDAQ,GARCH,1,c233a1992db9852e,p=1 q=1,"{""p"": 1, ""q"": 1}",level,2022-07-08,2022-07-11,11635.3095703125,11372.599609375,11372.599609375,11618.630661765706,11372.599609375,11618.630661765706,0.0076119578443467,246.03105239070646,2.1633668716156227,2.1633668716156227,fit_period,model_fit_period
NASDAQ,GARCH,1,c233a1992db9852e,p=1 q=1,"{""p"": 1, ""q"": 1}",level,2022-07-11,2022-07-12,11372.599609375,11264.73046875,11264.73046875,11364.725055639576,11264.73046875,11364.725055639576,0.0076119578443467,99.99458688957566,0.8876784683572783,0.8876784683572783,fit_period,model_fit_period
NASDAQ,GARCH,1,c233a1992db9852e,p=1 q=1,"{""p"": 1, ""q"": 1}",level,2022-07-12,2022-07-13,11264.73046875,11247.580078125,11247.580078125,11251.92847833452,11247.580078125,11251.92847833452,0.0076119578443467,4.348400209519241,0.038660762397916,0.038660762397916,fit_period,model_fit_period
NASDAQ,GARCH,1,c233a1992db9852e,p=1 q=1,"{""p"": 1, ""q"": 1}",level,2022-07-13,2022-07-14,11247.580078125,11251.1904296875,11251.1904296875,11231.891181689412,11251.1904296875,11231.891181689412,0.0076119578443467,-19.299247998087594,-0.1715307204041664,0.1715307204041664,fit_period,model_fit_period
NASDAQ,GARCH,1,c233a1992db9852e,p=1 q=1,"{""p"": 1, ""q"": 1}",level,2022-07-14,2022-07-15,11251.1904296875,11452.419921875,11452.419921875,11234.840872565968,11452.419921875,11234.840872565968,0.0076119578443467,-217.5790493090317,-1.8998521779090463,1.8998521779090463,fit_period,model_fit_period
NASDAQ,GARCH,1,c233a1992db9852e,p=1 q=1,"{""p"": 1, ""q"": 1}",level,2022-07-15,2022-07-18,11452.419921875,11360.0498046875,11360.0498046875,11429.781610920782,11360.0498046875,11429.781610920782,0.0076119578443467,69.73180623328153,0.6138336312971804,0.6138336312971804,fit_period,model_fit_period
NASDAQ,GARCH,1,c233a1992db9852e,p=1 q=1,"{""p"": 1, ""q"": 1}",level,2022-07-18,2022-07-19,11360.0498046875,11713.150390625,11713.150390625,11346.7545951297,11713.150390625,11346.7545951297,0.0076119578443467,-366.39579549530026,-3.1280721520365438,3.1280721520365438,fit_period,model_fit_period
NASDAQ,GARCH,1,c233a1992db9852e,p=1 q=1,"{""p"": 1, ""q"": 1}",level,2022-07-19,2022-07-20,11713.150390625,11897.650390625,11897.650390625,11685.679147395733,11897.650390625,11685.679147395733,0.0076119578443467,-211.9712432292672,-1.7816227260829107,1.7816227260829107,fit_period,model_fit_period
NASDAQ,GARCH,1,c233a1992db9852e,p=1 q=1,"{""p"": 1, ""q"": 1}",level,2022-07-20,2022-07-21,11897.650390625,12059.6103515625,12059.6103515625,11875.544455521524,12059.6103515625,11875.544455521524,0.0076119578443467,-184.06589604097644,-1.5263005244371597,1.5263005244371597,fit_period,model_fit_period
NASDAQ,GARCH,1,c233a1992db9852e,p=1 q=1,"{""p"": 1, ""q"": 1}",level,2022-07-21,2022-07-22,12059.6103515625,11834.1103515625,11834.1103515625,12038.221698988413,11834.1103515625,12038.221698988413,0.0076119578443467,204.11134742591275,1.7247713715882598,1.7247713715882598,fit_period,model_fit_period
NASDAQ,GARCH,1,c233a1992db9852e,p=1 q=1,"{""p"": 1, ""q"": 1}",level,2022-07-22,2022-07-25,11834.1103515625,11782.669921875,11782.669921875,11825.051680318418,11782.669921875,11825.051680318418,0.0076119578443467,42.38175844341822,0.35969571179054066,0.35969571179054066,fit_period,model_fit_period
NASDAQ,GARCH,1,c233a1992db9852e,p=1 q=1,"{""p"": 1, ""q"": 1}",level,2022-07-25,2022-07-26,11782.669921875,11562.5703125,11562.5703125,11768.072223457457,11562.5703125,11768.072223457457,0.0076119578443467,205.50191095745686,1.7773030165731747,1.7773030165731747,fit_period,model_fit_period
NASDAQ,GARCH,1,c233a1992db9852e,p=1 q=1,"{""p"": 1, ""q"": 1}",level,2022-07-26,2022-07-27,11562.5703125,12032.419921875,12032.419921875,11553.33978681341,12032.419921875,11553.33978681341,0.0076119578443467,-479.0801350615893,-3.981577589314509,3.981577589314509,fit_period,model_fit_period
NASDAQ,GARCH,1,c233a1992db9852e,p=1 q=1,"{""p"": 1, ""q"": 1}",level,2022-07-27,2022-07-28,12032.419921875,12162.58984375,12162.58984375,12001.233421782032,12162.58984375,12001.233421782032,0.0076119578443467,-161.35642196796834,-1.3266617064365178,1.3266617064365178,fit_period,model_fit_period
NASDAQ,GARCH,1,c233a1992db9852e,p=1 q=1,"{""p"": 1, ""q"": 1}",level,2022-07-28,2022-07-29,12162.58984375,12390.6904296875,12390.6904296875,12142.212832707008,12390.6904296875,12142.212832707008,0.0076119578443467,-248.4775969804923,-2.0053571541514095,2.0053571541514095,fit_period,model_fit_period
NASDAQ,GARCH,1,c233a1992db9852e,p=1 q=1,"{""p"": 1, ""q"": 1}",level,2022-07-29,2022-08-01,12390.6904296875,12368.98046875,12368.98046875,12367.197010805608,12368.98046875,12367.197010805608,0.0076119578443467,-1.7834579443915572,-0.014418795056693886,0.014418795056693886,fit_period,model_fit_period
NASDAQ,GARCH,1,c233a1992db9852e,p=1 q=1,"{""p"": 1, ""q"": 1}",level,2022-08-01,2022-08-02,12368.98046875,12348.759765625,12348.759765625,12353.436669672834,12348.759765625,12353.436669672834,0.0076119578443467,4.676904047833887,0.037873471802835554,0.037873471802835554,fit_period,model_fit_period
NASDAQ,GARCH,1,c233a1992db9852e,p=1 q=1,"{""p"": 1, ""q"": 1}",level,2022-08-02,2022-08-03,12348.759765625,12668.16015625,12668.16015625,12333.168574499943,12668.16015625,12333.168574499943,0.0076119578443467,-334.99158175005687,-2.6443585936572207,2.6443585936572207,fit_period,model_fit_period
NASDAQ,GARCH,1,c233a1992db9852e,p=1 q=1,"{""p"": 1, ""q"": 1}",level,2022-08-03,2022-08-04,12668.16015625,12720.580078125,12720.580078125,12641.761340680134,12720.580078125,12641.761340680134,0.0076119578443467,-78.8187374448662,-0.6196159055702749,0.6196159055702749,fit_period,model_fit_period
NASDAQ,GARCH,1,c233a1992db9852e,p=1 q=1,"{""p"": 1, ""q"": 1}",level,2022-08-04,2022-08-05,12720.580078125,12657.5498046875,12657.5498046875,12702.677273826075,12657.5498046875,12702.677273826075,0.0076119578443467,45.12746913857518,0.35652610366868176,0.35652610366868176,fit_period,model_fit_period
NASDAQ,GARCH,1,c233a1992db9852e,p=1 q=1,"{""p"": 1, ""q"": 1}",level,2022-08-05,2022-08-08,12657.5498046875,12644.4599609375,12644.4599609375,12643.320925171163,12644.4599609375,12643.320925171163,0.0076119578443467,-1.1390357663367467,-0.009008180419373917,0.009008180419373917,fit_period,model_fit_period
NASDAQ,GARCH,1,c233a1992db9852e,p=1 q=1,"{""p"": 1, ""q"": 1}",level,2022-08-08,2022-08-09,12644.4599609375,12493.9296875,12493.9296875,12628.641847364128,12493.9296875,12628.641847364128,0.0076119578443467,134.7121598641279,1.0782208899326968,1.0782208899326968,fit_period,model_fit_period
NASDAQ,GARCH,1,c233a1992db9852e,p=1 q=1,"{""p"": 1, ""q"": 1}",level,2022-08-09,2022-08-10,12493.9296875,12854.7998046875,12854.7998046875,12482.485285026827,12854.7998046875,12482.485285026827,0.0076119578443467,-372.3145196606729,-2.8963074129315376,2.8963074129315376,fit_period,model_fit_period
NASDAQ,GARCH,1,c233a1992db9852e,p=1 q=1,"{""p"": 1, ""q"": 1}",level,2022-08-10,2022-08-11,12854.7998046875,12779.91015625,12779.91015625,12827.08131481364,12779.91015625,12827.08131481364,0.0076119578443467,47.17115856364035,0.36910399202275573,0.36910399202275573,fit_period,model_fit_period
NASDAQ,GARCH,1,c233a1992db9852e,p=1 q=1,"{""p"": 1, ""q"": 1}",level,2022-08-11,2022-08-12,12779.91015625,13047.1904296875,13047.1904296875,12766.05867281862,13047.1904296875,12766.05867281862,0.0076119578443467,-281.13175686887917,-2.1547302339451844,2.1547302339451844,fit_period,model_fit_period
NASDAQ,GARCH,1,c233a1992db9852e,p=1 q=1,"{""p"": 1, ""q"": 1}",level,2022-08-12,2022-08-15,13047.1904296875,13128.0498046875,13128.0498046875,13022.450211486726,13128.0498046875,13022.450211486726,0.0076119578443467,-105.5995932007736,-0.8043814181986743,0.8043814181986743,fit_period,model_fit_period
NASDAQ,GARCH,1,c233a1992db9852e,p=1 q=1,"{""p"": 1, ""q"": 1}",level,2022-08-15,2022-08-16,13128.0498046875,13102.5498046875,13102.5498046875,13109.24198319604,13102.5498046875,13109.24198319604,0.0076119578443467,6.692178508539655,0.05107539073154674,0.05107539073154674,fit_period,model_fit_period
NASDAQ,GARCH,1,c233a1992db9852e,p=1 q=1,"{""p"": 1, ""q"": 1}",level,2022-08-16,2022-08-17,13102.5498046875,12938.1201171875,12938.1201171875,13087.126614487615,12938.1201171875,13087.126614487615,0.0076119578443467,149.00649730011537,1.1516858396002165,1.1516858396002165,fit_period,model_fit_period
NASDAQ,GARCH,1,c233a1992db9852e,p=1 q=1,"{""p"": 1, ""q"": 1}",level,2022-08-17,2022-08-18,12938.1201171875,12965.33984375,12965.33984375,12927.118030135704,12965.33984375,12927.118030135704,0.0076119578443467,-38.22181361429648,-0.294799936406769,0.294799936406769,fit_period,model_fit_period
NASDAQ,GARCH,1,c233a1992db9852e,p=1 q=1,"{""p"": 1, ""q"": 1}",level,2022-08-18,2022-08-19,12965.33984375,12705.2197265625,12705.2197265625,12948.238975054855,12705.2197265625,12948.238975054855,0.0076119578443467,243.01924849235547,1.9127512449413284,1.9127512449413284,fit_period,model_fit_period
NASDAQ,GARCH,1,c233a1992db9852e,p=1 q=1,"{""p"": 1, ""q"": 1}",level,2022-08-19,2022-08-22,12705.2197265625,12381.5703125,12381.5703125,12697.26275727888,12381.5703125,12697.26275727888,0.0076119578443467,315.6924447788806,2.5496963374683466,2.5496963374683466,fit_period,model_fit_period
NASDAQ,GARCH,1,c233a1992db9852e,p=1 q=1,"{""p"": 1, ""q"": 1}",level,2022-08-22,2022-08-23,12381.5703125,12381.2998046875,12381.2998046875,12375.635010287428,12381.2998046875,12375.635010287428,0.0076119578443467,-5.664794400072424,-0.04575282473919063,0.04575282473919063,fit_period,model_fit_period
NASDAQ,GARCH,1,c233a1992db9852e,p=1 q=1,"{""p"": 1, ""q"": 1}",level,2022-08-23,2022-08-24,12381.2998046875,12431.5302734375,12431.5302734375,12365.073746581253,12431.5302734375,12365.073746581253,0.0076119578443467,-66.45652685624736,-0.5345804208693864,0.5345804208693864,fit_period,model_fit_period
NASDAQ,GARCH,1,c233a1992db9852e,p=1 q=1,"{""p"": 1, ""q"": 1}",level,2022-08-24,2022-08-25,12431.5302734375,12639.26953125,12639.26953125,12413.69714321816,12639.26953125,12413.69714321816,0.0076119578443467,-225.5723880318401,-1.7846948154252344,1.7846948154252344,fit_period,model_fit_period
NASDAQ,GARCH,1,c233a1992db9852e,p=1 q=1,"{""p"": 1, ""q"": 1}",level,2022-08-25,2022-08-26,12639.26953125,12141.7099609375,12141.7099609375,12616.424062662192,12141.7099609375,12616.424062662192,0.0076119578443467,474.7141017246922,3.9097796212555718,3.9097796212555718,fit_period,model_fit_period
NASDAQ,GARCH,1,c233a1992db9852e,p=1 q=1,"{""p"": 1, ""q"": 1}",level,2022-08-26,2022-08-29,12141.7099609375,12017.669921875,12017.669921875,12141.308931155228,12017.669921875,12141.308931155228,0.0076119578443467,123.63900928022849,1.0288101610710432,1.0288101610710432,fit_period,model_fit_period
NASDAQ,GARCH,1,c233a1992db9852e,p=1 q=1,"{""p"": 1, ""q"": 1}",level,2022-08-29,2022-08-30,12017.669921875,11883.1396484375,11883.1396484375,12005.382531407711,11883.1396484375,12005.382531407711,0.0076119578443467,122.24288297021121,1.028708629089323,1.028708629089323,fit_period,model_fit_period
NASDAQ,GARCH,1,c233a1992db9852e,p=1 q=1,"{""p"": 1, ""q"": 1}",level,2022-08-30,2022-08-31,11883.1396484375,11816.2001953125,11816.2001953125,11871.186084447863,11816.2001953125,11871.186084447863,0.0076119578443467,54.98588913536332,0.46534324255251097,0.46534324255251097,fit_period,model_fit_period
NASDAQ,GARCH,1,c233a1992db9852e,p=1 q=1,"{""p"": 1, ""q"": 1}",level,2022-08-31,2022-09-01,11816.2001953125,11785.1298828125,11785.1298828125,11802.095716037276,11785.1298828125,11802.095716037276,0.0076119578443467,16.96583322477636,0.1439596626721902,0.1439596626721902,fit_period,model_fit_period
NASDAQ,GARCH,1,c233a1992db9852e,p=1 q=1,"{""p"": 1, ""q"": 1}",level,2022-09-01,2022-09-02,11785.1298828125,11630.8603515625,11630.8603515625,11769.883954410096,11630.8603515625,11769.883954410096,0.0076119578443467,139.0236028475956,1.195299390117078,1.195299390117078,fit_period,model_fit_period
NASDAQ,GARCH,1,c233a1992db9852e,p=1 q=1,"{""p"": 1, ""q"": 1}",level,2022-09-02,2022-09-06,11630.8603515625,11544.91015625,11544.91015625,11619.53494197547,11544.91015625,11619.53494197547,0.0076119578443467,74.62478572546934,0.6463868901142567,0.6463868901142567,fit_period,model_fit_period
NASDAQ,GARCH,1,c233a1992db9852e,p=1 q=1,"{""p"": 1, ""q"": 1}",level,2022-09-06,2022-09-07,11544.91015625,11791.900390625,11791.900390625,11531.410648119858,11791.900390625,11531.410648119858,0.0076119578443467,-260.4897425051422,-2.209056503837509,2.209056503837509,fit_period,model_fit_period
NASDAQ,GARCH,1,c233a1992db9852e,p=1 q=1,"{""p"": 1, ""q"": 1}",level,2022-09-07,2022-09-08,11791.900390625,11862.1298828125,11862.1298828125,11767.805854115362,11862.1298828125,11767.805854115362,0.0076119578443467,-94.32402869713769,-0.7951694141690983,0.7951694141690983,fit_period,model_fit_period
NASDAQ,GARCH,1,c233a1992db9852e,p=1 q=1,"{""p"": 1, ""q"": 1}",level,2022-09-08,2022-09-09,11862.1298828125,12112.3095703125,12112.3095703125,11843.660331774332,12112.3095703125,11843.660331774332,0.0076119578443467,-268.649238538168,-2.217985240375893,2.217985240375893,fit_period,model_fit_period
NASDAQ,GARCH,1,c233a1992db9852e,p=1 q=1,"{""p"": 1, ""q"": 1}",level,2022-09-09,2022-09-12,12112.3095703125,12266.41015625,12266.41015625,12088.113537128498,12266.41015625,12088.113537128498,0.0076119578443467,-178.29661912150186,-1.4535354423205544,1.4535354423205544,fit_period,model_fit_period
NASDAQ,GARCH,1,c233a1992db9852e,p=1 q=1,"{""p"": 1, ""q"": 1}",level,2022-09-12,2022-09-13,12266.41015625,11633.5703125,11633.5703125,12245.271609381754,11633.5703125,12245.271609381754,0.0076119578443467,611.7012968817544,5.2580702265107355,5.2580702265107355,fit_period,model_fit_period
NASDAQ,GARCH,1,c233a1992db9852e,p=1 q=1,"{""p"": 1, ""q"": 1}",level,2022-09-13,2022-09-14,11633.5703125,11719.6796875,11719.6796875,11637.474252040922,11719.6796875,11637.474252040922,0.0076119578443467,-82.20543545907822,-0.701430735745765,0.701430735745765,fit_period,model_fit_period
NASDAQ,GARCH,1,c233a1992db9852e,p=1 q=1,"{""p"": 1, ""q"": 1}",level,2022-09-14,2022-09-15,11719.6796875,11552.3603515625,11552.3603515625,11700.704797385952,11552.3603515625,11700.704797385952,0.0076119578443467,148.34444582345168,1.2841050773090499,1.2841050773090499,fit_period,model_fit_period
NASDAQ,GARCH,1,c233a1992db9852e,p=1 q=1,"{""p"": 1, ""q"": 1}",level,2022-09-15,2022-09-16,11552.3603515625,11448.400390625,11448.400390625,11541.450220621984,11448.400390625,11541.450220621984,0.0076119578443467,93.04982999698404,0.8127758186478329,0.8127758186478329,fit_period,model_fit_period
NASDAQ,GARCH,1,c233a1992db9852e,p=1 q=1,"{""p"": 1, ""q"": 1}",level,2022-09-16,2022-09-19,11448.400390625,11535.01953125,11535.01953125,11435.473999968408,11535.01953125,11435.473999968408,0.0076119578443467,-99.54553128159205,-0.8629853726030469,0.8629853726030469,fit_period,model_fit_period
NASDAQ,GARCH,1,c233a1992db9852e,p=1 q=1,"{""p"": 1, ""q"": 1}",level,2022-09-19,2022-09-20,11535.01953125,11425.0498046875,11425.0498046875,11516.028419071035,11425.0498046875,11516.028419071035,0.0076119578443467,90.97861438353539,0.7963082519448488,0.7963082519448488,fit_period,model_fit_period
NASDAQ,GARCH,1,c233a1992db9852e,p=1 q=1,"{""p"": 1, ""q"": 1}",level,2022-09-20,2022-09-21,11425.0498046875,11220.1904296875,11220.1904296875,11412.314660367108,11220.1904296875,11412.314660367108,0.0076119578443467,192.12423067960844,1.7123081099521,1.7123081099521,fit_period,model_fit_period
NASDAQ,GARCH,1,c233a1992db9852e,p=1 q=1,"{""p"": 1, ""q"": 1}",level,2022-09-21,2022-09-22,11220.1904296875,11066.8095703125,11066.8095703125,11210.474920198058,11066.8095703125,11210.474920198058,0.0076119578443467,143.6653498855576,1.298164109292619,1.298164109292619,fit_period,model_fit_period
NASDAQ,GARCH,1,c233a1992db9852e,p=1 q=1,"{""p"": 1, ""q"": 1}",level,2022-09-22,2022-09-23,11066.8095703125,10867.9296875,10867.9296875,11055.4558808805,10867.9296875,11055.4558808805,0.0076119578443467,187.52619338049954,1.7255006130209611,1.7255006130209611,fit_period,model_fit_period
NASDAQ,GARCH,1,c233a1992db9852e,p=1 q=1,"{""p"": 1, ""q"": 1}",level,2022-09-23,2022-09-26,10867.9296875,10802.919921875,10802.919921875,10858.023895053691,10802.919921875,10858.023895053691,0.0076119578443467,55.103973178691376,0.5100840659487856,0.5100840659487856,fit_period,model_fit_period
NASDAQ,GARCH,1,c233a1992db9852e,p=1 q=1,"{""p"": 1, ""q"": 1}",level,2022-09-26,2022-09-27,10802.919921875,10829.5,10829.5,10788.754034936415,10829.5,10788.754034936415,0.0076119578443467,-40.74596506358466,-0.37624973510858917,0.37624973510858917,fit_period,model_fit_period
NASDAQ,GARCH,1,c233a1992db9852e,p=1 q=1,"{""p"": 1, ""q"": 1}",level,2022-09-27,2022-09-28,10829.5,11051.6396484375,11051.6396484375,10812.419486577885,11051.6396484375,10812.419486577885,0.0076119578443467,-239.22016185961547,-2.164567154462341,2.164567154462341,fit_period,model_fit_period
NASDAQ,GARCH,1,c233a1992db9852e,p=1 q=1,"{""p"": 1, ""q"": 1}",level,2022-09-28,2022-09-29,11051.6396484375,10737.509765625,10737.509765625,11028.335922054172,10737.509765625,11028.335922054172,0.0076119578443467,290.82615642917153,2.708506560433786,2.708506560433786,fit_period,model_fit_period
NASDAQ,GARCH,1,c233a1992db9852e,p=1 q=1,"{""p"": 1, ""q"": 1}",level,2022-09-29,2022-09-30,10737.509765625,10575.6201171875,10575.6201171875,10731.271527226972,10575.6201171875,10731.271527226972,0.0076119578443467,155.65141003947247,1.4717946400751267,1.4717946400751267,fit_period,model_fit_period
NASDAQ,GARCH,1,c233a1992db9852e,p=1 q=1,"{""p"": 1, ""q"": 1}",level,2022-09-30,2022-10-03,10575.6201171875,10815.4296875,10815.4296875,10564.537199501894,10815.4296875,10564.537199501894,0.0076119578443467,-250.89248799810593,-2.3197644037025777,2.3197644037025777,fit_period,model_fit_period
NASDAQ,GARCH,1,c233a1992db9852e,p=1 q=1,"{""p"": 1, ""q"": 1}",level,2022-10-03,2022-10-04,10815.4296875,11176.41015625,11176.41015625,10791.563658353069,11176.41015625,10791.563658353069,0.0076119578443467,-384.8464978969314,-3.4433820208514807,3.4433820208514807,fit_period,model_fit_period
NASDAQ,GARCH,1,c233a1992db9852e,p=1 q=1,"{""p"": 1, ""q"": 1}",level,2022-10-04,2022-10-05,11176.41015625,11148.6396484375,11148.6396484375,11148.688154703084,11148.6396484375,11148.688154703084,0.0076119578443467,0.04850626558436488,0.00043508685466538615,0.00043508685466538615,fit_period,model_fit_period
NASDAQ,GARCH,1,c233a1992db9852e,p=1 q=1,"{""p"": 1, ""q"": 1}",level,2022-10-05,2022-10-06,11148.6396484375,11073.3095703125,11073.3095703125,11133.288711687675,11073.3095703125,11133.288711687675,0.0076119578443467,59.97914137517546,0.5416550579962047,0.5416550579962047,fit_period,model_fit_period
NASDAQ,GARCH,1,c233a1992db9852e,p=1 q=1,"{""p"": 1, ""q"": 1}",level,2022-10-06,2022-10-07,11073.3095703125,10652.400390625,10652.400390625,11059.472102496597,10652.400390625,11059.472102496597,0.0076119578443467,407.07171187159656,3.821408292443209,3.821408292443209,fit_period,model_fit_period
NASDAQ,GARCH,1,c233a1992db9852e,p=1 q=1,"{""p"": 1, ""q"": 1}",level,2022-10-07,2022-10-10,10652.400390625,10542.099609375,10542.099609375,10649.560146522212,10542.099609375,10649.560146522212,0.0076119578443467,107.46053714721165,1.0193466304534622,1.0193466304534622,fit_period,model_fit_period
NASDAQ,GARCH,1,c233a1992db9852e,p=1 q=1,"{""p"": 1, ""q"": 1}",level,2022-10-10,2022-10-11,10542.099609375,10426.1904296875,10426.1904296875,10529.375000073778,10426.1904296875,10529.375000073778,0.0076119578443467,103.18457038627821,0.9896670416883122,0.9896670416883122,fit_period,model_fit_period
NASDAQ,GARCH,1,c233a1992db9852e,p=1 q=1,"{""p"": 1, ""q"": 1}",level,2022-10-11,2022-10-12,10426.1904296875,10417.099609375,10417.099609375,10413.644294177117,10417.099609375,10413.644294177117,0.0076119578443467,-3.455315197883465,-0.03316964728621593,0.03316964728621593,fit_period,model_fit_period
NASDAQ,GARCH,1,c233a1992db9852e,p=1 q=1,"{""p"": 1, ""q"": 1}",level,2022-10-12,2022-10-13,10417.099609375,10649.150390625,10649.150390625,10401.154236499266,10649.150390625,10401.154236499266,0.0076119578443467,-247.9961541257344,-2.3287881664631036,2.3287881664631036,fit_period,model_fit_period
NASDAQ,GARCH,1,c233a1992db9852e,p=1 q=1,"{""p"": 1, ""q"": 1}",level,2022-10-13,2022-10-14,10649.150390625,10321.3896484375,10321.3896484375,10625.53126627838,10321.3896484375,10625.53126627838,0.0076119578443467,304.1416178408799,2.946711907993148,2.946711907993148,fit_period,model_fit_period
NASDAQ,GARCH,1,c233a1992db9852e,p=1 q=1,"{""p"": 1, ""q"": 1}",level,2022-10-14,2022-10-17,10321.3896484375,10675.7998046875,10675.7998046875,10315.585179353851,10675.7998046875,10315.585179353851,0.0076119578443467,-360.21462533364866,-3.374123081396549,3.374123081396549,fit_period,model_fit_period
NASDAQ,GARCH,1,c233a1992db9852e,p=1 q=1,"{""p"": 1, ""q"": 1}",level,2022-10-17,2022-10-18,10675.7998046875,10772.400390625,10772.400390625,10648.28688753284,10772.400390625,10648.28688753284,0.0076119578443467,-124.11350309215959,-1.1521434275704516,1.1521434275704516,fit_period,model_fit_period
NASDAQ,GARCH,1,c233a1992db9852e,p=1 q=1,"{""p"": 1, ""q"": 1}",level,2022-10-18,2022-10-19,10772.400390625,10680.509765625,10680.509765625,10753.091642956548,10680.509765625,10753.091642956548,0.0076119578443467,72.58187733154773,0.6795731563782752,0.6795731563782752,fit_period,model_fit_period
NASDAQ,GARCH,1,c233a1992db9852e,p=1 q=1,"{""p"": 1, ""q"": 1}",level,2022-10-19,2022-10-20,10680.509765625,10614.83984375,10614.83984375,10667.199297381616,10614.83984375,10667.199297381616,0.0076119578443467,52.35945363161591,0.49326654384187496,0.49326654384187496,fit_period,model_fit_period
NASDAQ,GARCH,1,c233a1992db9852e,p=1 q=1,"{""p"": 1, ""q"": 1}",level,2022-10-20,2022-10-21,10614.83984375,10859.7197265625,10859.7197265625,10600.69496469625,10859.7197265625,10600.69496469625,0.0076119578443467,-259.0247618662506,-2.385188277305951,2.385188277305951,fit_period,model_fit_period
NASDAQ,GARCH,1,c233a1992db9852e,p=1 q=1,"{""p"": 1, ""q"": 1}",level,2022-10-21,2022-10-24,10859.7197265625,10952.6103515625,10952.6103515625,10835.692346915475,10952.6103515625,10835.692346915475,0.0076119578443467,-116.91800464702465,-1.0674898576150398,1.0674898576150398,fit_period,model_fit_period
NASDAQ,GARCH,1,c233a1992db9852e,p=1 q=1,"{""p"": 1, ""q"": 1}",level,2022-10-24,2022-10-25,10952.6103515625,11199.1201171875,11199.1201171875,10933.419664477608,11199.1201171875,10933.419664477608,0.0076119578443467,-265.7004527098925,-2.3725118574459882,2.3725118574459882,fit_period,model_fit_period
NASDAQ,GARCH,1,c233a1992db9852e,p=1 q=1,"{""p"": 1, ""q"": 1}",level,2022-10-25,2022-10-26,11199.1201171875,10970.990234375,10970.990234375,11175.040870440198,10970.990234375,11175.040870440198,0.0076119578443467,204.05063606519798,1.8599108349021551,1.8599108349021551,fit_period,model_fit_period
NASDAQ,GARCH,1,c233a1992db9852e,p=1 q=1,"{""p"": 1, ""q"": 1}",level,2022-10-26,2022-10-27,10970.990234375,10792.669921875,10792.669921875,10962.015252825977,10792.669921875,10962.015252825977,0.0076119578443467,169.34533095097686,1.5690772735274818,1.5690772735274818,fit_period,model_fit_period
NASDAQ,GARCH,1,c233a1992db9852e,p=1 q=1,"{""p"": 1, ""q"": 1}",level,2022-10-27,2022-10-28,10792.669921875,11102.4501953125,11102.4501953125,10782.109870553806,11102.4501953125,10782.109870553806,0.0076119578443467,-320.3403247586939,-2.8853119727926626,2.8853119727926626,fit_period,model_fit_period
NASDAQ,GARCH,1,c233a1992db9852e,p=1 q=1,"{""p"": 1, ""q"": 1}",level,2022-10-28,2022-10-31,11102.4501953125,10988.150390625,10988.150390625,11076.357516833616,10988.150390625,11076.357516833616,0.0076119578443467,88.20712620861559,0.8027477152467187,0.8027477152467187,fit_period,model_fit_period
NASDAQ,GARCH,1,c233a1992db9852e,p=1 q=1,"{""p"": 1, ""q"": 1}",level,2022-10-31,2022-11-01,10988.150390625,10890.849609375,10890.849609375,10975.553040626142,10890.849609375,10975.553040626142,0.0076119578443467,84.70343125114232,0.7777486081363972,0.7777486081363972,fit_period,model_fit_period
NASDAQ,GARCH,1,c233a1992db9852e,p=1 q=1,"{""p"": 1, ""q"": 1}",level,2022-11-01,2022-11-02,10890.849609375,10524.7998046875,10524.7998046875,10877.711306341653,10524.7998046875,10877.711306341653,0.0076119578443467,352.91150165415274,3.3531421804049346,3.3531421804049346,fit_period,model_fit_period
NASDAQ,GARCH,1,c233a1992db9852e,p=1 q=1,"{""p"": 1, ""q"": 1}",level,2022-11-02,2022-11-03,10524.7998046875,10342.9404296875,10342.9404296875,10520.213792924258,10342.9404296875,10520.213792924258,0.0076119578443467,177.2733632367581,1.713955179785505,1.713955179785505,fit_period,model_fit_period
NASDAQ,GARCH,1,c233a1992db9852e,p=1 q=1,"{""p"": 1, ""q"": 1}",level,2022-11-03,2022-11-04,10342.9404296875,10475.25,10475.25,10332.49300051814,10475.25,10332.49300051814,0.0076119578443467,-142.75699948186048,-1.362802792122961,1.362802792122961,fit_period,model_fit_period
NASDAQ,GARCH,1,c233a1992db9852e,p=1 q=1,"{""p"": 1, ""q"": 1}",level,2022-11-04,2022-11-07,10475.25,10564.51953125,10564.51953125,10454.804899791812,10564.51953125,10454.804899791812,0.0076119578443467,-109.7146314581878,-1.0385198411877639,1.0385198411877639,fit_period,model_fit_period
NASDAQ,GARCH,1,c233a1992db9852e,p=1 q=1,"{""p"": 1, ""q"": 1}",level,2022-11-07,2022-11-08,10564.51953125,10616.2001953125,10616.2001953125,10545.44407676417,10616.2001953125,10545.44407676417,0.0076119578443467,-70.75611854833005,-0.6664919391739792,0.6664919391739792,fit_period,model_fit_period
NASDAQ,GARCH,1,c233a1992db9852e,p=1 q=1,"{""p"": 1, ""q"": 1}",level,2022-11-08,2022-11-09,10616.2001953125,10353.169921875,10353.169921875,10598.32091611538,10353.169921875,10598.32091611538,0.0076119578443467,245.1509942403809,2.367883422085118,2.367883422085118,fit_period,model_fit_period
NASDAQ,GARCH,1,c233a1992db9852e,p=1 q=1,"{""p"": 1, ""q"": 1}",level,2022-11-09,2022-11-10,10353.169921875,11114.150390625,11114.150390625,10345.305561314466,11114.150390625,10345.305561314466,0.0076119578443467,-768.8448293105339,-6.917711226573552,6.917711226573552,fit_period,model_fit_period
NASDAQ,GARCH,1,c233a1992db9852e,p=1 q=1,"{""p"": 1, ""q"": 1}",level,2022-11-10,2022-11-11,11114.150390625,11323.330078125,11323.330078125,11073.699351166477,11323.330078125,11073.699351166477,0.0076119578443467,-249.63072695852316,-2.204569903342947,2.204569903342947,fit_period,model_fit_period
NASDAQ,GARCH,1,c233a1992db9852e,p=1 q=1,"{""p"": 1, ""q"": 1}",level,2022-11-11,2022-11-14,11323.330078125,11196.2197265625,11196.2197265625,11300.43877132694,11196.2197265625,11300.43877132694,0.0076119578443467,104.2190447644407,0.930841367083802,0.930841367083802,fit_period,model_fit_period
NASDAQ,GARCH,1,c233a1992db9852e,p=1 q=1,"{""p"": 1, ""q"": 1}",level,2022-11-14,2022-11-15,11196.2197265625,11358.41015625,11358.41015625,11184.030041405742,11358.41015625,11184.030041405742,0.0076119578443467,-174.38011484425806,-1.5352510821974927,1.5352510821974927,fit_period,model_fit_period
NASDAQ,GARCH,1,c233a1992db9852e,p=1 q=1,"{""p"": 1, ""q"": 1}",level,2022-11-15,2022-11-16,11358.41015625,11183.66015625,11183.66015625,11337.014169562271,11183.66015625,11337.014169562271,0.0076119578443467,153.3540133122715,1.3712327732577732,1.3712327732577732,fit_period,model_fit_period
NASDAQ,GARCH,1,c233a1992db9852e,p=1 q=1,"{""p"": 1, ""q"": 1}",level,2022-11-16,2022-11-17,11183.66015625,11144.9599609375,11144.9599609375,11172.986488320885,11144.9599609375,11172.986488320885,0.0076119578443467,28.026527383384746,0.2514726610200149,0.2514726610200149,fit_period,model_fit_period
NASDAQ,GARCH,1,c233a1992db9852e,p=1 q=1,"{""p"": 1, ""q"": 1}",level,2022-11-17,2022-11-18,11144.9599609375,11146.0595703125,11146.0595703125,11129.95683520405,11146.0595703125,11129.95683520405,0.0076119578443467,-16.10273510845036,-0.1444702049802421,0.1444702049802421,fit_period,model_fit_period
NASDAQ,GARCH,1,c233a1992db9852e,p=1 q=1,"{""p"": 1, ""q"": 1}",level,2022-11-18,2022-11-21,11146.0595703125,11024.509765625,11024.509765625,11129.789911522195,11024.509765625,11129.789911522195,0.0076119578443467,105.28014589719533,0.9549644214154932,0.9549644214154932,fit_period,model_fit_period
NASDAQ,GARCH,1,c233a1992db9852e,p=1 q=1,"{""p"": 1, ""q"": 1}",level,2022-11-21,2022-11-22,11024.509765625,11174.41015625,11174.41015625,11012.14312943829,11174.41015625,11012.14312943829,0.0076119578443467,-162.26702681171082,-1.4521305781938982,1.4521305781938982,fit_period,model_fit_period
NASDAQ,GARCH,1,c233a1992db9852e,p=1 q=1,"{""p"": 1, ""q"": 1}",level,2022-11-22,2022-11-23,11174.41015625,11285.3203125,11285.3203125,11153.405270495176,11285.3203125,11153.405270495176,0.0076119578443467,-131.9150420048245,-1.1689082662431032,1.1689082662431032,fit_period,model_fit_period
NASDAQ,GARCH,1,c233a1992db9852e,p=1 q=1,"{""p"": 1, ""q"": 1}",level,2022-11-23,2022-11-25,11285.3203125,11226.3603515625,11226.3603515625,11265.55619717403,11226.3603515625,11265.55619717403,0.0076119578443467,39.195845611529876,0.3491411676098082,0.3491411676098082,fit_period,model_fit_period
NASDAQ,GARCH,1,c233a1992db9852e,p=1 q=1,"{""p"": 1, ""q"": 1}",level,2022-11-25,2022-11-28,11226.3603515625,11049.5,11049.5,11212.001944140851,11049.5,11212.001944140851,0.0076119578443467,162.50194414085126,1.4706723755903097,1.4706723755903097,fit_period,model_fit_period
NASDAQ,GARCH,1,c233a1992db9852e,p=1 q=1,"{""p"": 1, ""q"": 1}",level,2022-11-28,2022-11-29,11049.5,10983.7802734375,10983.7802734375,11038.8934889335,10983.7802734375,11038.8934889335,0.0076119578443467,55.11321549599961,0.501769100655464,0.501769100655464,fit_period,model_fit_period
NASDAQ,GARCH,1,c233a1992db9852e,p=1 q=1,"{""p"": 1, ""q"": 1}",level,2022-11-29,2022-11-30,10983.7802734375,11468.0,11468.0,10969.636979298137,11468.0,10969.636979298137,0.0076119578443467,-498.3630207018632,-4.345683821955556,4.345683821955556,fit_period,model_fit_period
NASDAQ,GARCH,1,c233a1992db9852e,p=1 q=1,"{""p"": 1, ""q"": 1}",level,2022-11-30,2022-12-01,11468.0,11482.4501953125,11482.4501953125,11436.356205490849,11482.4501953125,11436.356205490849,0.0076119578443467,-46.09398982165112,-0.40142991293328795,0.40142991293328795,fit_period,model_fit_period
NASDAQ,GARCH,1,c233a1992db9852e,p=1 q=1,"{""p"": 1, ""q"": 1}",level,2022-12-01,2022-12-02,11482.4501953125,11461.5,11461.5,11465.755686235843,11461.5,11465.755686235843,0.0076119578443467,4.255686235843314,0.037130272964649595,0.037130272964649595,fit_period,model_fit_period
NASDAQ,GARCH,1,c233a1992db9852e,p=1 q=1,"{""p"": 1, ""q"": 1}",level,2022-12-02,2022-12-05,11461.5,11239.9404296875,11239.9404296875,11445.932023209223,11239.9404296875,11445.932023209223,0.0076119578443467,205.9915935217232,1.8326751356942048,1.8326751356942048,fit_period,model_fit_period
NASDAQ,GARCH,1,c233a1992db9852e,p=1 q=1,"{""p"": 1, ""q"": 1}",level,2022-12-05,2022-12-06,11239.9404296875,11014.8896484375,11014.8896484375,11230.75636374622,11014.8896484375,11230.75636374622,0.0076119578443467,215.8667153087208,1.959771928712352,1.959771928712352,fit_period,model_fit_period
NASDAQ,GARCH,1,c233a1992db9852e,p=1 q=1,"{""p"": 1, ""q"": 1}",level,2022-12-06,2022-12-07,11014.8896484375,10958.5498046875,10958.5498046875,11005.81668188717,10958.5498046875,11005.81668188717,0.0076119578443467,47.26687719967049,0.43132419929735744,0.43132419929735744,fit_period,model_fit_period
NASDAQ,GARCH,1,c233a1992db9852e,p=1 q=1,"{""p"": 1, ""q"": 1}",level,2022-12-07,2022-12-08,10958.5498046875,11082.0,11082.0,10944.10801833832,11082.0,10944.10801833832,0.0076119578443467,-137.8919816616799,-1.2442878691723507,1.2442878691723507,fit_period,model_fit_period
NASDAQ,GARCH,1,c233a1992db9852e,p=1 q=1,"{""p"": 1, ""q"": 1}",level,2022-12-08,2022-12-09,11082.0,11004.6201171875,11004.6201171875,11061.836828092431,11004.6201171875,11061.836828092431,0.0076119578443467,57.21671090493146,0.5199335396918234,0.5199335396918234,fit_period,model_fit_period
NASDAQ,GARCH,1,c233a1992db9852e,p=1 q=1,"{""p"": 1, ""q"": 1}",level,2022-12-09,2022-12-12,11004.6201171875,11143.740234375,11143.740234375,10990.84787947554,11143.740234375,10990.84787947554,0.0076119578443467,-152.89235489946077,-1.3720021436594065,1.3720021436594065,fit_period,model_fit_period
NASDAQ,GARCH,1,c233a1992db9852e,p=1 q=1,"{""p"": 1, ""q"": 1}",level,2022-12-12,2022-12-13,11143.740234375,11256.8095703125,11256.8095703125,11123.078404893386,11256.8095703125,11123.078404893386,0.0076119578443467,-133.7311654191144,-1.188002378327538,1.188002378327538,fit_period,model_fit_period
NASDAQ,GARCH,1,c233a1992db9852e,p=1 q=1,"{""p"": 1, ""q"": 1}",level,2022-12-13,2022-12-14,11256.8095703125,11170.8896484375,11170.8896484375,11236.97674428628,11170.8896484375,11236.97674428628,0.0076119578443467,66.08709584877943,0.5916010087703552,0.5916010087703552,fit_period,model_fit_period
NASDAQ,GARCH,1,c233a1992db9852e,p=1 q=1,"{""p"": 1, ""q"": 1}",level,2022-12-14,2022-12-15,11170.8896484375,10810.5302734375,10810.5302734375,11157.389176928024,10810.5302734375,11157.389176928024,0.0076119578443467,346.8589034905235,3.2085281176519973,3.2085281176519973,fit_period,model_fit_period
NASDAQ,GARCH,1,c233a1992db9852e,p=1 q=1,"{""p"": 1, ""q"": 1}",level,2022-12-15,2022-12-16,10810.5302734375,10705.41015625,10705.41015625,10805.763177436194,10705.41015625,10805.763177436194,0.0076119578443467,100.35302118619438,0.9374047301457814,0.9374047301457814,fit_period,model_fit_period
NASDAQ,GARCH,1,c233a1992db9852e,p=1 q=1,"{""p"": 1, ""q"": 1}",level,2022-12-16,2022-12-19,10705.41015625,10546.0302734375,10546.0302734375,10692.52068477563,10546.0302734375,10692.52068477563,0.0076119578443467,146.4904113381308,1.3890573755235576,1.3890573755235576,fit_period,model_fit_period
NASDAQ,GARCH,1,c233a1992db9852e,p=1 q=1,"{""p"": 1, ""q"": 1}",level,2022-12-19,2022-12-20,10546.0302734375,10547.1103515625,10547.1103515625,10534.86748849742,10547.1103515625,10534.86748849742,0.0076119578443467,-12.242863065079291,-0.11607788917526186,0.11607788917526186,fit_period,model_fit_period
NASDAQ,GARCH,1,c233a1992db9852e,p=1 q=1,"{""p"": 1, ""q"": 1}",level,2022-12-20,2022-12-21,10547.1103515625,10709.3701171875,10709.3701171875,10530.84131430725,10709.3701171875,10530.84131430725,0.0076119578443467,-178.5288028802497,-1.6670336436848727,1.6670336436848727,fit_period,model_fit_period
NASDAQ,GARCH,1,c233a1992db9852e,p=1 q=1,"{""p"": 1, ""q"": 1}",level,2022-12-21,2022-12-22,10709.3701171875,10476.1201171875,10476.1201171875,10687.97192405033,10476.1201171875,10687.97192405033,0.0076119578443467,211.8518068628291,2.0222353742895463,2.0222353742895463,fit_period,model_fit_period
NASDAQ,GARCH,1,c233a1992db9852e,p=1 q=1,"{""p"": 1, ""q"": 1}",level,2022-12-22,2022-12-23,10476.1201171875,10497.8603515625,10497.8603515625,10467.308071052956,10497.8603515625,10467.308071052956,0.0076119578443467,-30.55228050954429,-0.29103340572630965,0.29103340572630965,fit_period,model_fit_period
NASDAQ,GARCH,1,c233a1992db9852e,p=1 q=1,"{""p"": 1, ""q"": 1}",level,2022-12-23,2022-12-27,10497.8603515625,10353.23046875,10353.23046875,10480.933854526837,10353.23046875,10480.933854526837,0.0076119578443467,127.70338577683651,1.2334641459232851,1.2334641459232851,fit_period,model_fit_period
NASDAQ,GARCH,1,c233a1992db9852e,p=1 q=1,"{""p"": 1, ""q"": 1}",level,2022-12-27,2022-12-28,10353.23046875,10213.2900390625,10213.2900390625,10341.598300536927,10213.2900390625,10341.598300536927,0.0076119578443467,128.30826147442713,1.2562872588919918,1.2562872588919918,fit_period,model_fit_period
NASDAQ,GARCH,1,c233a1992db9852e,p=1 q=1,"{""p"": 1, ""q"": 1}",level,2022-12-28,2022-12-29,10213.2900390625,10478.08984375,10478.08984375,10201.508640282898,10478.08984375,10201.508640282898,0.0076119578443467,-276.58120346710166,-2.639614735047129,2.639614735047129,fit_period,model_fit_period
NASDAQ,GARCH,1,c233a1992db9852e,p=1 q=1,"{""p"": 1, ""q"": 1}",level,2022-12-29,2022-12-30,10478.08984375,10466.48046875,10466.48046875,10453.42856050112,10466.48046875,10453.42856050112,0.0076119578443467,-13.051908248880864,-0.1247019787391782,0.1247019787391782,fit_period,model_fit_period
NASDAQ,GARCH,1,c233a1992db9852e,p=1 q=1,"{""p"": 1, ""q"": 1}",level,2022-12-30,2023-01-03,10466.48046875,10386.98046875,10386.98046875,10450.615242819516,10386.98046875,10450.615242819516,0.0076119578443467,63.634774069516425,0.6126397778542702,0.6126397778542702,pure_test,held_out_pure_test
NASDAQ,GARCH,1,c233a1992db9852e,p=1 q=1,"{""p"": 1, ""q"": 1}",level,2023-01-03,2023-01-04,10386.98046875,10458.759765625,10458.759765625,10373.275698668183,10458.759765625,10373.275698668183,0.0076119578443467,-85.4840669568166,-0.817344205933276,0.817344205933276,pure_test,held_out_pure_test
NASDAQ,GARCH,1,c233a1992db9852e,p=1 q=1,"{""p"": 1, ""q"": 1}",level,2023-01-04,2023-01-05,10458.759765625,10305.240234375,10305.240234375,10440.240895780276,10305.240234375,10440.240895780276,0.0076119578443467,135.00066140527633,1.3100195467055402,1.3100195467055402,pure_test,held_out_pure_test
NASDAQ,GARCH,1,c233a1992db9852e,p=1 q=1,"{""p"": 1, ""q"": 1}",level,2023-01-05,2023-01-06,10305.240234375,10569.2900390625,10569.2900390625,10293.890957841884,10569.2900390625,10293.890957841884,0.0076119578443467,-275.3990812206157,-2.605653551021708,2.605653551021708,pure_test,held_out_pure_test
NASDAQ,GARCH,1,c233a1992db9852e,p=1 q=1,"{""p"": 1, ""q"": 1}",level,2023-01-06,2023-01-09,10569.2900390625,10635.650390625,10635.650390625,10544.652622759704,10635.650390625,10544.652622759704,0.0076119578443467,-90.99776786529583,-0.8555919433522144,0.8555919433522144,pure_test,held_out_pure_test
NASDAQ,GARCH,1,c233a1992db9852e,p=1 q=1,"{""p"": 1, ""q"": 1}",level,2023-01-09,2023-01-10,10635.650390625,10742.6298828125,10742.6298828125,10617.303965681083,10742.6298828125,10617.303965681083,0.0076119578443467,-125.32591713141665,-1.1666223122136028,1.1666223122136028,pure_test,held_out_pure_test
NASDAQ,GARCH,1,c233a1992db9852e,p=1 q=1,"{""p"": 1, ""q"": 1}",level,2023-01-10,2023-01-11,10742.6298828125,10931.669921875,10931.669921875,10722.990851416203,10931.669921875,10722.990851416203,0.0076119578443467,-208.67907045879656,-1.908940463352409,1.908940463352409,pure_test,held_out_pure_test
NASDAQ,GARCH,1,c233a1992db9852e,p=1 q=1,"{""p"": 1, ""q"": 1}",level,2023-01-11,2023-01-12,10931.669921875,11001.099609375,11001.099609375,10909.419510948155,11001.099609375,10909.419510948155,0.0076119578443467,-91.68009842684478,-0.8333721326249618,0.8333721326249618,pure_test,held_out_pure_test
NASDAQ,GARCH,1,c233a1992db9852e,p=1 q=1,"{""p"": 1, ""q"": 1}",level,2023-01-12,2023-01-13,11001.099609375,11079.16015625,11079.16015625,10982.655510197306,11079.16015625,10982.655510197306,0.0076119578443467,-96.50464605269372,-0.8710465837814728,0.8710465837814728,pure_test,held_out_pure_test
NASDAQ,GARCH,1,c233a1992db9852e,p=1 q=1,"{""p"": 1, ""q"": 1}",level,2023-01-13,2023-01-17,11079.16015625,11095.1103515625,11095.1103515625,11060.44140073182,11095.1103515625,11060.44140073182,0.0076119578443467,-34.66895083068084,-0.31247053640884687,0.31247053640884687,pure_test,held_out_pure_test
NASDAQ,GARCH,1,c233a1992db9852e,p=1 q=1,"{""p"": 1, ""q"": 1}",level,2023-01-17,2023-01-18,11095.1103515625,10957.009765625,10957.009765625,11078.368108593677,10957.009765625,11078.368108593677,0.0076119578443467,121.35834296867688,1.1075863357301157,1.1075863357301157,pure_test,held_out_pure_test
NASDAQ,GARCH,1,c233a1992db9852e,p=1 q=1,"{""p"": 1, ""q"": 1}",level,2023-01-18,2023-01-19,10957.009765625,10852.26953125,10852.26953125,10945.169818243285,10852.26953125,10945.169818243285,0.0076119578443467,92.90028699328468,0.8560447814696335,0.8560447814696335,pure_test,held_out_pure_test
NASDAQ,GARCH,1,c233a1992db9852e,p=1 q=1,"{""p"": 1, ""q"": 1}",level,2023-01-19,2023-01-20,10852.26953125,11140.4296875,11140.4296875,10839.367970918824,11140.4296875,10839.367970918824,0.0076119578443467,-301.06171658117637,-2.702424637345716,2.702424637345716,pure_test,held_out_pure_test
NASDAQ,GARCH,1,c233a1992db9852e,p=1 q=1,"{""p"": 1, ""q"": 1}",level,2023-01-20,2023-01-23,11140.4296875,11364.41015625,11364.41015625,11115.02501724945,11364.41015625,11115.02501724945,0.0076119578443467,-249.38513900054932,-2.1944397955700046,2.1944397955700046,pure_test,held_out_pure_test
NASDAQ,GARCH,1,c233a1992db9852e,p=1 q=1,"{""p"": 1, ""q"": 1}",level,2023-01-23,2023-01-24,11364.41015625,11334.26953125,11334.26953125,11341.047850187806,11334.26953125,11341.047850187806,0.0076119578443467,6.778318937806034,0.05980375637898287,0.05980375637898287,pure_test,held_out_pure_test
NASDAQ,GARCH,1,c233a1992db9852e,p=1 q=1,"{""p"": 1, ""q"": 1}",level,2023-01-24,2023-01-25,11334.26953125,11313.3603515625,11313.3603515625,11318.994017779012,11313.3603515625,11318.994017779012,0.0076119578443467,5.633666216512211,0.049796577156972985,0.049796577156972985,pure_test,held_out_pure_test
NASDAQ,GARCH,1,c233a1992db9852e,p=1 q=1,"{""p"": 1, ""q"": 1}",level,2023-01-25,2023-01-26,11313.3603515625,11512.41015625,11512.41015625,11297.791069548108,11512.41015625,11297.791069548108,0.0076119578443467,-214.61908670189223,-1.8642411431578223,1.8642411431578223,pure_test,held_out_pure_test
NASDAQ,GARCH,1,c233a1992db9852e,p=1 q=1,"{""p"": 1, ""q"": 1}",level,2023-01-26,2023-01-27,11512.41015625,11621.7099609375,11621.7099609375,11489.84120860784,11621.7099609375,11489.84120860784,0.0076119578443467,-131.8687523296594,-1.134675988067954,1.134675988067954,pure_test,held_out_pure_test
NASDAQ,GARCH,1,c233a1992db9852e,p=1 q=1,"{""p"": 1, ""q"": 1}",level,2023-01-27,2023-01-30,11621.7099609375,11393.8095703125,11393.8095703125,11601.997091176756,11393.8095703125,11601.997091176756,0.0076119578443467,208.18752086425593,1.8271985289863497,1.8271985289863497,pure_test,held_out_pure_test
NASDAQ,GARCH,1,c233a1992db9852e,p=1 q=1,"{""p"": 1, ""q"": 1}",level,2023-01-30,2023-01-31,11393.8095703125,11584.5498046875,11584.5498046875,11384.82728572659,11584.5498046875,11384.82728572659,0.0076119578443467,-199.72251896091075,-1.7240421279046707,1.7240421279046707,pure_test,held_out_pure_test
NASDAQ,GARCH,1,c233a1992db9852e,p=1 q=1,"{""p"": 1, ""q"": 1}",level,2023-01-31,2023-02-01,11584.5498046875,11816.3203125,11816.3203125,11562.245289134182,11816.3203125,11562.245289134182,0.0076119578443467,-254.0750233658182,-2.1502042653417464,2.1502042653417464,pure_test,held_out_pure_test
NASDAQ,GARCH,1,c233a1992db9852e,p=1 q=1,"{""p"": 1, ""q"": 1}",level,2023-02-01,2023-02-02,11816.3203125,12200.8203125,12200.8203125,11792.710107181409,12200.8203125,11792.710107181409,0.0076119578443467,-408.1102053185914,-3.3449407078020306,3.3449407078020306,pure_test,held_out_pure_test
NASDAQ,GARCH,1,c233a1992db9852e,p=1 q=1,"{""p"": 1, ""q"": 1}",level,2023-02-02,2023-02-03,12200.8203125,12006.9501953125,12006.9501953125,12172.34985844072,12006.9501953125,12172.34985844072,0.0076119578443467,165.3996631282207,1.3775326826357002,1.3775326826357002,pure_test,held_out_pure_test
NASDAQ,GARCH,1,c233a1992db9852e,p=1 q=1,"{""p"": 1, ""q"": 1}",level,2023-02-03,2023-02-06,12006.9501953125,11887.4501953125,11887.4501953125,11996.884979124769,11887.4501953125,11996.884979124769,0.0076119578443467,109.4347838122685,0.9205908921950412,0.9205908921950412,pure_test,held_out_pure_test
NASDAQ,GARCH,1,c233a1992db9852e,p=1 q=1,"{""p"": 1, ""q"": 1}",level,2023-02-06,2023-02-07,11887.4501953125,12113.7900390625,12113.7900390625,11875.018329021845,12113.7900390625,11875.018329021845,0.0076119578443467,-238.7717100406553,-1.971073539088136,1.971073539088136,pure_test,held_out_pure_test
NASDAQ,GARCH,1,c233a1992db9852e,p=1 q=1,"{""p"": 1, ""q"": 1}",level,2023-02-07,2023-02-08,12113.7900390625,11910.51953125,11910.51953125,12090.35265156575,11910.51953125,12090.35265156575,0.0076119578443467,179.83312031575042,1.5098679771601624,1.5098679771601624,pure_test,held_out_pure_test
NASDAQ,GARCH,1,c233a1992db9852e,p=1 q=1,"{""p"": 1, ""q"": 1}",level,2023-02-08,2023-02-09,11910.51953125,11789.580078125,11789.580078125,11900.753459883892,11789.580078125,11900.753459883892,0.0076119578443467,111.17338175889199,0.9429799960828873,0.9429799960828873,pure_test,held_out_pure_test
NASDAQ,GARCH,1,c233a1992db9852e,p=1 q=1,"{""p"": 1, ""q"": 1}",level,2023-02-09,2023-02-10,11789.580078125,11718.1201171875,11718.1201171875,11777.194018967844,11718.1201171875,11777.194018967844,0.0076119578443467,59.073901780344386,0.5041243918783356,0.5041243918783356,pure_test,held_out_pure_test
NASDAQ,GARCH,1,c233a1992db9852e,p=1 q=1,"{""p"": 1, ""q"": 1}",level,2023-02-10,2023-02-13,11718.1201171875,11891.7900390625,11891.7900390625,11704.15949220059,11891.7900390625,11704.15949220059,0.0076119578443467,-187.63054686191026,-1.5778158397144244,1.5778158397144244,pure_test,held_out_pure_test
NASDAQ,GARCH,1,c233a1992db9852e,p=1 q=1,"{""p"": 1, ""q"": 1}",level,2023-02-13,2023-02-14,11891.7900390625,11960.150390625,11960.150390625,11870.02874514662,11960.150390625,11870.02874514662,0.0076119578443467,-90.12164547838074,-0.7535159888041447,0.7535159888041447,pure_test,held_out_pure_test
NASDAQ,GARCH,1,c233a1992db9852e,p=1 q=1,"{""p"": 1, ""q"": 1}",level,2023-02-14,2023-02-15,11960.150390625,12070.58984375,12070.58984375,11941.740320491528,12070.58984375,11941.740320491528,0.0076119578443467,-128.8495232584719,-1.067466668376513,1.067466668376513,pure_test,held_out_pure_test
NASDAQ,GARCH,1,c233a1992db9852e,p=1 q=1,"{""p"": 1, ""q"": 1}",level,2023-02-15,2023-02-16,12070.58984375,11855.830078125,11855.830078125,12050.840707418838,11855.830078125,12050.840707418838,0.0076119578443467,195.01062929383806,1.6448500696180608,1.6448500696180608,pure_test,held_out_pure_test
NASDAQ,GARCH,1,c233a1992db9852e,p=1 q=1,"{""p"": 1, ""q"": 1}",level,2023-02-16,2023-02-17,11855.830078125,11787.26953125,11787.26953125,11846.429624754572,11787.26953125,11846.429624754572,0.0076119578443467,59.160093504571705,0.5018981991353343,0.5018981991353343,pure_test,held_out_pure_test
NASDAQ,GARCH,1,c233a1992db9852e,p=1 q=1,"{""p"": 1, ""q"": 1}",level,2023-02-17,2023-02-21,11787.26953125,11492.2998046875,11492.2998046875,11773.216639384282,11492.2998046875,11773.216639384282,0.0076119578443467,280.91683469678173,2.4443918055653304,2.4443918055653304,pure_test,held_out_pure_test
NASDAQ,GARCH,1,c233a1992db9852e,p=1 q=1,"{""p"": 1, ""q"": 1}",level,2023-02-21,2023-02-22,11492.2998046875,11507.0703125,11507.0703125,11485.451840401229,11507.0703125,11485.451840401229,0.0076119578443467,-21.618472098771235,-0.18787120884528996,0.18787120884528996,pure_test,held_out_pure_test
NASDAQ,GARCH,1,c233a1992db9852e,p=1 q=1,"{""p"": 1, ""q"": 1}",level,2023-02-22,2023-02-23,11507.0703125,11590.400390625,11590.400390625,11490.365610248457,11590.400390625,11490.365610248457,0.0076119578443467,-100.0347803765435,-0.8630830429072798,0.8630830429072798,pure_test,held_out_pure_test
NASDAQ,GARCH,1,c233a1992db9852e,p=1 q=1,"{""p"": 1, ""q"": 1}",level,2023-02-23,2023-02-24,11590.400390625,11394.9404296875,11394.9404296875,11571.513944949176,11394.9404296875,11571.513944949176,0.0076119578443467,176.57351526167622,1.5495782215907439,1.5495782215907439,pure_test,held_out_pure_test
NASDAQ,GARCH,1,c233a1992db9852e,p=1 q=1,"{""p"": 1, ""q"": 1}",level,2023-02-24,2023-02-27,11394.9404296875,11466.98046875,11466.98046875,11384.925806453188,11466.98046875,11384.925806453188,0.0076119578443467,-82.05466229681224,-0.7155734024351827,0.7155734024351827,pure_test,held_out_pure_test
NASDAQ,GARCH,1,c233a1992db9852e,p=1 q=1,"{""p"": 1, ""q"": 1}",level,2023-02-27,2023-02-28,11466.98046875,11455.5400390625,11455.5400390625,11448.4533014123,11455.5400390625,11448.4533014123,0.0076119578443467,-7.086737650199211,-0.061862973077078755,0.061862973077078755,pure_test,held_out_pure_test
NASDAQ,GARCH,1,c233a1992db9852e,p=1 q=1,"{""p"": 1, ""q"": 1}",level,2023-02-28,2023-03-01,11455.5400390625,11379.48046875,11379.48046875,11439.669436853794,11379.48046875,11439.669436853794,0.0076119578443467,60.18896810379374,0.5289254484779243,0.5289254484779243,pure_test,held_out_pure_test
NASDAQ,GARCH,1,c233a1992db9852e,p=1 q=1,"{""p"": 1, ""q"": 1}",level,2023-03-01,2023-03-02,11379.48046875,11462.98046875,11462.98046875,11365.666215268371,11462.98046875,11365.666215268371,0.0076119578443467,-97.31425348162884,-0.8489437258217769,0.8489437258217769,pure_test,held_out_pure_test
NASDAQ,GARCH,1,c233a1992db9852e,p=1 q=1,"{""p"": 1, ""q"": 1}",level,2023-03-02,2023-03-03,11462.98046875,11689.009765625,11689.009765625,11444.088615719204,11689.009765625,11444.088615719204,0.0076119578443467,-244.92114990579648,-2.0953113635515965,2.0953113635515965,pure_test,held_out_pure_test
NASDAQ,GARCH,1,c233a1992db9852e,p=1 q=1,"{""p"": 1, ""q"": 1}",level,2023-03-03,2023-03-06,11689.009765625,11675.740234375,11675.740234375,11665.582260535612,11675.740234375,11665.582260535612,0.0076119578443467,-10.157973839388433,-0.08700068377233974,0.08700068377233974,pure_test,held_out_pure_test
NASDAQ,GARCH,1,c233a1992db9852e,p=1 q=1,"{""p"": 1, ""q"": 1}",level,2023-03-06,2023-03-07,11675.740234375,11530.330078125,11530.330078125,11659.927838924128,11530.330078125,11659.927838924128,0.0076119578443467,129.59776079912808,1.1239726870004971,1.1239726870004971,pure_test,held_out_pure_test
NASDAQ,GARCH,1,c233a1992db9852e,p=1 q=1,"{""p"": 1, ""q"": 1}",level,2023-03-07,2023-03-08,11530.330078125,11576.0,11576.0,11518.722740237348,11576.0,11518.722740237348,0.0076119578443467,-57.27725976265174,-0.49479319076236816,0.49479319076236816,pure_test,held_out_pure_test
NASDAQ,GARCH,1,c233a1992db9852e,p=1 q=1,"{""p"": 1, ""q"": 1}",level,2023-03-08,2023-03-09,11576.0,11338.349609375,11338.349609375,11558.311998215837,11338.349609375,11558.311998215837,0.0076119578443467,219.96238884083687,1.9399859452116663,1.9399859452116663,pure_test,held_out_pure_test
NASDAQ,GARCH,1,c233a1992db9852e,p=1 q=1,"{""p"": 1, ""q"": 1}",level,2023-03-09,2023-03-10,11338.349609375,11138.8896484375,11138.8896484375,11329.677595088186,11138.8896484375,11329.677595088186,0.0076119578443467,190.78794665068563,1.7128093793212888,1.7128093793212888,pure_test,held_out_pure_test
NASDAQ,GARCH,1,c233a1992db9852e,p=1 q=1,"{""p"": 1, ""q"": 1}",level,2023-03-10,2023-03-13,11138.8896484375,11188.83984375,11188.83984375,11129.002315582304,11188.83984375,11129.002315582304,0.0076119578443467,-59.83752816769629,-0.5347965383660495,0.5347965383660495,pure_test,held_out_pure_test
NASDAQ,GARCH,1,c233a1992db9852e,p=1 q=1,"{""p"": 1, ""q"": 1}",level,2023-03-13,2023-03-14,11188.83984375,11428.150390625,11428.150390625,11171.015632558689,11428.150390625,11171.015632558689,0.0076119578443467,-257.1347580663114,-2.250012025368952,2.250012025368952,pure_test,held_out_pure_test
NASDAQ,GARCH,1,c233a1992db9852e,p=1 q=1,"{""p"": 1, ""q"": 1}",level,2023-03-14,2023-03-15,11428.150390625,11434.0498046875,11434.0498046875,11404.300241698704,11434.0498046875,11404.300241698704,0.0076119578443467,-29.749562988796242,-0.26018395491508284,0.26018395491508284,pure_test,held_out_pure_test
NASDAQ,GARCH,1,c233a1992db9852e,p=1 q=1,"{""p"": 1, ""q"": 1}",level,2023-03-15,2023-03-16,11434.0498046875,11717.2802734375,11717.2802734375,11417.627403657609,11717.2802734375,11417.627403657609,0.0076119578443467,-299.65286977989126,-2.557358557507493,2.557358557507493,pure_test,held_out_pure_test
NASDAQ,GARCH,1,c233a1992db9852e,p=1 q=1,"{""p"": 1, ""q"": 1}",level,2023-03-16,2023-03-17,11717.2802734375,11630.509765625,11630.509765625,11692.03247863465,11630.509765625,11692.03247863465,0.0076119578443467,61.52271300965003,0.5289769257705784,0.5289769257705784,pure_test,held_out_pure_test
NASDAQ,GARCH,1,c233a1992db9852e,p=1 q=1,"{""p"": 1, ""q"": 1}",level,2023-03-17,2023-03-20,11630.509765625,11675.5400390625,11675.5400390625,11617.036361967135,11675.5400390625,11617.036361967135,0.0076119578443467,-58.503677095364765,-0.5010789813544452,0.5010789813544452,pure_test,held_out_pure_test
NASDAQ,GARCH,1,c233a1992db9852e,p=1 q=1,"{""p"": 1, ""q"": 1}",level,2023-03-20,2023-03-21,11675.5400390625,11860.1103515625,11860.1103515625,11657.872392551362,11860.1103515625,11657.872392551362,0.0076119578443467,-202.23795901113772,-1.705194580963524,1.705194580963524,pure_test,held_out_pure_test
NASDAQ,GARCH,1,c233a1992db9852e,p=1 q=1,"{""p"": 1, ""q"": 1}",level,2023-03-21,2023-03-22,11860.1103515625,11669.9599609375,11669.9599609375,11838.002178932828,11669.9599609375,11838.002178932828,0.0076119578443467,168.04221799532752,1.4399553945155776,1.4399553945155776,pure_test,held_out_pure_test
NASDAQ,GARCH,1,c233a1992db9852e,p=1 q=1,"{""p"": 1, ""q"": 1}",level,2023-03-22,2023-03-23,11669.9599609375,11787.400390625,11787.400390625,11659.77637339868,11787.400390625,11659.77637339868,0.0076119578443467,-127.62401722632057,-1.0827155521740413,1.0827155521740413,pure_test,held_out_pure_test
NASDAQ,GARCH,1,c233a1992db9852e,p=1 q=1,"{""p"": 1, ""q"": 1}",level,2023-03-23,2023-03-24,11787.400390625,11823.9599609375,11823.9599609375,11767.428465053634,11823.9599609375,11767.428465053634,0.0076119578443467,-56.53149588386623,-0.47810966943923877,0.47810966943923877,pure_test,held_out_pure_test
NASDAQ,GARCH,1,c233a1992db9852e,p=1 q=1,"{""p"": 1, ""q"": 1}",level,2023-03-24,2023-03-27,11823.9599609375,11768.83984375,11768.83984375,11806.561874179402,11768.83984375,11806.561874179402,0.0076119578443467,37.722030429402366,0.320524630551712,0.320524630551712,pure_test,held_out_pure_test
NASDAQ,GARCH,1,c233a1992db9852e,p=1 q=1,"{""p"": 1, ""q"": 1}",level,2023-03-27,2023-03-28,11768.83984375,11716.080078125,11716.080078125,11754.35924253668,11716.080078125,11754.35924253668,0.0076119578443467,38.27916441168054,0.32672330810670425,0.32672330810670425,pure_test,held_out_pure_test
NASDAQ,GARCH,1,c233a1992db9852e,p=1 q=1,"{""p"": 1, ""q"": 1}",level,2023-03-28,2023-03-29,11716.080078125,11926.240234375,11926.240234375,11701.524364400371,11926.240234375,11701.524364400371,0.0076119578443467,-224.71586997462873,-1.8842138474364303,1.8842138474364303,pure_test,held_out_pure_test
NASDAQ,GARCH,1,c233a1992db9852e,p=1 q=1,"{""p"": 1, ""q"": 1}",level,2023-03-29,2023-03-30,11926.240234375,12013.4697265625,12013.4697265625,11903.317726517214,12013.4697265625,11903.317726517214,0.0076119578443467,-110.1520000452856,-0.9169041297181025,0.9169041297181025,pure_test,held_out_pure_test
NASDAQ,GARCH,1,c233a1992db9852e,p=1 q=1,"{""p"": 1, ""q"": 1}",level,2023-03-30,2023-03-31,12013.4697265625,12221.91015625,12221.91015625,11994.459191413089,12221.91015625,11994.459191413089,0.0076119578443467,-227.45096483691123,-1.8610099561286506,1.8610099561286506,pure_test,held_out_pure_test
NASDAQ,GARCH,1,c233a1992db9852e,p=1 q=1,"{""p"": 1, ""q"": 1}",level,2023-03-31,2023-04-03,12221.91015625,12189.4501953125,12189.4501953125,12199.042374553745,12189.4501953125,12199.042374553745,0.0076119578443467,9.592179241244594,0.07869246838494244,0.07869246838494244,pure_test,held_out_pure_test
NASDAQ,GARCH,1,c233a1992db9852e,p=1 q=1,"{""p"": 1, ""q"": 1}",level,2023-04-03,2023-04-04,12189.4501953125,12126.330078125,12126.330078125,12174.248489129208,12126.330078125,12174.248489129208,0.0076119578443467,47.91841100420788,0.39516004178914066,0.39516004178914066,pure_test,held_out_pure_test
NASDAQ,GARCH,1,c233a1992db9852e,p=1 q=1,"{""p"": 1, ""q"": 1}",level,2023-04-04,2023-04-05,12126.330078125,11996.8603515625,11996.8603515625,12112.104057669912,11996.8603515625,12112.104057669912,0.0076119578443467,115.24370610741244,0.9606155504877809,0.9606155504877809,pure_test,held_out_pure_test
NASDAQ,GARCH,1,c233a1992db9852e,p=1 q=1,"{""p"": 1, ""q"": 1}",level,2023-04-05,2023-04-06,11996.8603515625,12087.9599609375,12087.9599609375,11984.7457478403,12087.9599609375,11984.7457478403,0.0076119578443467,-103.21421309720063,-0.8538596539923987,0.8538596539923987,pure_test,held_out_pure_test
NASDAQ,GARCH,1,c233a1992db9852e,p=1 q=1,"{""p"": 1, ""q"": 1}",level,2023-04-06,2023-04-10,12087.9599609375,12084.3603515625,12084.3603515625,12068.826268617084,12084.3603515625,12068.826268617084,0.0076119578443467,-15.53408294541623,-0.12854700202156488,0.12854700202156488,pure_test,held_out_pure_test
NASDAQ,GARCH,1,c233a1992db9852e,p=1 q=1,"{""p"": 1, ""q"": 1}",level,2023-04-10,2023-04-11,12084.3603515625,12031.8798828125,12031.8798828125,12068.240234106255,12031.8798828125,12068.240234106255,0.0076119578443467,36.36035129375523,0.3022000855053072,0.3022000855053072,pure_test,held_out_pure_test
NASDAQ,GARCH,1,c233a1992db9852e,p=1 q=1,"{""p"": 1, ""q"": 1}",level,2023-04-11,2023-04-12,12031.8798828125,11929.33984375,11929.33984375,12017.315281136596,11929.33984375,12017.315281136596,0.0076119578443467,87.97543738659624,0.7374711303298831,0.7374711303298831,pure_test,held_out_pure_test
NASDAQ,GARCH,1,c233a1992db9852e,p=1 q=1,"{""p"": 1, ""q"": 1}",level,2023-04-12,2023-04-13,11929.33984375,12166.26953125,12166.26953125,11916.36826749496,12166.26953125,11916.36826749496,0.0076119578443467,-249.90126375504042,-2.0540500365633836,2.0540500365633836,pure_test,held_out_pure_test
NASDAQ,GARCH,1,c233a1992db9852e,p=1 q=1,"{""p"": 1, ""q"": 1}",level,2023-04-13,2023-04-14,12166.26953125,12123.4697265625,12123.4697265625,12142.495147446822,12123.4697265625,12142.495147446822,0.0076119578443467,19.025420884321647,0.156930493608088,0.156930493608088,pure_test,held_out_pure_test
NASDAQ,GARCH,1,c233a1992db9852e,p=1 q=1,"{""p"": 1, ""q"": 1}",level,2023-04-14,2023-04-17,12123.4697265625,12157.7197265625,12157.7197265625,12108.597061036942,12157.7197265625,12108.597061036942,0.0076119578443467,-49.12266552555775,-0.40404505639518307,0.40404505639518307,pure_test,held_out_pure_test
NASDAQ,GARCH,1,c233a1992db9852e,p=1 q=1,"{""p"": 1, ""q"": 1}",level,2023-04-17,2023-04-18,12157.7197265625,12153.41015625,12153.41015625,12140.39513632457,12153.41015625,12140.39513632457,0.0076119578443467,-13.015019925429442,-0.1070894486247249,0.1070894486247249,pure_test,held_out_pure_test
NASDAQ,GARCH,1,c233a1992db9852e,p=1 q=1,"{""p"": 1, ""q"": 1}",level,2023-04-18,2023-04-19,12153.41015625,12157.23046875,12157.23046875,12137.31263159298,12157.23046875,12137.31263159298,0.0076119578443467,-19.917837157019676,-0.16383531765905246,0.16383531765905246,pure_test,held_out_pure_test
NASDAQ,GARCH,1,c233a1992db9852e,p=1 q=1,"{""p"": 1, ""q"": 1}",level,2023-04-19,2023-04-20,12157.23046875,12059.5595703125,12059.5595703125,12140.874230126636,12059.5595703125,12140.874230126636,0.0076119578443467,81.31465981413567,0.6742755350229473,0.6742755350229473,pure_test,held_out_pure_test
NASDAQ,GARCH,1,c233a1992db9852e,p=1 q=1,"{""p"": 1, ""q"": 1}",level,2023-04-20,2023-04-21,12059.5595703125,12072.4599609375,12072.4599609375,12046.43304536843,12072.4599609375,12046.43304536843,0.0076119578443467,-26.026915569069388,-0.2155891645388256,0.2155891645388256,pure_test,held_out_pure_test
NASDAQ,GARCH,1,c233a1992db9852e,p=1 q=1,"{""p"": 1, ""q"": 1}",level,2023-04-21,2023-04-24,12072.4599609375,12037.2001953125,12037.2001953125,12055.8147706674,12037.2001953125,12055.8147706674,0.0076119578443467,18.614575354900808,0.15464206836195724,0.15464206836195724,pure_test,held_out_pure_test
NASDAQ,GARCH,1,c233a1992db9852e,p=1 q=1,"{""p"": 1, ""q"": 1}",level,2023-04-24,2023-04-25,12037.2001953125,11799.16015625,11799.16015625,12022.08758617924,11799.16015625,12022.08758617924,0.0076119578443467,222.92742992923922,1.88934997895723,1.88934997895723,pure_test,held_out_pure_test
NASDAQ,GARCH,1,c233a1992db9852e,p=1 q=1,"{""p"": 1, ""q"": 1}",level,2023-04-25,2023-04-26,11799.16015625,11854.349609375,11854.349609375,11790.500541587518,11854.349609375,11790.500541587518,0.0076119578443467,-63.849067787481545,-0.538612997688094,0.538612997688094,pure_test,held_out_pure_test
NASDAQ,GARCH,1,c233a1992db9852e,p=1 q=1,"{""p"": 1, ""q"": 1}",level,2023-04-26,2023-04-27,11854.349609375,12142.240234375,12142.240234375,11836.35867140538,12142.240234375,11836.35867140538,0.0076119578443467,-305.88156296962006,-2.519152619824317,2.519152619824317,pure_test,held_out_pure_test
NASDAQ,GARCH,1,c233a1992db9852e,p=1 q=1,"{""p"": 1, ""q"": 1}",level,2023-04-27,2023-04-28,12142.240234375,12226.580078125,12226.580078125,12116.8441413082,12226.580078125,12116.8441413082,0.0076119578443467,-109.73593681679995,-0.8975194708218722,0.8975194708218722,pure_test,held_out_pure_test
NASDAQ,GARCH,1,c233a1992db9852e,p=1 q=1,"{""p"": 1, ""q"": 1}",level,2023-04-28,2023-05-01,12226.580078125,12212.599609375,12212.599609375,12207.66149908687,12212.599609375,12207.66149908687,0.0076119578443467,-4.9381102881307015,-0.040434554853824585,0.040434554853824585,pure_test,held_out_pure_test
NASDAQ,GARCH,1,c233a1992db9852e,p=1 q=1,"{""p"": 1, ""q"": 1}",level,2023-05-01,2023-05-02,12212.599609375,12080.509765625,12080.509765625,12196.809837800103,12080.509765625,12196.809837800103,0.0076119578443467,116.3000721751032,0.9627083163827588,0.9627083163827588,pure_test,held_out_pure_test
NASDAQ,GARCH,1,c233a1992db9852e,p=1 q=1,"{""p"": 1, ""q"": 1}",level,2023-05-02,2023-05-03,12080.509765625,12025.330078125,12025.330078125,12068.47854083033,12025.330078125,12068.47854083033,0.0076119578443467,43.14846270533053,0.3588131255026496,0.3588131255026496,pure_test,held_out_pure_test
NASDAQ,GARCH,1,c233a1992db9852e,p=1 q=1,"{""p"": 1, ""q"": 1}",level,2023-05-03,2023-05-04,12025.330078125,11966.400390625,11966.400390625,12010.851372593595,11966.400390625,12010.851372593595,0.0076119578443467,44.45098196859544,0.3714649394768729,0.3714649394768729,pure_test,held_out_pure_test
NASDAQ,GARCH,1,c233a1992db9852e,p=1 q=1,"{""p"": 1, ""q"": 1}",level,2023-05-04,2023-05-05,11966.400390625,12235.41015625,12235.41015625,11952.041019824015,12235.41015625,11952.041019824015,0.0076119578443467,-283.36913642598483,-2.3159757850964753,2.3159757850964753,pure_test,held_out_pure_test
NASDAQ,GARCH,1,c233a1992db9852e,p=1 q=1,"{""p"": 1, ""q"": 1}",level,2023-05-05,2023-05-08,12235.41015625,12256.919921875,12256.919921875,12210.61490112017,12256.919921875,12210.61490112017,0.0076119578443467,-46.30502075482946,-0.3777867608663136,0.3777867608663136,pure_test,held_out_pure_test
NASDAQ,GARCH,1,c233a1992db9852e,p=1 q=1,"{""p"": 1, ""q"": 1}",level,2023-05-08,2023-05-09,12256.919921875,12179.5498046875,12179.5498046875,12240.000758952976,12179.5498046875,12240.000758952976,0.0076119578443467,60.45095426547596,0.49633159874440036,0.49633159874440036,pure_test,held_out_pure_test
NASDAQ,GARCH,1,c233a1992db9852e,p=1 q=1,"{""p"": 1, ""q"": 1}",level,2023-05-09,2023-05-10,12179.5498046875,12306.4404296875,12306.4404296875,12165.777256208014,12306.4404296875,12165.777256208014,0.0076119578443467,-140.66317347948643,-1.1430045453286148,1.1430045453286148,pure_test,held_out_pure_test
NASDAQ,GARCH,1,c233a1992db9852e,p=1 q=1,"{""p"": 1, ""q"": 1}",level,2023-05-10,2023-05-11,12306.4404296875,12328.509765625,12328.509765625,12286.16777438012,12328.509765625,12286.16777438012,0.0076119578443467,-42.341991244880774,-0.3434477649759498,0.3434477649759498,pure_test,held_out_pure_test
NASDAQ,GARCH,1,c233a1992db9852e,p=1 q=1,"{""p"": 1, ""q"": 1}",level,2023-05-11,2023-05-12,12328.509765625,12284.740234375,12284.740234375,12311.57279572367,12284.740234375,12311.57279572367,0.0076119578443467,26.832561348670424,0.21842188631378545,0.21842188631378545,pure_test,held_out_pure_test
NASDAQ,GARCH,1,c233a1992db9852e,p=1 q=1,"{""p"": 1, ""q"": 1}",level,2023-05-12,2023-05-15,12284.740234375,12365.2099609375,12365.2099609375,12269.898428064887,12365.2099609375,12269.898428064887,0.0076119578443467,-95.31153287261259,-0.7708039990724613,0.7708039990724613,pure_test,held_out_pure_test
NASDAQ,GARCH,1,c233a1992db9852e,p=1 q=1,"{""p"": 1, ""q"": 1}",level,2023-05-15,2023-05-16,12365.2099609375,12343.0498046875,12343.0498046875,12346.414539070374,12343.0498046875,12346.414539070374,0.0076119578443467,3.3647343828743033,0.02726015398233655,0.02726015398233655,pure_test,held_out_pure_test
NASDAQ,GARCH,1,c233a1992db9852e,p=1 q=1,"{""p"": 1, ""q"": 1}",level,2023-05-16,2023-05-17,12343.0498046875,12500.5703125,12500.5703125,12327.520331993335,12500.5703125,12327.520331993335,0.0076119578443467,-173.04998050666472,-1.3843366836921243,1.3843366836921243,pure_test,held_out_pure_test
NASDAQ,GARCH,1,c233a1992db9852e,p=1 q=1,"{""p"": 1, ""q"": 1}",level,2023-05-17,2023-05-18,12500.5703125,12688.83984375,12688.83984375,12479.32293484375,12688.83984375,12479.32293484375,0.0076119578443467,-209.51690890624923,-1.6511904278581357,1.6511904278581357,pure_test,held_out_pure_test
NASDAQ,GARCH,1,c233a1992db9852e,p=1 q=1,"{""p"": 1, ""q"": 1}",level,2023-05-18,2023-05-19,12688.83984375,12657.900390625,12657.900390625,12666.613952381049,12657.900390625,12666.613952381049,0.0076119578443467,8.713561756048875,0.06883891867645384,0.06883891867645384,pure_test,held_out_pure_test
NASDAQ,GARCH,1,c233a1992db9852e,p=1 q=1,"{""p"": 1, ""q"": 1}",level,2023-05-19,2023-05-22,12657.900390625,12720.7802734375,12720.7802734375,12642.650297937733,12720.7802734375,12642.650297937733,0.0076119578443467,-78.12997549976717,-0.6141916912354177,0.6141916912354177,pure_test,held_out_pure_test
NASDAQ,GARCH,1,c233a1992db9852e,p=1 q=1,"{""p"": 1, ""q"": 1}",level,2023-05-22,2023-05-23,12720.7802734375,12560.25,12560.25,12702.544606040256,12560.25,12702.544606040256,0.0076119578443467,142.29460604025553,1.1328962882128584,1.1328962882128584,pure_test,held_out_pure_test
NASDAQ,GARCH,1,c233a1992db9852e,p=1 q=1,"{""p"": 1, ""q"": 1}",level,2023-05-23,2023-05-24,12560.25,12484.16015625,12484.16015625,12549.123823474618,12484.16015625,12549.123823474618,0.0076119578443467,64.9636672246179,0.5203687425629095,0.5203687425629095,pure_test,held_out_pure_test
NASDAQ,GARCH,1,c233a1992db9852e,p=1 q=1,"{""p"": 1, ""q"": 1}",level,2023-05-24,2023-05-25,12484.16015625,12698.08984375,12698.08984375,12470.346866147704,12698.08984375,12470.346866147704,0.0076119578443467,-227.74297760229638,-1.7935215485531588,1.7935215485531588,pure_test,held_out_pure_test
NASDAQ,GARCH,1,c233a1992db9852e,p=1 q=1,"{""p"": 1, ""q"": 1}",level,2023-05-25,2023-05-26,12698.08984375,12975.6904296875,12975.6904296875,12675.047379626738,12975.6904296875,12675.047379626738,0.0076119578443467,-300.6430500607621,-2.3169715067562895,2.3169715067562895,pure_test,held_out_pure_test
NASDAQ,GARCH,1,c233a1992db9852e,p=1 q=1,"{""p"": 1, ""q"": 1}",level,2023-05-26,2023-05-30,12975.6904296875,13017.4296875,13017.4296875,12950.621792364043,13017.4296875,12950.621792364043,0.0076119578443467,-66.80789513595664,-0.5132187900358623,0.5132187900358623,pure_test,held_out_pure_test
NASDAQ,GARCH,1,c233a1992db9852e,p=1 q=1,"{""p"": 1, ""q"": 1}",level,2023-05-30,2023-05-31,13017.4296875,12935.2900390625,12935.2900390625,12999.866769645509,12935.2900390625,12999.866769645509,0.0076119578443467,64.57673058300861,0.4992290887022807,0.4992290887022807,pure_test,held_out_pure_test
NASDAQ,GARCH,1,c233a1992db9852e,p=1 q=1,"{""p"": 1, ""q"": 1}",level,2023-05-31,2023-06-01,12935.2900390625,13100.98046875,13100.98046875,12921.66926944327,13100.98046875,12921.66926944327,0.0076119578443467,-179.3111993067305,-1.3686853417913618,1.3686853417913618,pure_test,held_out_pure_test
NASDAQ,GARCH,1,c233a1992db9852e,p=1 q=1,"{""p"": 1, ""q"": 1}",level,2023-06-01,2023-06-02,13100.98046875,13240.76953125,13240.76953125,13079.473102980546,13240.76953125,13079.473102980546,0.0076119578443467,-161.29642826945383,-1.2181801661056975,1.2181801661056975,pure_test,held_out_pure_test
NASDAQ,GARCH,1,c233a1992db9852e,p=1 q=1,"{""p"": 1, ""q"": 1}",level,2023-06-02,2023-06-05,13240.76953125,13229.4296875,13229.4296875,13220.086414192776,13229.4296875,13220.086414192776,0.0076119578443467,-9.34327330722408,-0.07062491375612506,0.07062491375612506,pure_test,held_out_pure_test
NASDAQ,GARCH,1,c233a1992db9852e,p=1 q=1,"{""p"": 1, ""q"": 1}",level,2023-06-05,2023-06-06,13229.4296875,13276.419921875,13276.419921875,13213.555884385763,13276.419921875,13213.555884385763,0.0076119578443467,-62.86403748923658,-0.47350142477535034,0.47350142477535034,pure_test,held_out_pure_test
NASDAQ,GARCH,1,c233a1992db9852e,p=1 q=1,"{""p"": 1, ""q"": 1}",level,2023-06-06,2023-06-07,13276.419921875,13104.900390625,13104.900390625,13258.689904321163,13104.900390625,13258.689904321163,0.0076119578443467,153.78951369616334,1.17352676565311,1.17352676565311,pure_test,held_out_pure_test
NASDAQ,GARCH,1,c233a1992db9852e,p=1 q=1,"{""p"": 1, ""q"": 1}",level,2023-06-07,2023-06-08,13104.900390625,13238.51953125,13238.51953125,13094.123920797909,13238.51953125,13094.123920797909,0.0076119578443467,-144.3956104520912,-1.0907232497655057,1.0907232497655057,pure_test,held_out_pure_test
NASDAQ,GARCH,1,c233a1992db9852e,p=1 q=1,"{""p"": 1, ""q"": 1}",level,2023-06-08,2023-06-09,13238.51953125,13259.1396484375,13259.1396484375,13218.032757116422,13259.1396484375,13218.032757116422,0.0076119578443467,-41.106891321078365,-0.310026837419444,0.310026837419444,pure_test,held_out_pure_test
NASDAQ,GARCH,1,c233a1992db9852e,p=1 q=1,"{""p"": 1, ""q"": 1}",level,2023-06-09,2023-06-12,13259.1396484375,13461.919921875,13461.919921875,13242.248796437198,13461.919921875,13242.248796437198,0.0076119578443467,-219.6711254378024,-1.6317964058072203,1.6317964058072203,pure_test,held_out_pure_test
NASDAQ,GARCH,1,c233a1992db9852e,p=1 q=1,"{""p"": 1, ""q"": 1}",level,2023-06-12,2023-06-13,13461.919921875,13573.3203125,13573.3203125,13439.232261037472,13573.3203125,13439.232261037472,0.0076119578443467,-134.0880514625278,-0.9878795193468091,0.9878795193468091,pure_test,held_out_pure_test
NASDAQ,GARCH,1,c233a1992db9852e,p=1 q=1,"{""p"": 1, ""q"": 1}",level,2023-06-13,2023-06-14,13573.3203125,13626.48046875,13626.48046875,13553.540596644169,13626.48046875,13553.540596644169,0.0076119578443467,-72.93987210583145,-0.5352803482389056,0.5352803482389056,pure_test,held_out_pure_test
NASDAQ,GARCH,1,c233a1992db9852e,p=1 q=1,"{""p"": 1, ""q"": 1}",level,2023-06-14,2023-06-15,13626.48046875,13782.8203125,13782.8203125,13608.55410827252,13782.8203125,13608.55410827252,0.0076119578443467,-174.26620422748056,-1.2643726049989492,1.2643726049989492,pure_test,held_out_pure_test
NASDAQ,GARCH,1,c233a1992db9852e,p=1 q=1,"{""p"": 1, ""q"": 1}",level,2023-06-15,2023-06-16,13782.8203125,13689.5703125,13689.5703125,13761.61050663778,13689.5703125,13761.61050663778,0.0076119578443467,72.04019413778042,0.5262414560375225,0.5262414560375225,pure_test,held_out_pure_test
NASDAQ,GARCH,1,c233a1992db9852e,p=1 q=1,"{""p"": 1, ""q"": 1}",level,2023-06-16,2023-06-20,13689.5703125,13667.2900390625,13667.2900390625,13676.303103096394,13667.2900390625,13676.303103096394,0.0076119578443467,9.013064033893897,0.06594624104803254,0.06594624104803254,pure_test,held_out_pure_test
NASDAQ,GARCH,1,c233a1992db9852e,p=1 q=1,"{""p"": 1, ""q"": 1}",level,2023-06-20,2023-06-21,13667.2900390625,13502.2001953125,13502.2001953125,13651.76438880892,13502.2001953125,13651.76438880892,0.0076119578443467,149.56419349642056,1.107702384299887,1.107702384299887,pure_test,held_out_pure_test
NASDAQ,GARCH,1,c233a1992db9852e,p=1 q=1,"{""p"": 1, ""q"": 1}",level,2023-06-21,2023-06-22,13502.2001953125,13630.6103515625,13630.6103515625,13491.219116145538,13630.6103515625,13491.219116145538,0.0076119578443467,-139.39123541696245,-1.0226338500020564,1.0226338500020564,pure_test,held_out_pure_test
NASDAQ,GARCH,1,c233a1992db9852e,p=1 q=1,"{""p"": 1, ""q"": 1}",level,2023-06-22,2023-06-23,13630.6103515625,13492.51953125,13492.51953125,13610.289340827898,13492.51953125,13610.289340827898,0.0076119578443467,117.76980957789783,0.8728526151482041,0.8728526151482041,pure_test,held_out_pure_test
NASDAQ,GARCH,1,c233a1992db9852e,p=1 q=1,"{""p"": 1, ""q"": 1}",level,2023-06-23,2023-06-26,13492.51953125,13335.7802734375,13335.7802734375,13480.679273100755,13335.7802734375,13480.679273100755,0.0076119578443467,144.89899966325538,1.0865430945339463,1.0865430945339463,pure_test,held_out_pure_test
NASDAQ,GARCH,1,c233a1992db9852e,p=1 q=1,"{""p"": 1, ""q"": 1}",level,2023-06-26,2023-06-27,13335.7802734375,13555.669921875,13555.669921875,13324.533456958085,13555.669921875,13324.533456958085,0.0076119578443467,-231.13646491691543,-1.7050906834484576,1.7050906834484576,pure_test,held_out_pure_test
NASDAQ,GARCH,1,c233a1992db9852e,p=1 q=1,"{""p"": 1, ""q"": 1}",level,2023-06-27,2023-06-28,13555.669921875,13591.75,13591.75,13532.437796329925,13591.75,13532.437796329925,0.0076119578443467,-59.31220367007518,-0.4363838627849628,0.4363838627849628,pure_test,held_out_pure_test
NASDAQ,GARCH,1,c233a1992db9852e,p=1 q=1,"{""p"": 1, ""q"": 1}",level,2023-06-28,2023-06-29,13591.75,13591.330078125,13591.330078125,13574.367171927484,13591.330078125,13574.367171927484,0.0076119578443467,-16.962906197515622,-0.12480681507998333,0.12480681507998333,pure_test,held_out_pure_test
NASDAQ,GARCH,1,c233a1992db9852e,p=1 q=1,"{""p"": 1, ""q"": 1}",level,2023-06-29,2023-06-30,13591.330078125,13787.919921875,13787.919921875,13575.10877476192,13787.919921875,13575.10877476192,0.0076119578443467,-212.81114711307964,-1.543460857902486,1.543460857902486,pure_test,held_out_pure_test
NASDAQ,GARCH,1,c233a1992db9852e,p=1 q=1,"{""p"": 1, ""q"": 1}",level,2023-06-30,2023-07-03,13787.919921875,13816.76953125,13816.76953125,13765.429256572928,13816.76953125,13765.429256572928,0.0076119578443467,-51.34027467707165,-0.37157943874617777,0.37157943874617777,pure_test,held_out_pure_test
NASDAQ,GARCH,1,c233a1992db9852e,p=1 q=1,"{""p"": 1, ""q"": 1}",level,2023-07-03,2023-07-05,13816.76953125,13791.650390625,13791.650390625,13799.616795454578,13791.650390625,13799.616795454578,0.0076119578443467,7.966404829578096,0.05776252010414455,0.05776252010414455,pure_test,held_out_pure_test
NASDAQ,GARCH,1,c233a1992db9852e,p=1 q=1,"{""p"": 1, ""q"": 1}",level,2023-07-05,2023-07-06,13791.650390625,13679.0400390625,13679.0400390625,13776.215080491558,13679.0400390625,13776.215080491558,0.0076119578443467,97.17504142905818,0.710393720257859,0.710393720257859,pure_test,held_out_pure_test
NASDAQ,GARCH,1,c233a1992db9852e,p=1 q=1,"{""p"": 1, ""q"": 1}",level,2023-07-06,2023-07-07,13679.0400390625,13660.7197265625,13660.7197265625,13666.388926281446,13660.7197265625,13666.388926281446,0.0076119578443467,5.669199718946402,0.041500007557603004,0.041500007557603004,pure_test,held_out_pure_test
NASDAQ,GARCH,1,c233a1992db9852e,p=1 q=1,"{""p"": 1, ""q"": 1}",level,2023-07-07,2023-07-10,13660.7197265625,13685.48046875,13685.48046875,13645.068060076665,13685.48046875,13645.068060076665,0.0076119578443467,-40.41240867333545,-0.29529404368092765,0.29529404368092765,pure_test,held_out_pure_test
NASDAQ,GARCH,1,c233a1992db9852e,p=1 q=1,"{""p"": 1, ""q"": 1}",level,2023-07-10,2023-07-11,13685.48046875,13760.7001953125,13760.7001953125,13668.457851318191,13760.7001953125,13668.457851318191,0.0076119578443467,-92.24234399430861,-0.6703317613571032,0.6703317613571032,pure_test,held_out_pure_test
NASDAQ,GARCH,1,c233a1992db9852e,p=1 q=1,"{""p"": 1, ""q"": 1}",level,2023-07-11,2023-07-12,13760.7001953125,13918.9599609375,13918.9599609375,13742.071842067964,13918.9599609375,13742.071842067964,0.0076119578443467,-176.8881188695359,-1.2708429319860026,1.2708429319860026,pure_test,held_out_pure_test
NASDAQ,GARCH,1,c233a1992db9852e,p=1 q=1,"{""p"": 1, ""q"": 1}",level,2023-07-12,2023-07-13,13918.9599609375,14138.5703125,14138.5703125,13897.689058179443,14138.5703125,13897.689058179443,0.0076119578443467,-240.88125432055676,-1.703717200512078,1.703717200512078,pure_test,held_out_pure_test
NASDAQ,GARCH,1,c233a1992db9852e,p=1 q=1,"{""p"": 1, ""q"": 1}",level,2023-07-13,2023-07-14,14138.5703125,14113.7001953125,14113.7001953125,14115.347074906202,14113.7001953125,14115.347074906202,0.0076119578443467,1.6468795937016694,0.01166865932329098,0.01166865932329098,pure_test,held_out_pure_test
NASDAQ,GARCH,1,c233a1992db9852e,p=1 q=1,"{""p"": 1, ""q"": 1}",level,2023-07-14,2023-07-17,14113.7001953125,14244.9501953125,14244.9501953125,14098.256960607116,14244.9501953125,14098.256960607116,0.0076119578443467,-146.69323470538438,-1.0297911378704283,1.0297911378704283,pure_test,held_out_pure_test
NASDAQ,GARCH,1,c233a1992db9852e,p=1 q=1,"{""p"": 1, ""q"": 1}",level,2023-07-17,2023-07-18,14244.9501953125,14353.6396484375,14353.6396484375,14224.538813381008,14353.6396484375,14224.538813381008,0.0076119578443467,-129.10083505649163,-0.8994292612783074,0.8994292612783074,pure_test,held_out_pure_test
NASDAQ,GARCH,1,c233a1992db9852e,p=1 q=1,"{""p"": 1, ""q"": 1}",level,2023-07-18,2023-07-19,14353.6396484375,14358.01953125,14358.01953125,14333.946201647204,14358.01953125,14333.946201647204,0.0076119578443467,-24.07332960279564,-0.16766469463563843,0.16766469463563843,pure_test,held_out_pure_test
NASDAQ,GARCH,1,c233a1992db9852e,p=1 q=1,"{""p"": 1, ""q"": 1}",level,2023-07-19,2023-07-20,14358.01953125,14063.3095703125,14063.3095703125,14341.64548564733,14063.3095703125,14341.64548564733,0.0076119578443467,278.33591533483013,1.9791636808052235,1.9791636808052235,pure_test,held_out_pure_test
NASDAQ,GARCH,1,c233a1992db9852e,p=1 q=1,"{""p"": 1, ""q"": 1}",level,2023-07-20,2023-07-21,14063.3095703125,14032.8095703125,14032.8095703125,14056.453339610003,14032.8095703125,14056.453339610003,0.0076119578443467,23.64376929750324,0.16848920509491894,0.16848920509491894,pure_test,held_out_pure_test
NASDAQ,GARCH,1,c233a1992db9852e,p=1 q=1,"{""p"": 1, ""q"": 1}",level,2023-07-21,2023-07-24,14032.8095703125,14058.8701171875,14058.8701171875,14017.54549308651,14058.8701171875,14017.54549308651,0.0076119578443467,-41.32462410098924,-0.29393986683516143,0.29393986683516143,pure_test,held_out_pure_test
NASDAQ,GARCH,1,c233a1992db9852e,p=1 q=1,"{""p"": 1, ""q"": 1}",level,2023-07-24,2023-07-25,14058.8701171875,14144.5595703125,14144.5595703125,14041.806136597828,14144.5595703125,14041.806136597828,0.0076119578443467,-102.7534337146717,-0.7264519846226752,0.7264519846226752,pure_test,held_out_pure_test
NASDAQ,GARCH,1,c233a1992db9852e,p=1 q=1,"{""p"": 1, ""q"": 1}",level,2023-07-25,2023-07-26,14144.5595703125,14127.2802734375,14127.2802734375,14125.59804320212,14127.2802734375,14125.59804320212,0.0076119578443467,-1.682230235379393,-0.011907672268259365,0.011907672268259365,pure_test,held_out_pure_test
NASDAQ,GARCH,1,c233a1992db9852e,p=1 q=1,"{""p"": 1, ""q"": 1}",level,2023-07-26,2023-07-27,14127.2802734375,14050.1103515625,14050.1103515625,14111.595479133272,14050.1103515625,14111.595479133272,0.0076119578443467,61.48512757077151,0.43761312923733586,0.43761312923733586,pure_test,held_out_pure_test
NASDAQ,GARCH,1,c233a1992db9852e,p=1 q=1,"{""p"": 1, ""q"": 1}",level,2023-07-27,2023-07-28,14050.1103515625,14316.66015625,14316.66015625,14036.331432348708,14316.66015625,14036.331432348708,0.0076119578443467,-280.3287239012916,-1.958059497409477,1.958059497409477,pure_test,held_out_pure_test
NASDAQ,GARCH,1,c233a1992db9852e,p=1 q=1,"{""p"": 1, ""q"": 1}",level,2023-07-28,2023-07-31,14316.66015625,14346.01953125,14346.01953125,14291.943183460256,14346.01953125,14291.943183460256,0.0076119578443467,-54.07634778974352,-0.3769432187928419,0.3769432187928419,pure_test,held_out_pure_test
NASDAQ,GARCH,1,c233a1992db9852e,p=1 q=1,"{""p"": 1, ""q"": 1}",level,2023-07-31,2023-08-01,14346.01953125,14283.91015625,14283.91015625,14328.850573389662,14283.91015625,14328.850573389662,0.0076119578443467,44.940417139661804,0.31462265337756895,0.31462265337756895,pure_test,held_out_pure_test
NASDAQ,GARCH,1,c233a1992db9852e,p=1 q=1,"{""p"": 1, ""q"": 1}",level,2023-08-01,2023-08-02,14283.91015625,13973.4501953125,13973.4501953125,14269.651971355854,13973.4501953125,14269.651971355854,0.0076119578443467,296.2017760433537,2.119746890733663,2.119746890733663,pure_test,held_out_pure_test
NASDAQ,GARCH,1,c233a1992db9852e,p=1 q=1,"{""p"": 1, ""q"": 1}",level,2023-08-02,2023-08-03,13973.4501953125,13959.7197265625,13959.7197265625,13967.095170477774,13959.7197265625,13967.095170477774,0.0076119578443467,7.375443915274445,0.052833753540484626,0.052833753540484626,pure_test,held_out_pure_test
NASDAQ,GARCH,1,c233a1992db9852e,p=1 q=1,"{""p"": 1, ""q"": 1}",level,2023-08-03,2023-08-04,13959.7197265625,13909.240234375,13909.240234375,13943.921999338909,13909.240234375,13943.921999338909,0.0076119578443467,34.68176496390879,0.24934334571486524,0.24934334571486524,pure_test,held_out_pure_test
NASDAQ,GARCH,1,c233a1992db9852e,p=1 q=1,"{""p"": 1, ""q"": 1}",level,2023-08-04,2023-08-07,13909.240234375,13994.400390625,13994.400390625,13894.611956432786,13994.400390625,13894.611956432786,0.0076119578443467,-99.78843419221448,-0.7130597339423261,0.7130597339423261,pure_test,held_out_pure_test
NASDAQ,GARCH,1,c233a1992db9852e,p=1 q=1,"{""p"": 1, ""q"": 1}",level,2023-08-07,2023-08-08,13994.400390625,13884.3203125,13884.3203125,13975.45570711459,13884.3203125,13975.45570711459,0.0076119578443467,91.13539461459004,0.6563907527582837,0.6563907527582837,pure_test,held_out_pure_test
NASDAQ,GARCH,1,c233a1992db9852e,p=1 q=1,"{""p"": 1, ""q"": 1}",level,2023-08-08,2023-08-09,13884.3203125,13722.01953125,13722.01953125,13871.588679852666,13722.01953125,13871.588679852666,0.0076119578443467,149.56914860266625,1.089993701452204,1.089993701452204,pure_test,held_out_pure_test
NASDAQ,GARCH,1,c233a1992db9852e,p=1 q=1,"{""p"": 1, ""q"": 1}",level,2023-08-09,2023-08-10,13722.01953125,13737.990234375,13737.990234375,13710.949696877287,13737.990234375,13710.949696877287,0.0076119578443467,-27.04053749771265,-0.19683037355822403,0.19683037355822403,pure_test,held_out_pure_test
NASDAQ,GARCH,1,c233a1992db9852e,p=1 q=1,"{""p"": 1, ""q"": 1}",level,2023-08-10,2023-08-11,13737.990234375,13644.849609375,13644.849609375,13721.247338794368,13644.849609375,13721.247338794368,0.0076119578443467,76.39772941936826,0.5599015863603032,0.5599015863603032,pure_test,held_out_pure_test
NASDAQ,GARCH,1,c233a1992db9852e,p=1 q=1,"{""p"": 1, ""q"": 1}",level,2023-08-11,2023-08-14,13644.849609375,13788.330078125,13788.330078125,13631.57891937509,13788.330078125,13631.57891937509,0.0076119578443467,-156.75115874991025,-1.1368393261675238,1.1368393261675238,pure_test,held_out_pure_test
NASDAQ,GARCH,1,c233a1992db9852e,p=1 q=1,"{""p"": 1, ""q"": 1}",level,2023-08-14,2023-08-15,13788.330078125,13631.0498046875,13631.0498046875,13767.529490942516,13631.0498046875,13767.529490942516,0.0076119578443467,136.47968625501562,1.0012411971973167,1.0012411971973167,pure_test,held_out_pure_test
NASDAQ,GARCH,1,c233a1992db9852e,p=1 q=1,"{""p"": 1, ""q"": 1}",level,2023-08-15,2023-08-16,13631.0498046875,13474.6298828125,13474.6298828125,13619.820204729083,13474.6298828125,13619.820204729083,0.0076119578443467,145.19032191658334,1.0775087937797845,1.0775087937797845,pure_test,held_out_pure_test
NASDAQ,GARCH,1,c233a1992db9852e,p=1 q=1,"{""p"": 1, ""q"": 1}",level,2023-08-16,2023-08-17,13474.6298828125,13316.9296875,13316.9296875,13463.372904234944,13316.9296875,13463.372904234944,0.0076119578443467,146.44321673494414,1.099677028950628,1.099677028950628,pure_test,held_out_pure_test
NASDAQ,GARCH,1,c233a1992db9852e,p=1 q=1,"{""p"": 1, ""q"": 1}",level,2023-08-17,2023-08-18,13316.9296875,13290.7802734375,13290.7802734375,13305.713450545252,13290.7802734375,13305.713450545252,0.0076119578443467,14.933177107752272,0.11235741469292973,0.11235741469292973,pure_test,held_out_pure_test
NASDAQ,GARCH,1,c233a1992db9852e,p=1 q=1,"{""p"": 1, ""q"": 1}",level,2023-08-18,2023-08-21,13290.7802734375,13497.58984375,13497.58984375,13275.377749278172,13497.58984375,13275.377749278172,0.0076119578443467,-222.2120944718281,-1.646309430381176,1.646309430381176,pure_test,held_out_pure_test
NASDAQ,GARCH,1,c233a1992db9852e,p=1 q=1,"{""p"": 1, ""q"": 1}",level,2023-08-21,2023-08-22,13497.58984375,13505.8701171875,13505.8701171875,13474.773960230776,13505.8701171875,13474.773960230776,0.0076119578443467,-31.09615695672437,-0.23024178884373814,0.23024178884373814,pure_test,held_out_pure_test
NASDAQ,GARCH,1,c233a1992db9852e,p=1 q=1,"{""p"": 1, ""q"": 1}",level,2023-08-22,2023-08-23,13505.8701171875,13721.0302734375,13721.0302734375,13489.37195103449,13721.0302734375,13489.37195103449,0.0076119578443467,-231.65832240300915,-1.688344955053964,1.688344955053964,pure_test,held_out_pure_test
NASDAQ,GARCH,1,c233a1992db9852e,p=1 q=1,"{""p"": 1, ""q"": 1}",level,2023-08-23,2023-08-24,13721.0302734375,13463.9697265625,13463.9697265625,13697.94865260582,13463.9697265625,13697.94865260582,0.0076119578443467,233.97892604332083,1.7378153010973698,1.7378153010973698,pure_test,held_out_pure_test
NASDAQ,GARCH,1,c233a1992db9852e,p=1 q=1,"{""p"": 1, ""q"": 1}",level,2023-08-24,2023-08-25,13463.9697265625,13590.650390625,13590.650390625,13455.915393812626,13590.650390625,13455.915393812626,0.0076119578443467,-134.73499681237445,-0.9913800512837585,0.9913800512837585,pure_test,held_out_pure_test
NASDAQ,GARCH,1,c233a1992db9852e,p=1 q=1,"{""p"": 1, ""q"": 1}",level,2023-08-25,2023-08-28,13590.650390625,13705.1298828125,13705.1298828125,13570.384416819454,13705.1298828125,13570.384416819454,0.0076119578443467,-134.7454659930463,-0.9831754032629022,0.9831754032629022,pure_test,held_out_pure_test
NASDAQ,GARCH,1,c233a1992db9852e,p=1 q=1,"{""p"": 1, ""q"": 1}",level,2023-08-28,2023-08-29,13705.1298828125,13943.759765625,13943.759765625,13685.252181955362,13943.759765625,13685.252181955362,0.0076119578443467,-258.5075836696378,-1.85393027429321,1.85393027429321,pure_test,held_out_pure_test
NASDAQ,GARCH,1,c233a1992db9852e,p=1 q=1,"{""p"": 1, ""q"": 1}",level,2023-08-29,2023-08-30,13943.759765625,14019.3095703125,14019.3095703125,13919.931277195346,14019.3095703125,13919.931277195346,0.0076119578443467,-99.37829311715359,-0.7088672421329404,0.7088672421329404,pure_test,held_out_pure_test
NASDAQ,GARCH,1,c233a1992db9852e,p=1 q=1,"{""p"": 1, ""q"": 1}",level,2023-08-30,2023-08-31,14019.3095703125,14034.9697265625,14034.9697265625,14000.670713125548,14034.9697265625,14000.670713125548,0.0076119578443467,-34.29901343695201,-0.24438252525787713,0.24438252525787713,pure_test,held_out_pure_test
NASDAQ,GARCH,1,c233a1992db9852e,p=1 q=1,"{""p"": 1, ""q"": 1}",level,2023-08-31,2023-09-01,14034.9697265625,14031.8095703125,14031.8095703125,14018.236713389231,14031.8095703125,14018.236713389231,0.0076119578443467,-13.572856923268773,-0.09672919843485657,0.09672919843485657,pure_test,held_out_pure_test
NASDAQ,GARCH,1,c233a1992db9852e,p=1 q=1,"{""p"": 1, ""q"": 1}",level,2023-09-01,2023-09-05,14031.8095703125,14020.9501953125,14020.9501953125,14015.675468317531,14020.9501953125,14015.675468317531,0.0076119578443467,-5.27472699496866,-0.03762032473899032,0.03762032473899032,pure_test,held_out_pure_test
NASDAQ,GARCH,1,c233a1992db9852e,p=1 q=1,"{""p"": 1, ""q"": 1}",level,2023-09-05,2023-09-06,14020.9501953125,13872.4697265625,13872.4697265625,14005.06110243593,13872.4697265625,14005.06110243593,0.0076119578443467,132.59137587342957,0.9557878192341515,0.9557878192341515,pure_test,held_out_pure_test
NASDAQ,GARCH,1,c233a1992db9852e,p=1 q=1,"{""p"": 1, ""q"": 1}",level,2023-09-06,2023-09-07,13872.4697265625,13748.830078125,13748.830078125,13860.96009398538,13748.830078125,13860.96009398538,0.0076119578443467,112.13001586038081,0.8155604165825328,0.8155604165825328,pure_test,held_out_pure_test
NASDAQ,GARCH,1,c233a1992db9852e,p=1 q=1,"{""p"": 1, ""q"": 1}",level,2023-09-07,2023-09-08,13748.830078125,13761.5302734375,13761.5302734375,13736.529946189095,13761.5302734375,13736.529946189095,0.0076119578443467,-25.000327248404574,-0.18166822113279216,0.18166822113279216,pure_test,held_out_pure_test
NASDAQ,GARCH,1,c233a1992db9852e,p=1 q=1,"{""p"": 1, ""q"": 1}",level,2023-09-08,2023-09-11,13761.5302734375,13917.8896484375,13917.8896484375,13744.891453901708,13917.8896484375,13744.891453901708,0.0076119578443467,-172.9981945357922,-1.2429915662911866,1.2429915662911866,pure_test,held_out_pure_test
NASDAQ,GARCH,1,c233a1992db9852e,p=1 q=1,"{""p"": 1, ""q"": 1}",level,2023-09-11,2023-09-12,13917.8896484375,13773.6103515625,13773.6103515625,13896.679221040227,13773.6103515625,13896.679221040227,0.0076119578443467,123.06886947772728,0.8935120591948947,0.8935120591948947,pure_test,held_out_pure_test
NASDAQ,GARCH,1,c233a1992db9852e,p=1 q=1,"{""p"": 1, ""q"": 1}",level,2023-09-12,2023-09-13,13773.6103515625,13813.58984375,13813.58984375,13761.967026795206,13813.58984375,13761.967026795206,0.0076119578443467,-51.62281695479396,-0.37371036449407,0.37371036449407,pure_test,held_out_pure_test
NASDAQ,GARCH,1,c233a1992db9852e,p=1 q=1,"{""p"": 1, ""q"": 1}",level,2023-09-13,2023-09-14,13813.58984375,13926.0498046875,13926.0498046875,13796.0829262039,13926.0498046875,13796.0829262039,0.0076119578443467,-129.96687848359943,-0.9332644957211962,0.9332644957211962,pure_test,held_out_pure_test
NASDAQ,GARCH,1,c233a1992db9852e,p=1 q=1,"{""p"": 1, ""q"": 1}",level,2023-09-14,2023-09-15,13926.0498046875,13708.330078125,13708.330078125,13906.236370554974,13708.330078125,13906.236370554974,0.0076119578443467,197.9062924299742,1.4436936614605027,1.4436936614605027,pure_test,held_out_pure_test
NASDAQ,GARCH,1,c233a1992db9852e,p=1 q=1,"{""p"": 1, ""q"": 1}",level,2023-09-15,2023-09-18,13708.330078125,13710.240234375,13710.240234375,13699.023818392048,13710.240234375,13699.023818392048,0.0076119578443467,-11.21641598295173,-0.08181049924150396,0.08181049924150396,pure_test,held_out_pure_test
NASDAQ,GARCH,1,c233a1992db9852e,p=1 q=1,"{""p"": 1, ""q"": 1}",level,2023-09-18,2023-09-19,13710.240234375,13678.1904296875,13678.1904296875,13693.944781879944,13678.1904296875,13693.944781879944,0.0076119578443467,15.754352192443548,0.11517862887951826,0.11517862887951826,pure_test,held_out_pure_test
NASDAQ,GARCH,1,c233a1992db9852e,p=1 q=1,"{""p"": 1, ""q"": 1}",level,2023-09-19,2023-09-20,13678.1904296875,13469.1298828125,13469.1298828125,13662.975671268068,13469.1298828125,13662.975671268068,0.0076119578443467,193.84578845556825,1.4391856797143838,1.4391856797143838,pure_test,held_out_pure_test
NASDAQ,GARCH,1,c233a1992db9852e,p=1 q=1,"{""p"": 1, ""q"": 1}",level,2023-09-20,2023-09-21,13469.1298828125,13223.98046875,13223.98046875,13459.548065513234,13223.98046875,13459.548065513234,0.0076119578443467,235.56759676323418,1.7813667928496364,1.7813667928496364,pure_test,held_out_pure_test
NASDAQ,GARCH,1,c233a1992db9852e,p=1 q=1,"{""p"": 1, ""q"": 1}",level,2023-09-21,2023-09-22,13223.98046875,13211.8095703125,13211.8095703125,13215.547092847277,13211.8095703125,13215.547092847277,0.0076119578443467,3.737522534776872,0.028289255267312092,0.028289255267312092,pure_test,held_out_pure_test
NASDAQ,GARCH,1,c233a1992db9852e,p=1 q=1,"{""p"": 1, ""q"": 1}",level,2023-09-22,2023-09-25,13211.8095703125,13271.3203125,13271.3203125,13195.962213514824,13271.3203125,13195.962213514824,0.0076119578443467,-75.35809898517618,-0.5678266910203188,0.5678266910203188,pure_test,held_out_pure_test
NASDAQ,GARCH,1,c233a1992db9852e,p=1 q=1,"{""p"": 1, ""q"": 1}",level,2023-09-25,2023-09-26,13271.3203125,13063.6103515625,13063.6103515625,13253.19185989962,13063.6103515625,13253.19185989962,0.0076119578443467,189.58150833711989,1.4512183327210506,1.4512183327210506,pure_test,held_out_pure_test
NASDAQ,GARCH,1,c233a1992db9852e,p=1 q=1,"{""p"": 1, ""q"": 1}",level,2023-09-26,2023-09-27,13063.6103515625,13092.849609375,13092.849609375,13053.98555511423,13092.849609375,13053.98555511423,0.0076119578443467,-38.86405426076999,-0.2968341913355652,0.2968341913355652,pure_test,held_out_pure_test
NASDAQ,GARCH,1,c233a1992db9852e,p=1 q=1,"{""p"": 1, ""q"": 1}",level,2023-09-27,2023-09-28,13092.849609375,13201.2802734375,13201.2802734375,13075.684473955243,13201.2802734375,13075.684473955243,0.0076119578443467,-125.59579948225655,-0.9513910536008375,0.9513910536008375,pure_test,held_out_pure_test
NASDAQ,GARCH,1,c233a1992db9852e,p=1 q=1,"{""p"": 1, ""q"": 1}",level,2023-09-28,2023-09-29,13201.2802734375,13219.3203125,13219.3203125,13181.59506198667,13219.3203125,13181.59506198667,0.0076119578443467,-37.72525051332923,-0.2853796535791388,0.2853796535791388,pure_test,held_out_pure_test
NASDAQ,GARCH,1,c233a1992db9852e,p=1 q=1,"{""p"": 1, ""q"": 1}",level,2023-09-29,2023-10-02,13219.3203125,13307.76953125,13307.76953125,13202.511565280369,13307.76953125,13202.511565280369,0.0076119578443467,-105.25796596963119,-0.7909512238129682,0.7909512238129682,pure_test,held_out_pure_test
NASDAQ,GARCH,1,c233a1992db9852e,p=1 q=1,"{""p"": 1, ""q"": 1}",level,2023-10-02,2023-10-03,13307.76953125,13059.4697265625,13059.4697265625,13288.72018123645,13059.4697265625,13288.72018123645,0.0076119578443467,229.2504546739492,1.7554346345905751,1.7554346345905751,pure_test,held_out_pure_test
NASDAQ,GARCH,1,c233a1992db9852e,p=1 q=1,"{""p"": 1, ""q"": 1}",level,2023-10-03,2023-10-04,13059.4697265625,13236.009765625,13236.009765625,13051.13660426403,13236.009765625,13051.13660426403,0.0076119578443467,-184.8731613609707,-1.3967439178014316,1.3967439178014316,pure_test,held_out_pure_test
NASDAQ,GARCH,1,c233a1992db9852e,p=1 q=1,"{""p"": 1, ""q"": 1}",level,2023-10-04,2023-10-05,13236.009765625,13219.830078125,13219.830078125,13214.157137132894,13219.830078125,13214.157137132894,0.0076119578443467,-5.672940992106305,-0.04291235937664119,0.04291235937664119,pure_test,held_out_pure_test
NASDAQ,GARCH,1,c233a1992db9852e,p=1 q=1,"{""p"": 1, ""q"": 1}",level,2023-10-05,2023-10-06,13219.830078125,13431.33984375,13431.33984375,13204.110291397215,13431.33984375,13204.110291397215,0.0076119578443467,-227.2295523527846,-1.6917861880959049,1.6917861880959049,pure_test,held_out_pure_test
NASDAQ,GARCH,1,c233a1992db9852e,p=1 q=1,"{""p"": 1, ""q"": 1}",level,2023-10-06,2023-10-09,13431.33984375,13484.240234375,13484.240234375,13408.374387819964,13484.240234375,13408.374387819964,0.0076119578443467,-75.86584655503611,-0.5626260377772966,0.5626260377772966,pure_test,held_out_pure_test
NASDAQ,GARCH,1,c233a1992db9852e,p=1 q=1,"{""p"": 1, ""q"": 1}",level,2023-10-09,2023-10-10,13484.240234375,13562.83984375,13562.83984375,13466.32214031374,13562.83984375,13466.32214031374,0.0076119578443467,-96.51770343626049,-0.711633437747461,0.711633437747461,pure_test,held_out_pure_test
NASDAQ,GARCH,1,c233a1992db9852e,p=1 q=1,"{""p"": 1, ""q"": 1}",level,2023-10-10,2023-10-11,13562.83984375,13659.6796875,13659.6796875,13544.103933864322,13659.6796875,13544.103933864322,0.0076119578443467,-115.57575363567776,-0.8461088127962573,0.8461088127962573,pure_test,held_out_pure_test
NASDAQ,GARCH,1,c233a1992db9852e,p=1 q=1,"{""p"": 1, ""q"": 1}",level,2023-10-11,2023-10-12,13659.6796875,13574.2197265625,13574.2197265625,13640.363326027133,13574.2197265625,13640.363326027133,0.0076119578443467,66.14359946463264,0.4872736761082523,0.4872736761082523,pure_test,held_out_pure_test
NASDAQ,GARCH,1,c233a1992db9852e,p=1 q=1,"{""p"": 1, ""q"": 1}",level,2023-10-12,2023-10-13,13574.2197265625,13407.23046875,13407.23046875,13560.704617902496,13407.23046875,13560.704617902496,0.0076119578443467,153.47414915249647,1.1447117994295608,1.1447117994295608,pure_test,held_out_pure_test
NASDAQ,GARCH,1,c233a1992db9852e,p=1 q=1,"{""p"": 1, ""q"": 1}",level,2023-10-13,2023-10-16,13407.23046875,13567.98046875,13567.98046875,13396.309833867066,13567.98046875,13396.309833867066,0.0076119578443467,-171.67063488293388,-1.265262986472663,1.265262986472663,pure_test,held_out_pure_test
NASDAQ,GARCH,1,c233a1992db9852e,p=1 q=1,"{""p"": 1, ""q"": 1}",level,2023-10-16,2023-10-17,13567.98046875,13533.75,13533.75,13546.630320272525,13533.75,13546.630320272525,0.0076119578443467,12.880320272524841,0.09517185017105267,0.09517185017105267,pure_test,held_out_pure_test
NASDAQ,GARCH,1,c233a1992db9852e,p=1 q=1,"{""p"": 1, ""q"": 1}",level,2023-10-17,2023-10-18,13533.75,13314.2998046875,13314.2998046875,13518.60463596938,13314.2998046875,13518.60463596938,0.0076119578443467,204.30483128187916,1.5344767226133105,1.5344767226133105,pure_test,held_out_pure_test
NASDAQ,GARCH,1,c233a1992db9852e,p=1 q=1,"{""p"": 1, ""q"": 1}",level,2023-10-18,2023-10-19,13314.2998046875,13186.1796875,13186.1796875,13305.048612960356,13186.1796875,13305.048612960356,0.0076119578443467,118.86892546035597,0.9014659914959237,0.9014659914959237,pure_test,held_out_pure_test
NASDAQ,GARCH,1,c233a1992db9852e,p=1 q=1,"{""p"": 1, ""q"": 1}",level,2023-10-19,2023-10-20,13186.1796875,12983.8095703125,12983.8095703125,13174.022135705549,12983.8095703125,13174.022135705549,0.0076119578443467,190.21256539304886,1.464998114482287,1.464998114482287,pure_test,held_out_pure_test
NASDAQ,GARCH,1,c233a1992db9852e,p=1 q=1,"{""p"": 1, ""q"": 1}",level,2023-10-20,2023-10-23,12983.8095703125,13018.330078125,13018.330078125,12974.014846180393,13018.330078125,12974.014846180393,0.0076119578443467,-44.31523194460715,-0.3404064244696872,0.3404064244696872,pure_test,held_out_pure_test
NASDAQ,GARCH,1,c233a1992db9852e,p=1 q=1,"{""p"": 1, ""q"": 1}",level,2023-10-23,2023-10-24,13018.330078125,13139.8701171875,13139.8701171875,13000.99687962657,13139.8701171875,13000.99687962657,0.0076119578443467,-138.87323756093065,-1.056884400853237,1.056884400853237,pure_test,held_out_pure_test
NASDAQ,GARCH,1,c233a1992db9852e,p=1 q=1,"{""p"": 1, ""q"": 1}",level,2023-10-24,2023-10-25,13139.8701171875,12821.2197265625,12821.2197265625,13119.76773140824,12821.2197265625,13119.76773140824,0.0076119578443467,298.54800484573934,2.3285460448604534,2.3285460448604534,pure_test,held_out_pure_test
NASDAQ,GARCH,1,c233a1992db9852e,p=1 q=1,"{""p"": 1, ""q"": 1}",level,2023-10-25,2023-10-26,12821.2197265625,12595.6103515625,12595.6103515625,12815.125342452786,12595.6103515625,12815.125342452786,0.0076119578443467,219.51499089028584,1.7427896287936118,1.7427896287936118,pure_test,held_out_pure_test
NASDAQ,GARCH,1,c233a1992db9852e,p=1 q=1,"{""p"": 1, ""q"": 1}",level,2023-10-26,2023-10-27,12595.6103515625,12643.009765625,12643.009765625,12586.555160914722,12643.009765625,12586.555160914722,0.0076119578443467,-56.454604710277636,-0.4465282061536621,0.4465282061536621,pure_test,held_out_pure_test
NASDAQ,GARCH,1,c233a1992db9852e,p=1 q=1,"{""p"": 1, ""q"": 1}",level,2023-10-27,2023-10-30,12643.009765625,12789.48046875,12789.48046875,12625.266726911776,12789.48046875,12625.266726911776,0.0076119578443467,-164.21374183822445,-1.2839750781078767,1.2839750781078767,pure_test,held_out_pure_test
NASDAQ,GARCH,1,c233a1992db9852e,p=1 q=1,"{""p"": 1, ""q"": 1}",level,2023-10-30,2023-10-31,12789.48046875,12851.240234375,12851.240234375,12768.584724550708,12851.240234375,12768.584724550708,0.0076119578443467,-82.65550982429158,-0.6431714629627839,0.6431714629627839,pure_test,held_out_pure_test
NASDAQ,GARCH,1,c233a1992db9852e,p=1 q=1,"{""p"": 1, ""q"": 1}",level,2023-10-31,2023-11-01,12851.240234375,13061.4697265625,13061.4697265625,12833.04021201312,13061.4697265625,12833.04021201312,0.0076119578443467,-228.42951454937975,-1.748880633890942,1.748880633890942,pure_test,held_out_pure_test
NASDAQ,GARCH,1,c233a1992db9852e,p=1 q=1,"{""p"": 1, ""q"": 1}",level,2023-11-01,2023-11-02,13061.4697265625,13294.1904296875,13294.1904296875,13038.54501225527,13294.1904296875,13038.54501225527,0.0076119578443467,-255.6454174322298,-1.9229859748461504,1.9229859748461504,pure_test,held_out_pure_test
NASDAQ,GARCH,1,c233a1992db9852e,p=1 q=1,"{""p"": 1, ""q"": 1}",level,2023-11-02,2023-11-03,13294.1904296875,13478.2802734375,13478.2802734375,13270.549986688518,13478.2802734375,13270.549986688518,0.0076119578443467,-207.7302867489816,-1.5412224893287672,1.5412224893287672,pure_test,held_out_pure_test
NASDAQ,GARCH,1,c233a1992db9852e,p=1 q=1,"{""p"": 1, ""q"": 1}",level,2023-11-03,2023-11-06,13478.2802734375,13518.7802734375,13518.7802734375,13456.187390570163,13518.7802734375,13456.187390570163,0.0076119578443467,-62.59288286733681,-0.463006880808049,0.463006880808049,pure_test,held_out_pure_test
NASDAQ,GARCH,1,c233a1992db9852e,p=1 q=1,"{""p"": 1, ""q"": 1}",level,2023-11-06,2023-11-07,13518.7802734375,13639.8603515625,13639.8603515625,13501.2567919822,13639.8603515625,13501.2567919822,0.0076119578443467,-138.6035595803005,-1.0161655325483072,1.0161655325483072,pure_test,held_out_pure_test
NASDAQ,GARCH,1,c233a1992db9852e,p=1 q=1,"{""p"": 1, ""q"": 1}",level,2023-11-07,2023-11-08,13639.8603515625,13650.41015625,13650.41015625,13619.772602933768,13650.41015625,13619.772602933768,0.0076119578443467,-30.637553316231788,-0.2244441959291899,0.2244441959291899,pure_test,held_out_pure_test
NASDAQ,GARCH,1,c233a1992db9852e,p=1 q=1,"{""p"": 1, ""q"": 1}",level,2023-11-08,2023-11-09,13650.41015625,13521.4501953125,13521.4501953125,13633.839767723684,13521.4501953125,13633.839767723684,0.0076119578443467,112.38957241118442,0.8311946632037048,0.8311946632037048,pure_test,held_out_pure_test
NASDAQ,GARCH,1,c233a1992db9852e,p=1 q=1,"{""p"": 1, ""q"": 1}",level,2023-11-09,2023-11-10,13521.4501953125,13798.1103515625,13798.1103515625,13509.319369525385,13798.1103515625,13509.319369525385,0.0076119578443467,-288.7909820371151,-2.0929748688697245,2.0929748688697245,pure_test,held_out_pure_test
NASDAQ,GARCH,1,c233a1992db9852e,p=1 q=1,"{""p"": 1, ""q"": 1}",level,2023-11-10,2023-11-13,13798.1103515625,13767.740234375,13767.740234375,13773.07164115191,13767.740234375,13773.07164115191,0.0076119578443467,5.331406776909716,0.03872390592900913,0.03872390592900913,pure_test,held_out_pure_test
NASDAQ,GARCH,1,c233a1992db9852e,p=1 q=1,"{""p"": 1, ""q"": 1}",level,2023-11-13,2023-11-14,13767.740234375,14094.3798828125,14094.3798828125,13752.4720239409,14094.3798828125,13752.4720239409,0.0076119578443467,-341.9078588716002,-2.4258453490993412,2.4258453490993412,pure_test,held_out_pure_test
NASDAQ,GARCH,1,c233a1992db9852e,p=1 q=1,"{""p"": 1, ""q"": 1}",level,2023-11-14,2023-11-15,14094.3798828125,14103.83984375,14103.83984375,14067.750695274766,14103.83984375,14067.750695274766,0.0076119578443467,-36.08914847523374,-0.2558817235238696,0.2558817235238696,pure_test,held_out_pure_test
NASDAQ,GARCH,1,c233a1992db9852e,p=1 q=1,"{""p"": 1, ""q"": 1}",level,2023-11-15,2023-11-16,14103.83984375,14113.669921875,14113.669921875,14087.304136879711,14113.669921875,14087.304136879711,0.0076119578443467,-26.365784995288777,-0.1868102707604351,0.1868102707604351,pure_test,held_out_pure_test
NASDAQ,GARCH,1,c233a1992db9852e,p=1 q=1,"{""p"": 1, ""q"": 1}",level,2023-11-16,2023-11-17,14113.669921875,14125.48046875,14125.48046875,14097.122436915432,14125.48046875,14097.122436915432,0.0076119578443467,-28.358031834568465,-0.20075799826636226,0.20075799826636226,pure_test,held_out_pure_test
NASDAQ,GARCH,1,c233a1992db9852e,p=1 q=1,"{""p"": 1, ""q"": 1}",level,2023-11-17,2023-11-20,14125.48046875,14284.5302734375,14284.5302734375,14108.86996013593,14284.5302734375,14108.86996013593,0.0076119578443467,-175.66031330157057,-1.2297241137023318,1.2297241137023318,pure_test,held_out_pure_test
NASDAQ,GARCH,1,c233a1992db9852e,p=1 q=1,"{""p"": 1, ""q"": 1}",level,2023-11-20,2023-11-21,14284.5302734375,14199.98046875,14199.98046875,14263.2342295865,14199.98046875,14263.2342295865,0.0076119578443467,63.25376083650008,0.44544963266465815,0.44544963266465815,pure_test,held_out_pure_test
NASDAQ,GARCH,1,c233a1992db9852e,p=1 q=1,"{""p"": 1, ""q"": 1}",level,2023-11-21,2023-11-22,14199.98046875,14265.8603515625,14265.8603515625,14186.436396556466,14265.8603515625,14186.436396556466,0.0076119578443467,-79.4239550060338,-0.5567414305813999,0.5567414305813999,pure_test,held_out_pure_test
NASDAQ,GARCH,1,c233a1992db9852e,p=1 q=1,"{""p"": 1, ""q"": 1}",level,2023-11-22,2023-11-24,14265.8603515625,14250.849609375,14250.849609375,14247.52921638092,14250.849609375,14247.52921638092,0.0076119578443467,-3.320392994079157,-0.023299614304362722,0.023299614304362722,pure_test,held_out_pure_test
NASDAQ,GARCH,1,c233a1992db9852e,p=1 q=1,"{""p"": 1, ""q"": 1}",level,2023-11-24,2023-11-27,14250.849609375,14241.01953125,14241.01953125,14235.092623774215,14241.01953125,14235.092623774215,0.0076119578443467,-5.926907475784901,-0.04161856152769892,0.04161856152769892,pure_test,held_out_pure_test
NASDAQ,GARCH,1,c233a1992db9852e,p=1 q=1,"{""p"": 1, ""q"": 1}",level,2023-11-27,2023-11-28,14241.01953125,14281.759765625,14281.759765625,14225.09768347607,14281.759765625,14225.09768347607,0.0076119578443467,-56.662082148930494,-0.39674440040163245,0.39674440040163245,pure_test,held_out_pure_test
NASDAQ,GARCH,1,c233a1992db9852e,p=1 q=1,"{""p"": 1, ""q"": 1}",level,2023-11-28,2023-11-29,14281.759765625,14258.490234375,14258.490234375,14264.228639288534,14258.490234375,14264.228639288534,0.0076119578443467,5.738404913534396,0.04024552964029807,0.04024552964029807,pure_test,held_out_pure_test
NASDAQ,GARCH,1,c233a1992db9852e,p=1 q=1,"{""p"": 1, ""q"": 1}",level,2023-11-29,2023-11-30,14258.490234375,14226.2197265625,14226.2197265625,14242.996064871915,14226.2197265625,14242.996064871915,0.0076119578443467,16.776338309415223,0.11792548288911402,0.11792548288911402,pure_test,held_out_pure_test
NASDAQ,GARCH,1,c233a1992db9852e,p=1 q=1,"{""p"": 1, ""q"": 1}",level,2023-11-30,2023-12-01,14226.2197265625,14305.0302734375,14305.0302734375,14211.011991489182,14305.0302734375,14211.011991489182,0.0076119578443467,-94.01828194831796,-0.6572393077901915,0.6572393077901915,pure_test,held_out_pure_test
NASDAQ,GARCH,1,c233a1992db9852e,p=1 q=1,"{""p"": 1, ""q"": 1}",level,2023-12-01,2023-12-04,14305.0302734375,14185.490234375,14185.490234375,14286.287650973236,14185.490234375,14286.287650973236,0.0076119578443467,100.79741659823594,0.7105670296397549,0.7105670296397549,pure_test,held_out_pure_test
NASDAQ,GARCH,1,c233a1992db9852e,p=1 q=1,"{""p"": 1, ""q"": 1}",level,2023-12-04,2023-12-05,14185.490234375,14229.91015625,14229.91015625,14173.059642231205,14229.91015625,14173.059642231205,0.0076119578443467,-56.850514018795366,-0.3995142161444057,0.3995142161444057,pure_test,held_out_pure_test
NASDAQ,GARCH,1,c233a1992db9852e,p=1 q=1,"{""p"": 1, ""q"": 1}",level,2023-12-05,2023-12-06,14229.91015625,14146.7099609375,14146.7099609375,14212.261932709309,14146.7099609375,14212.261932709309,0.0076119578443467,65.5519717718089,0.46337255766756935,0.46337255766756935,pure_test,held_out_pure_test
NASDAQ,GARCH,1,c233a1992db9852e,p=1 q=1,"{""p"": 1, ""q"": 1}",level,2023-12-06,2023-12-07,14146.7099609375,14339.990234375,14339.990234375,14133.122940671716,14339.990234375,14133.122940671716,0.0076119578443467,-206.8672937032843,-1.4425901993112515,1.4425901993112515,pure_test,held_out_pure_test
NASDAQ,GARCH,1,c233a1992db9852e,p=1 q=1,"{""p"": 1, ""q"": 1}",level,2023-12-07,2023-12-08,14339.990234375,14403.9697265625,14403.9697265625,14317.604888187872,14403.9697265625,14317.604888187872,0.0076119578443467,-86.36483837462765,-0.5995905296535122,0.5995905296535122,pure_test,held_out_pure_test
NASDAQ,GARCH,1,c233a1992db9852e,p=1 q=1,"{""p"": 1, ""q"": 1}",level,2023-12-08,2023-12-11,14403.9697265625,14432.490234375,14432.490234375,14385.6990667417,14432.490234375,14385.6990667417,0.0076119578443467,-46.791167633300574,-0.3242071664240892,0.3242071664240892,pure_test,held_out_pure_test
NASDAQ,GARCH,1,c233a1992db9852e,p=1 q=1,"{""p"": 1, ""q"": 1}",level,2023-12-11,2023-12-12,14432.490234375,14533.400390625,14533.400390625,14415.347971445242,14533.400390625,14415.347971445242,0.0076119578443467,-118.05241917975763,-0.8122835400303787,0.8122835400303787,pure_test,held_out_pure_test
NASDAQ,GARCH,1,c233a1992db9852e,p=1 q=1,"{""p"": 1, ""q"": 1}",level,2023-12-12,2023-12-13,14533.400390625,14733.9599609375,14733.9599609375,14513.95450124682,14733.9599609375,14513.95450124682,0.0076119578443467,-220.00545969067934,-1.493186219278152,1.493186219278152,pure_test,held_out_pure_test
NASDAQ,GARCH,1,c233a1992db9852e,p=1 q=1,"{""p"": 1, ""q"": 1}",level,2023-12-13,2023-12-14,14733.9599609375,14761.5595703125,14761.5595703125,14711.342968635645,14761.5595703125,14711.342968635645,0.0076119578443467,-50.216601676855134,-0.3401849339675974,0.3401849339675974,pure_test,held_out_pure_test
NASDAQ,GARCH,1,c233a1992db9852e,p=1 q=1,"{""p"": 1, ""q"": 1}",level,2023-12-14,2023-12-15,14761.5595703125,14813.919921875,14813.919921875,14744.446612760552,14813.919921875,14744.446612760552,0.0076119578443467,-69.47330911444806,-0.4689731649747895,0.4689731649747895,pure_test,held_out_pure_test
NASDAQ,GARCH,1,c233a1992db9852e,p=1 q=1,"{""p"": 1, ""q"": 1}",level,2023-12-15,2023-12-18,14813.919921875,14904.8095703125,14904.8095703125,14796.019013257992,14904.8095703125,14796.019013257992,0.0076119578443467,-108.7905570545081,-0.7299023616591376,0.7299023616591376,pure_test,held_out_pure_test
NASDAQ,GARCH,1,c233a1992db9852e,p=1 q=1,"{""p"": 1, ""q"": 1}",level,2023-12-18,2023-12-19,14904.8095703125,15003.2197265625,15003.2197265625,14885.682559493918,15003.2197265625,14885.682559493918,0.0076119578443467,-117.53716706858177,-0.7834129554237461,0.7834129554237461,pure_test,held_out_pure_test
NASDAQ,GARCH,1,c233a1992db9852e,p=1 q=1,"{""p"": 1, ""q"": 1}",level,2023-12-19,2023-12-20,15003.2197265625,14777.9404296875,14777.9404296875,14983.853393671268,14777.9404296875,14983.853393671268,0.0076119578443467,205.91296398376835,1.3933806606102463,1.3933806606102463,pure_test,held_out_pure_test
NASDAQ,GARCH,1,c233a1992db9852e,p=1 q=1,"{""p"": 1, ""q"": 1}",level,2023-12-20,2023-12-21,14777.9404296875,14963.8701171875,14963.8701171875,14768.874735097306,14963.8701171875,14768.874735097306,0.0076119578443467,-194.99538209019374,-1.3031079564518677,1.3031079564518677,pure_test,held_out_pure_test
NASDAQ,GARCH,1,c233a1992db9852e,p=1 q=1,"{""p"": 1, ""q"": 1}",level,2023-12-21,2023-12-22,14963.8701171875,14992.9697265625,14992.9697265625,14941.718685718051,14992.9697265625,14941.718685718051,0.0076119578443467,-51.25104084444865,-0.34183381797702855,0.34183381797702855,pure_test,held_out_pure_test
NASDAQ,GARCH,1,c233a1992db9852e,p=1 q=1,"{""p"": 1, ""q"": 1}",level,2023-12-22,2023-12-26,14992.9697265625,15074.5703125,15074.5703125,14975.809035118384,15074.5703125,14975.809035118384,0.0076119578443467,-98.76127738161631,-0.6551515256107988,0.6551515256107988,pure_test,held_out_pure_test
NASDAQ,GARCH,1,c233a1992db9852e,p=1 q=1,"{""p"": 1, ""q"": 1}",level,2023-12-26,2023-12-27,15074.5703125,15099.1796875,15099.1796875,15055.738903753232,15099.1796875,15055.738903753232,0.0076119578443467,-43.44078374676792,-0.28770293913867906,0.28770293913867906,pure_test,held_out_pure_test
NASDAQ,GARCH,1,c233a1992db9852e,p=1 q=1,"{""p"": 1, ""q"": 1}",level,2023-12-27,2023-12-28,15099.1796875,15095.1396484375,15095.1396484375,15082.16188696486,15095.1396484375,15082.16188696486,0.0076119578443467,-12.97776147264085,-0.0859731130343281,0.0859731130343281,pure_test,held_out_pure_test
NASDAQ,GARCH,1,c233a1992db9852e,p=1 q=1,"{""p"": 1, ""q"": 1}",level,2023-12-28,2023-12-29,15095.1396484375,15011.349609375,15011.349609375,15079.03354659673,15011.349609375,15079.03354659673,0.0076119578443467,67.68393722172914,0.4508850901684327,0.4508850901684327,pure_test,held_out_pure_test
NASDAQ,GARCH,1,c233a1992db9852e,p=1 q=1,"{""p"": 1, ""q"": 1}",level,2023-12-29,2024-01-02,15011.349609375,14765.9404296875,14765.9404296875,14997.781359467856,14765.9404296875,14997.781359467856,0.0076119578443467,231.8409297803555,1.5701060889710097,1.5701060889710097,pure_test,held_out_pure_test
NASDAQ,GARCH,1,c233a1992db9852e,p=1 q=1,"{""p"": 1, ""q"": 1}",level,2024-01-02,2024-01-03,14765.9404296875,14592.2099609375,14592.2099609375,14757.515320200995,14592.2099609375,14757.515320200995,0.0076119578443467,165.30535926349512,1.1328329273359414,1.1328329273359414,pure_test,held_out_pure_test
NASDAQ,GARCH,1,c233a1992db9852e,p=1 q=1,"{""p"": 1, ""q"": 1}",level,2024-01-03,2024-01-04,14592.2099609375,14510.2998046875,14510.2998046875,14581.50384887855,14510.2998046875,14581.50384887855,0.0076119578443467,71.20404419105034,0.4907138043284821,0.4907138043284821,pure_test,held_out_pure_test
NASDAQ,GARCH,1,c233a1992db9852e,p=1 q=1,"{""p"": 1, ""q"": 1}",level,2024-01-04,2024-01-05,14510.2998046875,14524.0703125,14524.0703125,14496.67173203138,14524.0703125,14496.67173203138,0.0076119578443467,-27.39858046861991,-0.18864257662701886,0.18864257662701886,pure_test,held_out_pure_test
NASDAQ,GARCH,1,c233a1992db9852e,p=1 q=1,"{""p"": 1, ""q"": 1}",level,2024-01-05,2024-01-08,14524.0703125,14843.76953125,14843.76953125,14507.397432843232,14843.76953125,14507.397432843232,0.0076119578443467,-336.3720984067677,-2.266082733894627,2.266082733894627,pure_test,held_out_pure_test
NASDAQ,GARCH,1,c233a1992db9852e,p=1 q=1,"{""p"": 1, ""q"": 1}",level,2024-01-08,2024-01-09,14843.76953125,14857.7099609375,14857.7099609375,14817.361206193804,14857.7099609375,14817.361206193804,0.0076119578443467,-40.34875474369619,-0.2715677910645541,0.2715677910645541,pure_test,held_out_pure_test
NASDAQ,GARCH,1,c233a1992db9852e,p=1 q=1,"{""p"": 1, ""q"": 1}",level,2024-01-09,2024-01-10,14857.7099609375,14969.650390625,14969.650390625,14841.03167392576,14969.650390625,14841.03167392576,0.0076119578443467,-128.6187166992404,-0.8591965299322559,0.8591965299322559,pure_test,held_out_pure_test
NASDAQ,GARCH,1,c233a1992db9852e,p=1 q=1,"{""p"": 1, ""q"": 1}",level,2024-01-10,2024-01-11,14969.650390625,14970.1904296875,14970.1904296875,14949.853489324918,14970.1904296875,14949.853489324918,0.0076119578443467,-20.336940362582027,-0.13584957691821797,0.13584957691821797,pure_test,held_out_pure_test
NASDAQ,GARCH,1,c233a1992db9852e,p=1 q=1,"{""p"": 1, ""q"": 1}",level,2024-01-11,2024-01-12,14970.1904296875,14972.759765625,14972.759765625,14953.9385778765,14972.759765625,14953.9385778765,0.0076119578443467,-18.821187748499142,-0.1257028633539523,0.1257028633539523,pure_test,held_out_pure_test
NASDAQ,GARCH,1,c233a1992db9852e,p=1 q=1,"{""p"": 1, ""q"": 1}",level,2024-01-12,2024-01-16,14972.759765625,14944.349609375,14944.349609375,14956.44333632186,14944.349609375,14956.44333632186,0.0076119578443467,12.093726946859533,0.08092508046835847,0.08092508046835847,pure_test,held_out_pure_test
NASDAQ,GARCH,1,c233a1992db9852e,p=1 q=1,"{""p"": 1, ""q"": 1}",level,2024-01-16,2024-01-17,14944.349609375,14855.6201171875,14855.6201171875,14929.019027898205,14855.6201171875,14929.019027898205,0.0076119578443467,73.39891071070451,0.49408176926780867,0.49408176926780867,pure_test,held_out_pure_test
NASDAQ,GARCH,1,c233a1992db9852e,p=1 q=1,"{""p"": 1, ""q"": 1}",level,2024-01-17,2024-01-18,14855.6201171875,15055.650390625,15055.650390625,14842.209053495582,15055.650390625,14842.209053495582,0.0076119578443467,-213.44133712941766,-1.4176826081344542,1.4176826081344542,pure_test,held_out_pure_test
NASDAQ,GARCH,1,c233a1992db9852e,p=1 q=1,"{""p"": 1, ""q"": 1}",level,2024-01-18,2024-01-19,15055.650390625,15310.9697265625,15310.9697265625,15033.050241923114,15310.9697265625,15033.050241923114,0.0076119578443467,-277.9194846393857,-1.815165790297608,1.815165790297608,pure_test,held_out_pure_test
NASDAQ,GARCH,1,c233a1992db9852e,p=1 q=1,"{""p"": 1, ""q"": 1}",level,2024-01-19,2024-01-22,15310.9697265625,15360.2900390625,15360.2900390625,15286.610136428966,15360.2900390625,15286.610136428966,0.0076119578443467,-73.67990263353386,-0.47967780846689556,0.47967780846689556,pure_test,held_out_pure_test
NASDAQ,GARCH,1,c233a1992db9852e,p=1 q=1,"{""p"": 1, ""q"": 1}",level,2024-01-22,2024-01-23,15360.2900390625,15425.9404296875,15425.9404296875,15342.48587237669,15425.9404296875,15342.48587237669,0.0076119578443467,-83.45455731080983,-0.5410014234866357,0.5410014234866357,pure_test,held_out_pure_test
NASDAQ,GARCH,1,c233a1992db9852e,p=1 q=1,"{""p"": 1, ""q"": 1}",level,2024-01-23,2024-01-24,15425.9404296875,15481.919921875,15481.919921875,15407.616597542808,15481.919921875,15407.616597542808,0.0076119578443467,-74.30332433219155,-0.47993611068356923,0.47993611068356923,pure_test,held_out_pure_test
NASDAQ,GARCH,1,c233a1992db9852e,p=1 q=1,"{""p"": 1, ""q"": 1}",level,2024-01-24,2024-01-25,15481.919921875,15510.5,15510.5,15463.903842812431,15510.5,15463.903842812431,0.0076119578443467,-46.59615718756868,-0.30041686075605994,0.30041686075605994,pure_test,held_out_pure_test
NASDAQ,GARCH,1,c233a1992db9852e,p=1 q=1,"{""p"": 1, ""q"": 1}",level,2024-01-25,2024-01-26,15510.5,15455.3603515625,15455.3603515625,15493.355841388327,15455.3603515625,15493.355841388327,0.0076119578443467,37.99548982582746,0.24584020664381473,0.24584020664381473,pure_test,held_out_pure_test
NASDAQ,GARCH,1,c233a1992db9852e,p=1 q=1,"{""p"": 1, ""q"": 1}",level,2024-01-26,2024-01-29,15455.3603515625,15628.0400390625,15628.0400390625,15440.880371884236,15628.0400390625,15440.880371884236,0.0076119578443467,-187.1596671782645,-1.1975888640575296,1.1975888640575296,pure_test,held_out_pure_test
NASDAQ,GARCH,1,c233a1992db9852e,p=1 q=1,"{""p"": 1, ""q"": 1}",level,2024-01-29,2024-01-30,15628.0400390625,15509.900390625,15509.900390625,15606.310256973871,15509.900390625,15606.310256973871,0.0076119578443467,96.40986634887122,0.6216020987932741,0.6216020987932741,pure_test,held_out_pure_test
NASDAQ,GARCH,1,c233a1992db9852e,p=1 q=1,"{""p"": 1, ""q"": 1}",level,2024-01-30,2024-01-31,15509.900390625,15164.009765625,15164.009765625,15497.425234417811,15164.009765625,15497.425234417811,0.0076119578443467,333.4154687928112,2.1987289242494708,2.1987289242494708,pure_test,held_out_pure_test
NASDAQ,GARCH,1,c233a1992db9852e,p=1 q=1,"{""p"": 1, ""q"": 1}",level,2024-01-31,2024-02-01,15164.009765625,15361.6396484375,15361.6396484375,15158.782236455489,15361.6396484375,15158.782236455489,0.0076119578443467,-202.8574119820114,-1.3205453104261882,1.3205453104261882,pure_test,held_out_pure_test
NASDAQ,GARCH,1,c233a1992db9852e,p=1 q=1,"{""p"": 1, ""q"": 1}",level,2024-02-01,2024-02-02,15361.6396484375,15628.9501953125,15628.9501953125,15339.115886393784,15628.9501953125,15339.115886393784,0.0076119578443467,-289.8343089187165,-1.854470743694895,1.854470743694895,pure_test,held_out_pure_test
NASDAQ,GARCH,1,c233a1992db9852e,p=1 q=1,"{""p"": 1, ""q"": 1}",level,2024-02-02,2024-02-05,15628.9501953125,15597.6796875,15597.6796875,15604.209013732392,15597.6796875,15604.209013732392,0.0076119578443467,6.529326232392123,0.041860881638855124,0.041860881638855124,pure_test,held_out_pure_test
NASDAQ,GARCH,1,c233a1992db9852e,p=1 q=1,"{""p"": 1, ""q"": 1}",level,2024-02-05,2024-02-06,15597.6796875,15609.0,15609.0,15582.440129831904,15609.0,15582.440129831904,0.0076119578443467,-26.559870168095586,-0.170157410263922,0.170157410263922,pure_test,held_out_pure_test
NASDAQ,GARCH,1,c233a1992db9852e,p=1 q=1,"{""p"": 1, ""q"": 1}",level,2024-02-06,2024-02-07,15609.0,15756.6396484375,15756.6396484375,15592.405091915793,15756.6396484375,15592.405091915793,0.0076119578443467,-164.23455652170742,-1.042319683549999,1.042319683549999,pure_test,held_out_pure_test
NASDAQ,GARCH,1,c233a1992db9852e,p=1 q=1,"{""p"": 1, ""q"": 1}",level,2024-02-07,2024-02-08,15756.6396484375,15793.7099609375,15793.7099609375,15735.70670536521,15793.7099609375,15735.70670536521,0.0076119578443467,-58.00325557229007,-0.3672554182376985,0.3672554182376985,pure_test,held_out_pure_test
NASDAQ,GARCH,1,c233a1992db9852e,p=1 q=1,"{""p"": 1, ""q"": 1}",level,2024-02-08,2024-02-09,15793.7099609375,15990.66015625,15990.66015625,15776.295621037732,15990.66015625,15776.295621037732,0.0076119578443467,-214.36453521226758,-1.3405608844015269,1.3405608844015269,pure_test,held_out_pure_test
NASDAQ,GARCH,1,c233a1992db9852e,p=1 q=1,"{""p"": 1, ""q"": 1}",level,2024-02-09,2024-02-12,15990.66015625,15942.5498046875,15942.5498046875,15968.158023626174,15942.5498046875,15968.158023626174,0.0076119578443467,25.608218938674327,0.16062812569131749,0.16062812569131749,pure_test,held_out_pure_test
NASDAQ,GARCH,1,c233a1992db9852e,p=1 q=1,"{""p"": 1, ""q"": 1}",level,2024-02-12,2024-02-13,15942.5498046875,15655.599609375,15655.599609375,15927.8461345432,15655.599609375,15927.8461345432,0.0076119578443467,272.2465251682006,1.7389722013915836,1.7389722013915836,pure_test,held_out_pure_test
NASDAQ,GARCH,1,c233a1992db9852e,p=1 q=1,"{""p"": 1, ""q"": 1}",level,2024-02-13,2024-02-14,15655.599609375,15859.150390625,15859.150390625,15648.49644279544,15859.150390625,15648.49644279544,0.0076119578443467,-210.6539478295599,-1.3282801577699028,1.3282801577699028,pure_test,held_out_pure_test
NASDAQ,GARCH,1,c233a1992db9852e,p=1 q=1,"{""p"": 1, ""q"": 1}",level,2024-02-14,2024-02-15,15859.150390625,15906.169921875,15906.169921875,15836.438210229582,15906.169921875,15836.438210229582,0.0076119578443467,-69.73171164541782,-0.43839410736785295,0.43839410736785295,pure_test,held_out_pure_test
NASDAQ,GARCH,1,c233a1992db9852e,p=1 q=1,"{""p"": 1, ""q"": 1}",level,2024-02-15,2024-02-16,15906.169921875,15775.650390625,15775.650390625,15888.438972018585,15775.650390625,15888.438972018585,0.0076119578443467,112.78858139358454,0.7149536063540775,0.7149536063540775,pure_test,held_out_pure_test
NASDAQ,GARCH,1,c233a1992db9852e,p=1 q=1,"{""p"": 1, ""q"": 1}",level,2024-02-16,2024-02-20,15775.650390625,15630.7802734375,15630.7802734375,15763.569194411966,15630.7802734375,15763.569194411966,0.0076119578443467,132.78892097446624,0.8495348194493139,0.8495348194493139,pure_test,held_out_pure_test
NASDAQ,GARCH,1,c233a1992db9852e,p=1 q=1,"{""p"": 1, ""q"": 1}",level,2024-02-20,2024-02-21,15630.7802734375,15580.8701171875,15580.8701171875,15619.155750105598,15580.8701171875,15619.155750105598,0.0076119578443467,38.28563291809769,0.2457220465233467,0.2457220465233467,pure_test,held_out_pure_test
NASDAQ,GARCH,1,c233a1992db9852e,p=1 q=1,"{""p"": 1, ""q"": 1}",level,2024-02-21,2024-02-22,15580.8701171875,16041.6201171875,16041.6201171875,15566.223721498453,16041.6201171875,15566.223721498453,0.0076119578443467,-475.3963956890475,-2.9635185985964894,2.9635185985964894,pure_test,held_out_pure_test
NASDAQ,GARCH,1,c233a1992db9852e,p=1 q=1,"{""p"": 1, ""q"": 1}",level,2024-02-22,2024-02-23,16041.6201171875,15996.8203125,15996.8203125,16010.72319027632,15996.8203125,16010.72319027632,0.0076119578443467,13.902877776319656,0.08691025781827326,0.08691025781827326,pure_test,held_out_pure_test
NASDAQ,GARCH,1,c233a1992db9852e,p=1 q=1,"{""p"": 1, ""q"": 1}",level,2024-02-23,2024-02-26,15996.8203125,15976.25,15976.25,15982.011292164,15976.25,15982.011292164,0.0076119578443467,5.761292163999315,0.036061604969872874,0.036061604969872874,pure_test,held_out_pure_test
NASDAQ,GARCH,1,c233a1992db9852e,p=1 q=1,"{""p"": 1, ""q"": 1}",level,2024-02-26,2024-02-27,15976.25,16035.2998046875,16035.2998046875,15960.669934352416,16035.2998046875,15960.669934352416,0.0076119578443467,-74.62987033508398,-0.46540988471739014,0.46540988471739014,pure_test,held_out_pure_test
NASDAQ,GARCH,1,c233a1992db9852e,p=1 q=1,"{""p"": 1, ""q"": 1}",level,2024-02-27,2024-02-28,16035.2998046875,15947.740234375,15947.740234375,16017.1860203144,15947.740234375,16017.1860203144,0.0076119578443467,69.4457859394006,0.43545847197656096,0.43545847197656096,pure_test,held_out_pure_test
NASDAQ,GARCH,1,c233a1992db9852e,p=1 q=1,"{""p"": 1, ""q"": 1}",level,2024-02-28,2024-02-29,15947.740234375,16091.919921875,16091.919921875,15934.29194073333,16091.919921875,15934.29194073333,0.0076119578443467,-157.6279811416698,-0.9795473871790389,0.9795473871790389,pure_test,held_out_pure_test
NASDAQ,GARCH,1,c233a1992db9852e,p=1 q=1,"{""p"": 1, ""q"": 1}",level,2024-02-29,2024-03-01,16091.919921875,16274.9404296875,16274.9404296875,16071.097083737572,16274.9404296875,16071.097083737572,0.0076119578443467,-203.84334594992833,-1.2524982615487361,1.2524982615487361,pure_test,held_out_pure_test
NASDAQ,GARCH,1,c233a1992db9852e,p=1 q=1,"{""p"": 1, ""q"": 1}",level,2024-03-01,2024-03-04,16274.9404296875,16207.509765625,16207.509765625,16252.881575864383,16207.509765625,16252.881575864383,0.0076119578443467,45.371810239383194,0.2799431306567135,0.2799431306567135,pure_test,held_out_pure_test
NASDAQ,GARCH,1,c233a1992db9852e,p=1 q=1,"{""p"": 1, ""q"": 1}",level,2024-03-04,2024-03-05,16207.509765625,15939.58984375,15939.58984375,16193.420917956391,15939.58984375,16193.420917956391,0.0076119578443467,253.83107420639135,1.592456748853672,1.592456748853672,pure_test,held_out_pure_test
NASDAQ,GARCH,1,c233a1992db9852e,p=1 q=1,"{""p"": 1, ""q"": 1}",level,2024-03-05,2024-03-06,15939.58984375,16031.5400390625,16031.5400390625,15931.881084490304,16031.5400390625,15931.881084490304,0.0076119578443467,-99.65895457219631,-0.6216430506948615,0.6216430506948615,pure_test,held_out_pure_test
NASDAQ,GARCH,1,c233a1992db9852e,p=1 q=1,"{""p"": 1, ""q"": 1}",level,2024-03-06,2024-03-07,16031.5400390625,16273.3798828125,16273.3798828125,16012.37927889047,16273.3798828125,16012.37927889047,0.0076119578443467,-261.00060392202977,-1.6038500041266257,1.6038500041266257,pure_test,held_out_pure_test
NASDAQ,GARCH,1,c233a1992db9852e,p=1 q=1,"{""p"": 1, ""q"": 1}",level,2024-03-07,2024-03-08,16273.3798828125,16085.1103515625,16085.1103515625,16249.449245096675,16085.1103515625,16249.449245096675,0.0076119578443467,164.33889353417544,1.021683345294623,1.021683345294623,pure_test,held_out_pure_test
NASDAQ,GARCH,1,c233a1992db9852e,p=1 q=1,"{""p"": 1, ""q"": 1}",level,2024-03-08,2024-03-11,16085.1103515625,16019.26953125,16019.26953125,16074.866910197956,16019.26953125,16074.866910197956,0.0076119578443467,55.597378947955804,0.3470656314228173,0.3470656314228173,pure_test,held_out_pure_test
NASDAQ,GARCH,1,c233a1992db9852e,p=1 q=1,"{""p"": 1, ""q"": 1}",level,2024-03-11,2024-03-12,16019.26953125,16265.6396484375,16265.6396484375,16005.130090627974,16265.6396484375,16005.130090627974,0.0076119578443467,-260.5095578095261,-1.6015943021002006,1.6015943021002006,pure_test,held_out_pure_test
NASDAQ,GARCH,1,c233a1992db9852e,p=1 q=1,"{""p"": 1, ""q"": 1}",level,2024-03-12,2024-03-13,16265.6396484375,16177.76953125,16177.76953125,16241.564845665836,16177.76953125,16241.564845665836,0.0076119578443467,63.7953144158364,0.39433936979140016,0.39433936979140016,pure_test,held_out_pure_test
NASDAQ,GARCH,1,c233a1992db9852e,p=1 q=1,"{""p"": 1, ""q"": 1}",level,2024-03-13,2024-03-14,16177.76953125,16128.5302734375,16128.5302734375,16164.331120015691,16128.5302734375,16164.331120015691,0.0076119578443467,35.80084657819134,0.22197215723464087,0.22197215723464087,pure_test,held_out_pure_test
NASDAQ,GARCH,1,c233a1992db9852e,p=1 q=1,"{""p"": 1, ""q"": 1}",level,2024-03-14,2024-03-15,16128.5302734375,15973.169921875,15973.169921875,16113.862528019336,15973.169921875,16113.862528019336,0.0076119578443467,140.6926061443355,0.8808057939185837,0.8808057939185837,pure_test,held_out_pure_test
NASDAQ,GARCH,1,c233a1992db9852e,p=1 q=1,"{""p"": 1, ""q"": 1}",level,2024-03-15,2024-03-18,15973.169921875,16103.4501953125,16103.4501953125,15961.87922502075,16103.4501953125,15961.87922502075,0.0076119578443467,-141.5709702917502,-0.8791344002352963,0.8791344002352963,pure_test,held_out_pure_test
NASDAQ,GARCH,1,c233a1992db9852e,p=1 q=1,"{""p"": 1, ""q"": 1}",level,2024-03-18,2024-03-19,16103.4501953125,16166.7900390625,16166.7900390625,16083.069672596452,16166.7900390625,16083.069672596452,0.0076119578443467,-83.72036646604829,-0.5178539850134849,0.5178539850134849,pure_test,held_out_pure_test
NASDAQ,GARCH,1,c233a1992db9852e,p=1 q=1,"{""p"": 1, ""q"": 1}",level,2024-03-19,2024-03-20,16166.7900390625,16369.41015625,16369.41015625,16148.539734514728,16369.41015625,16148.539734514728,0.0076119578443467,-220.87042173527152,-1.3492876018562039,1.3492876018562039,pure_test,held_out_pure_test
NASDAQ,GARCH,1,c233a1992db9852e,p=1 q=1,"{""p"": 1, ""q"": 1}",level,2024-03-20,2024-03-21,16369.41015625,16401.83984375,16401.83984375,16346.727591999916,16401.83984375,16346.727591999916,0.0076119578443467,-55.1122517500844,-0.33601261977378216,0.33601261977378216,pure_test,held_out_pure_test
NASDAQ,GARCH,1,c233a1992db9852e,p=1 q=1,"{""p"": 1, ""q"": 1}",level,2024-03-21,2024-03-22,16401.83984375,16428.8203125,16428.8203125,16384.57318057913,16428.8203125,16384.57318057913,0.0076119578443467,-44.24713192087074,-0.26932628806710457,0.26932628806710457,pure_test,held_out_pure_test
NASDAQ,GARCH,1,c233a1992db9852e,p=1 q=1,"{""p"": 1, ""q"": 1}",level,2024-03-22,2024-03-25,16428.8203125,16384.470703125,16384.470703125,16411.727057609274,16384.470703125,16411.727057609274,0.0076119578443467,27.256354484274198,0.16635480619508575,0.16635480619508575,pure_test,held_out_pure_test
NASDAQ,GARCH,1,c233a1992db9852e,p=1 q=1,"{""p"": 1, ""q"": 1}",level,2024-03-25,2024-03-26,16384.470703125,16315.7001953125,16315.7001953125,16369.647356406,16315.7001953125,16369.647356406,0.0076119578443467,53.947161093499744,0.3306456998333345,0.3306456998333345,pure_test,held_out_pure_test
NASDAQ,GARCH,1,c233a1992db9852e,p=1 q=1,"{""p"": 1, ""q"": 1}",level,2024-03-26,2024-03-27,16315.7001953125,16399.51953125,16399.51953125,16301.653984948616,16399.51953125,16301.653984948616,0.0076119578443467,-97.8655463013838,-0.5967586191467179,0.5967586191467179,pure_test,held_out_pure_test
NASDAQ,GARCH,1,c233a1992db9852e,p=1 q=1,"{""p"": 1, ""q"": 1}",level,2024-03-27,2024-03-28,16399.51953125,16379.4599609375,16379.4599609375,16380.617516121069,16379.4599609375,16380.617516121069,0.0076119578443467,1.1575551835685474,0.007067114461216297,0.007067114461216297,pure_test,held_out_pure_test
NASDAQ,GARCH,1,c233a1992db9852e,p=1 q=1,"{""p"": 1, ""q"": 1}",level,2024-03-28,2024-04-01,16379.4599609375,16396.830078125,16396.830078125,16363.863642148248,16396.830078125,16363.863642148248,0.0076119578443467,-32.96643597675211,-0.20105371477095813,0.20105371477095813,pure_test,held_out_pure_test
NASDAQ,GARCH,1,c233a1992db9852e,p=1 q=1,"{""p"": 1, ""q"": 1}",level,2024-04-01,2024-04-02,16396.830078125,16240.4501953125,16240.4501953125,16380.04264955773,16240.4501953125,16380.04264955773,0.0076119578443467,139.59245424523033,0.8595356198039452,0.8595356198039452,pure_test,held_out_pure_test
NASDAQ,GARCH,1,c233a1992db9852e,p=1 q=1,"{""p"": 1, ""q"": 1}",level,2024-04-02,2024-04-03,16240.4501953125,16277.4599609375,16277.4599609375,16229.191942588082,16277.4599609375,16229.191942588082,0.0076119578443467,-48.268018349417616,-0.2965328648649775,0.2965328648649775,pure_test,held_out_pure_test
NASDAQ,GARCH,1,c233a1992db9852e,p=1 q=1,"{""p"": 1, ""q"": 1}",level,2024-04-03,2024-04-04,16277.4599609375,16049.080078125,16049.080078125,16260.0475477964,16049.080078125,16260.0475477964,0.0076119578443467,210.96746967139916,1.3145144060870453,1.3145144060870453,pure_test,held_out_pure_test
NASDAQ,GARCH,1,c233a1992db9852e,p=1 q=1,"{""p"": 1, ""q"": 1}",level,2024-04-04,2024-04-05,16049.080078125,16248.51953125,16248.51953125,16040.113052224671,16248.51953125,16040.113052224671,0.0076119578443467,-208.40647902532874,-1.2826182633101466,1.2826182633101466,pure_test,held_out_pure_test
NASDAQ,GARCH,1,c233a1992db9852e,p=1 q=1,"{""p"": 1, ""q"": 1}",level,2024-04-05,2024-04-08,16248.51953125,16253.9599609375,16253.9599609375,16225.938183983506,16253.9599609375,16225.938183983506,0.0076119578443467,-28.02177695399405,-0.17239969226783922,0.17239969226783922,pure_test,held_out_pure_test
NASDAQ,GARCH,1,c233a1992db9852e,p=1 q=1,"{""p"": 1, ""q"": 1}",level,2024-04-08,2024-04-09,16253.9599609375,16306.6396484375,16306.6396484375,16237.552165981382,16306.6396484375,16237.552165981382,0.0076119578443467,-69.08748245611787,-0.42367700486186816,0.42367700486186816,pure_test,held_out_pure_test
NASDAQ,GARCH,1,c233a1992db9852e,p=1 q=1,"{""p"": 1, ""q"": 1}",level,2024-04-09,2024-04-10,16306.6396484375,16170.3603515625,16170.3603515625,16288.728577722351,16170.3603515625,16288.728577722351,0.0076119578443467,118.36822615985147,0.7320073491646948,0.7320073491646948,pure_test,held_out_pure_test
NASDAQ,GARCH,1,c233a1992db9852e,p=1 q=1,"{""p"": 1, ""q"": 1}",level,2024-04-10,2024-04-11,16170.3603515625,16442.19921875,16442.19921875,16158.462446036974,16442.19921875,16158.462446036974,0.0076119578443467,-283.73677271302586,-1.7256619320696727,1.7256619320696727,pure_test,held_out_pure_test
NASDAQ,GARCH,1,c233a1992db9852e,p=1 q=1,"{""p"": 1, ""q"": 1}",level,2024-04-11,2024-04-12,16442.19921875,16175.08984375,16175.08984375,16417.313934267557,16175.08984375,16417.313934267557,0.0076119578443467,242.22409051755676,1.4975131072372456,1.4975131072372456,pure_test,held_out_pure_test
NASDAQ,GARCH,1,c233a1992db9852e,p=1 q=1,"{""p"": 1, ""q"": 1}",level,2024-04-12,2024-04-15,16175.08984375,15885.01953125,15885.01953125,16167.355290785552,15885.01953125,16167.355290785552,0.0076119578443467,282.3357595355519,1.777371182831242,1.777371182831242,pure_test,held_out_pure_test
NASDAQ,GARCH,1,c233a1992db9852e,p=1 q=1,"{""p"": 1, ""q"": 1}",level,2024-04-15,2024-04-16,15885.01953125,15865.25,15865.25,15878.01565489536,15865.25,15878.01565489536,0.0076119578443467,12.765654895360058,0.08046299235978038,0.08046299235978038,pure_test,held_out_pure_test
NASDAQ,GARCH,1,c233a1992db9852e,p=1 q=1,"{""p"": 1, ""q"": 1}",level,2024-04-16,2024-04-17,15865.25,15683.3701171875,15683.3701171875,15849.644451415192,15683.3701171875,15849.644451415192,0.0076119578443467,166.27433422769172,1.060195181171365,1.060195181171365,pure_test,held_out_pure_test
NASDAQ,GARCH,1,c233a1992db9852e,p=1 q=1,"{""p"": 1, ""q"": 1}",level,2024-04-17,2024-04-18,15683.3701171875,15601.5,15601.5,15672.923340629948,15601.5,15672.923340629948,0.0076119578443467,71.42334062994814,0.4577979080854286,0.4577979080854286,pure_test,held_out_pure_test
NASDAQ,GARCH,1,c233a1992db9852e,p=1 q=1,"{""p"": 1, ""q"": 1}",level,2024-04-18,2024-04-19,15601.5,15282.009765625,15282.009765625,15587.87065319702,15282.009765625,15587.87065319702,0.0076119578443467,305.86088757202015,2.0014441311247984,2.0014441311247984,pure_test,held_out_pure_test
NASDAQ,GARCH,1,c233a1992db9852e,p=1 q=1,"{""p"": 1, ""q"": 1}",level,2024-04-19,2024-04-22,15282.009765625,15451.3095703125,15451.3095703125,15275.942107522618,15451.3095703125,15275.942107522618,0.0076119578443467,-175.36746278988176,-1.134968282085458,1.134968282085458,pure_test,held_out_pure_test
NASDAQ,GARCH,1,c233a1992db9852e,p=1 q=1,"{""p"": 1, ""q"": 1}",level,2024-04-22,2024-04-23,15451.3095703125,15696.6396484375,15696.6396484375,15429.687344865017,15696.6396484375,15429.687344865017,0.0076119578443467,-266.9523035724833,-1.7006971527122794,1.7006971527122794,pure_test,held_out_pure_test
NASDAQ,GARCH,1,c233a1992db9852e,p=1 q=1,"{""p"": 1, ""q"": 1}",level,2024-04-23,2024-04-24,15696.6396484375,15712.75,15712.75,15672.597942407476,15712.75,15672.597942407476,0.0076119578443467,-40.152057592524216,-0.2555380668089559,0.2555380668089559,pure_test,held_out_pure_test
NASDAQ,GARCH,1,c233a1992db9852e,p=1 q=1,"{""p"": 1, ""q"": 1}",level,2024-04-24,2024-04-25,15712.75,15611.759765625,15611.759765625,15696.00266044373,15611.759765625,15696.00266044373,0.0076119578443467,84.24289481872984,0.5396117803722639,0.5396117803722639,pure_test,held_out_pure_test
NASDAQ,GARCH,1,c233a1992db9852e,p=1 q=1,"{""p"": 1, ""q"": 1}",level,2024-04-25,2024-04-26,15611.759765625,15927.900390625,15927.900390625,15598.738870563404,15927.900390625,15598.738870563404,0.0076119578443467,-329.1615200615961,-2.06657193973499,2.06657193973499,pure_test,held_out_pure_test
NASDAQ,GARCH,1,c233a1992db9852e,p=1 q=1,"{""p"": 1, ""q"": 1}",level,2024-04-26,2024-04-29,15927.900390625,15983.080078125,15983.080078125,15901.605309255692,15983.080078125,15901.605309255692,0.0076119578443467,-81.47476886930781,-0.5097563703057273,0.5097563703057273,pure_test,held_out_pure_test
NASDAQ,GARCH,1,c233a1992db9852e,p=1 q=1,"{""p"": 1, ""q"": 1}",level,2024-04-29,2024-04-30,15983.080078125,15657.8203125,15657.8203125,15965.089450922906,15657.8203125,15965.089450922906,0.0076119578443467,307.2691384229056,1.9624004637325256,1.9624004637325256,pure_test,held_out_pure_test
NASDAQ,GARCH,1,c233a1992db9852e,p=1 q=1,"{""p"": 1, ""q"": 1}",level,2024-04-30,2024-05-01,15657.8203125,15605.48046875,15605.48046875,15651.936255852652,15605.48046875,15651.936255852652,0.0076119578443467,46.45578710265181,0.2976889253469613,0.2976889253469613,pure_test,held_out_pure_test
NASDAQ,GARCH,1,c233a1992db9852e,p=1 q=1,"{""p"": 1, ""q"": 1}",level,2024-05-01,2024-05-02,15605.48046875,15840.9599609375,15840.9599609375,15590.911392021704,15840.9599609375,15590.911392021704,0.0076119578443467,-250.04856891579584,-1.5784937878284837,1.5784937878284837,pure_test,held_out_pure_test
NASDAQ,GARCH,1,c233a1992db9852e,p=1 q=1,"{""p"": 1, ""q"": 1}",level,2024-05-02,2024-05-03,15840.9599609375,16156.330078125,16156.330078125,15817.2317261121,16156.330078125,15817.2317261121,0.0076119578443467,-339.09835201289934,-2.0988575398816867,2.0988575398816867,pure_test,held_out_pure_test
NASDAQ,GARCH,1,c233a1992db9852e,p=1 q=1,"{""p"": 1, ""q"": 1}",level,2024-05-03,2024-05-06,16156.330078125,16349.25,16349.25,16130.059516313584,16349.25,16130.059516313584,0.0076119578443467,-219.19048368641597,-1.340676078024472,1.340676078024472,pure_test,held_out_pure_test
NASDAQ,GARCH,1,c233a1992db9852e,p=1 q=1,"{""p"": 1, ""q"": 1}",level,2024-05-06,2024-05-07,16349.25,16332.5595703125,16332.5595703125,16326.876121134625,16332.5595703125,16326.876121134625,0.0076119578443467,-5.6834491778754455,-0.034798276126946956,0.034798276126946956,pure_test,held_out_pure_test
NASDAQ,GARCH,1,c233a1992db9852e,p=1 q=1,"{""p"": 1, ""q"": 1}",level,2024-05-07,2024-05-08,16332.5595703125,16302.759765625,16302.759765625,16316.856036726384,16302.759765625,16316.856036726384,0.0076119578443467,14.096271101383536,0.08646555125657969,0.08646555125657969,pure_test,held_out_pure_test
NASDAQ,GARCH,1,c233a1992db9852e,p=1 q=1,"{""p"": 1, ""q"": 1}",level,2024-05-08,2024-05-09,16302.759765625,16346.259765625,16346.259765625,16287.473406367317,16346.259765625,16287.473406367317,0.0076119578443467,-58.786359257683216,-0.3596318674765384,0.3596318674765384,pure_test,held_out_pure_test
NASDAQ,GARCH,1,c233a1992db9852e,p=1 q=1,"{""p"": 1, ""q"": 1}",level,2024-05-09,2024-05-10,16346.259765625,16340.8701171875,16340.8701171875,16328.640816385365,16340.8701171875,16328.640816385365,0.0076119578443467,-12.229300802135185,-0.07483873694872759,0.07483873694872759,pure_test,held_out_pure_test
NASDAQ,GARCH,1,c233a1992db9852e,p=1 q=1,"{""p"": 1, ""q"": 1}",level,2024-05-10,2024-05-13,16340.8701171875,16388.240234375,16388.240234375,16324.80696341898,16388.240234375,16324.80696341898,0.0076119578443467,-63.43327095602035,-0.3870657864958953,0.3870657864958953,pure_test,held_out_pure_test
NASDAQ,GARCH,1,c233a1992db9852e,p=1 q=1,"{""p"": 1, ""q"": 1}",level,2024-05-13,2024-05-14,16388.240234375,16511.1796875,16511.1796875,16370.49812796436,16511.1796875,16370.49812796436,0.0076119578443467,-140.6815595356402,-0.8520382080400043,0.8520382080400043,pure_test,held_out_pure_test
NASDAQ,GARCH,1,c233a1992db9852e,p=1 q=1,"{""p"": 1, ""q"": 1}",level,2024-05-14,2024-05-15,16511.1796875,16742.390625,16742.390625,16491.0327687341,16742.390625,16491.0327687341,0.0076119578443467,-251.3578562658986,-1.5013259569428938,1.5013259569428938,pure_test,held_out_pure_test
NASDAQ,GARCH,1,c233a1992db9852e,p=1 q=1,"{""p"": 1, ""q"": 1}",level,2024-05-15,2024-05-16,16742.390625,16698.3203125,16698.3203125,16718.798226660714,16698.3203125,16718.798226660714,0.0076119578443467,20.477914160714136,0.1226345750798948,0.1226345750798948,pure_test,held_out_pure_test
NASDAQ,GARCH,1,c233a1992db9852e,p=1 q=1,"{""p"": 1, ""q"": 1}",level,2024-05-16,2024-05-17,16698.3203125,16685.970703125,16685.970703125,16683.488077829723,16685.970703125,16683.488077829723,0.0076119578443467,-2.482625295277103,-0.014878518843450619,0.014878518843450619,pure_test,held_out_pure_test
NASDAQ,GARCH,1,c233a1992db9852e,p=1 q=1,"{""p"": 1, ""q"": 1}",level,2024-05-17,2024-05-20,16685.970703125,16794.869140625,16794.869140625,16670.129033373072,16794.869140625,16670.129033373072,0.0076119578443467,-124.74010725192784,-0.7427274735365148,0.7427274735365148,pure_test,held_out_pure_test
NASDAQ,GARCH,1,c233a1992db9852e,p=1 q=1,"{""p"": 1, ""q"": 1}",level,2024-05-20,2024-05-21,16794.869140625,16832.619140625,16832.619140625,16775.16904340962,16832.619140625,16775.16904340962,0.0076119578443467,-57.45009721538008,-0.3413021867567007,0.3413021867567007,pure_test,held_out_pure_test
NASDAQ,GARCH,1,c233a1992db9852e,p=1 q=1,"{""p"": 1, ""q"": 1}",level,2024-05-21,2024-05-22,16832.619140625,16801.5390625,16801.5390625,16815.183171305343,16801.5390625,16815.183171305343,0.0076119578443467,13.644108805343421,0.08120749387653559,0.08120749387653559,pure_test,held_out_pure_test
NASDAQ,GARCH,1,c233a1992db9852e,p=1 q=1,"{""p"": 1, ""q"": 1}",level,2024-05-22,2024-05-23,16801.5390625,16736.029296875,16736.029296875,16786.293444865125,16736.029296875,16786.293444865125,0.0076119578443467,50.26414799012491,0.3003349665473541,0.3003349665473541,pure_test,held_out_pure_test
NASDAQ,GARCH,1,c233a1992db9852e,p=1 q=1,"{""p"": 1, ""q"": 1}",level,2024-05-23,2024-05-24,16736.029296875,16920.7890625,16920.7890625,16721.879321233802,16920.7890625,16721.879321233802,0.0076119578443467,-198.90974126619767,-1.1755346664478146,1.1755346664478146,pure_test,held_out_pure_test
NASDAQ,GARCH,1,c233a1992db9852e,p=1 q=1,"{""p"": 1, ""q"": 1}",level,2024-05-24,2024-05-28,16920.7890625,17019.880859375,17019.880859375,16898.674860980303,17019.880859375,16898.674860980303,0.0076119578443467,-121.20599839469651,-0.7121436359992676,0.7121436359992676,pure_test,held_out_pure_test
NASDAQ,GARCH,1,c233a1992db9852e,p=1 q=1,"{""p"": 1, ""q"": 1}",level,2024-05-28,2024-05-29,17019.880859375,16920.580078125,16920.580078125,17000.492834910376,16920.580078125,17000.492834910376,0.0076119578443467,79.91275678537568,0.4722814254381695,0.4722814254381695,pure_test,held_out_pure_test
NASDAQ,GARCH,1,c233a1992db9852e,p=1 q=1,"{""p"": 1, ""q"": 1}",level,2024-05-29,2024-05-30,16920.580078125,16737.080078125,16737.080078125,16907.50542028121,16737.080078125,16907.50542028121,0.0076119578443467,170.4253421562098,1.0182501449518189,1.0182501449518189,pure_test,held_out_pure_test
NASDAQ,GARCH,1,c233a1992db9852e,p=1 q=1,"{""p"": 1, ""q"": 1}",level,2024-05-30,2024-05-31,16737.080078125,16735.01953125,16735.01953125,16726.6848579002,16735.01953125,16726.6848579002,0.0076119578443467,-8.334673349800141,-0.04980378621152164,0.04980378621152164,pure_test,held_out_pure_test
NASDAQ,GARCH,1,c233a1992db9852e,p=1 q=1,"{""p"": 1, ""q"": 1}",level,2024-05-31,2024-06-03,16735.01953125,16828.669921875,16828.669921875,16718.85043683148,16828.669921875,16718.85043683148,0.0076119578443467,-109.81948504352113,-0.6525737658017204,0.6525737658017204,pure_test,held_out_pure_test
NASDAQ,GARCH,1,c233a1992db9852e,p=1 q=1,"{""p"": 1, ""q"": 1}",level,2024-06-03,2024-06-04,16828.669921875,16857.05078125,16857.05078125,16809.455057076495,16857.05078125,16809.455057076495,0.0076119578443467,-47.595724173505005,-0.28234905851055186,0.28234905851055186,pure_test,held_out_pure_test
NASDAQ,GARCH,1,c233a1992db9852e,p=1 q=1,"{""p"": 1, ""q"": 1}",level,2024-06-04,2024-06-05,16857.05078125,17187.900390625,17187.900390625,16839.91296229588,17187.900390625,16839.91296229588,0.0076119578443467,-347.98742832912103,-2.0246069643208306,2.0246069643208306,pure_test,held_out_pure_test
NASDAQ,GARCH,1,c233a1992db9852e,p=1 q=1,"{""p"": 1, ""q"": 1}",level,2024-06-05,2024-06-06,17187.900390625,17173.119140625,17173.119140625,17161.137231206318,17173.119140625,17161.137231206318,0.0076119578443467,-11.981909418682335,-0.06977130549532928,0.06977130549532928,pure_test,held_out_pure_test
NASDAQ,GARCH,1,c233a1992db9852e,p=1 q=1,"{""p"": 1, ""q"": 1}",level,2024-06-06,2024-06-07,17173.119140625,17133.130859375,17133.130859375,17157.35485198733,17133.130859375,17157.35485198733,0.0076119578443467,24.22399261232931,0.14138684173461674,0.14138684173461674,pure_test,held_out_pure_test
NASDAQ,GARCH,1,c233a1992db9852e,p=1 q=1,"{""p"": 1, ""q"": 1}",level,2024-06-07,2024-06-10,17133.130859375,17192.529296875,17192.529296875,17118.168723878378,17192.529296875,17118.168723878378,0.0076119578443467,-74.36057299662207,-0.43251677349264844,0.43251677349264844,pure_test,held_out_pure_test
NASDAQ,GARCH,1,c233a1992db9852e,p=1 q=1,"{""p"": 1, ""q"": 1}",level,2024-06-10,2024-06-11,17192.529296875,17343.55078125,17343.55078125,17174.40441810118,17343.55078125,17174.40441810118,0.0076119578443467,-169.14636314881864,-0.9752695124673182,0.9752695124673182,pure_test,held_out_pure_test
NASDAQ,GARCH,1,c233a1992db9852e,p=1 q=1,"{""p"": 1, ""q"": 1}",level,2024-06-11,2024-06-12,17343.55078125,17608.439453125,17608.439453125,17322.51021938306,17608.439453125,17322.51021938306,0.0076119578443467,-285.92923374193924,-1.6238192742923332,1.6238192742923332,pure_test,held_out_pure_test
NASDAQ,GARCH,1,c233a1992db9852e,p=1 q=1,"{""p"": 1, ""q"": 1}",level,2024-06-12,2024-06-13,17608.439453125,17667.560546875,17667.560546875,17583.77534189162,17667.560546875,17583.77534189162,0.0076119578443467,-83.78520498337821,-0.4742318825571986,0.4742318825571986,pure_test,held_out_pure_test
NASDAQ,GARCH,1,c233a1992db9852e,p=1 q=1,"{""p"": 1, ""q"": 1}",level,2024-06-13,2024-06-14,17667.560546875,17688.880859375,17688.880859375,17649.444493898955,17688.880859375,17649.444493898955,0.0076119578443467,-39.43636547604547,-0.22294437838979753,0.22294437838979753,pure_test,held_out_pure_test
NASDAQ,GARCH,1,c233a1992db9852e,p=1 q=1,"{""p"": 1, ""q"": 1}",level,2024-06-14,2024-06-17,17688.880859375,17857.01953125,17857.01953125,17671.967725343,17857.01953125,17671.967725343,0.0076119578443467,-185.0518059069982,-1.0362972700072108,1.0362972700072108,pure_test,held_out_pure_test
NASDAQ,GARCH,1,c233a1992db9852e,p=1 q=1,"{""p"": 1, ""q"": 1}",level,2024-06-17,2024-06-18,17857.01953125,17862.23046875,17862.23046875,17835.434256061493,17862.23046875,17835.434256061493,0.0076119578443467,-26.796212688506785,-0.15001605054523734,0.15001605054523734,pure_test,held_out_pure_test
NASDAQ,GARCH,1,c233a1992db9852e,p=1 q=1,"{""p"": 1, ""q"": 1}",level,2024-06-18,2024-06-20,17862.23046875,17721.58984375,17721.58984375,17845.82997683077,17721.58984375,17845.82997683077,0.0076119578443467,124.24013308076974,0.7010665192919269,0.7010665192919269,pure_test,held_out_pure_test
NASDAQ,GARCH,1,c233a1992db9852e,p=1 q=1,"{""p"": 1, ""q"": 1}",level,2024-06-20,2024-06-21,17721.58984375,17689.359375,17689.359375,17709.830727002092,17689.359375,17709.830727002092,0.0076119578443467,20.471352002092317,0.11572692695148729,0.11572692695148729,pure_test,held_out_pure_test
NASDAQ,GARCH,1,c233a1992db9852e,p=1 q=1,"{""p"": 1, ""q"": 1}",level,2024-06-21,2024-06-24,17689.359375,17496.8203125,17496.8203125,17674.15036577982,17496.8203125,17674.15036577982,0.0076119578443467,177.33005327982028,1.013498739271689,1.013498739271689,pure_test,held_out_pure_test
NASDAQ,GARCH,1,c233a1992db9852e,p=1 q=1,"{""p"": 1, ""q"": 1}",level,2024-06-24,2024-06-25,17496.8203125,17717.650390625,17717.650390625,17486.71273869832,17717.650390625,17486.71273869832,0.0076119578443467,-230.9376519266807,-1.3034327172912132,1.3034327172912132,pure_test,held_out_pure_test
NASDAQ,GARCH,1,c233a1992db9852e,p=1 q=1,"{""p"": 1, ""q"": 1}",level,2024-06-25,2024-06-26,17717.650390625,17805.16015625,17805.16015625,17694.38833816706,17805.16015625,17694.38833816706,0.0076119578443467,-110.77181808293972,-0.6221332305402285,0.6221332305402285,pure_test,held_out_pure_test
NASDAQ,GARCH,1,c233a1992db9852e,p=1 q=1,"{""p"": 1, ""q"": 1}",level,2024-06-26,2024-06-27,17805.16015625,17858.6796875,17858.6796875,17786.14070207256,17858.6796875,17786.14070207256,0.0076119578443467,-72.53898542743991,-0.4061833612381369,0.4061833612381369,pure_test,held_out_pure_test
NASDAQ,GARCH,1,c233a1992db9852e,p=1 q=1,"{""p"": 1, ""q"": 1}",level,2024-06-27,2024-06-28,17858.6796875,17732.599609375,17732.599609375,17840.74189077752,17732.599609375,17840.74189077752,0.0076119578443467,108.1422814025209,0.6098501279268013,0.6098501279268013,pure_test,held_out_pure_test
NASDAQ,GARCH,1,c233a1992db9852e,p=1 q=1,"{""p"": 1, ""q"": 1}",level,2024-06-28,2024-07-01,17732.599609375,17879.30078125,17879.30078125,17720.37713824413,17879.30078125,17720.37713824413,0.0076119578443467,-158.92364300586996,-0.8888694527278884,0.8888694527278884,pure_test,held_out_pure_test
NASDAQ,GARCH,1,c233a1992db9852e,p=1 q=1,"{""p"": 1, ""q"": 1}",level,2024-07-01,2024-07-02,17879.30078125,18028.759765625,18028.759765625,17858.397702937065,18028.759765625,17858.397702937065,0.0076119578443467,-170.36206268793467,-0.9449461022424842,0.9449461022424842,pure_test,held_out_pure_test
NASDAQ,GARCH,1,c233a1992db9852e,p=1 q=1,"{""p"": 1, ""q"": 1}",level,2024-07-02,2024-07-03,18028.759765625,18188.30078125,18188.30078125,18007.768926562403,18188.30078125,18007.768926562403,0.0076119578443467,-180.53185468759693,-0.9925713064614813,0.9925713064614813,pure_test,held_out_pure_test
NASDAQ,GARCH,1,c233a1992db9852e,p=1 q=1,"{""p"": 1, ""q"": 1}",level,2024-07-03,2024-07-05,18188.30078125,18352.759765625,18352.759765625,18166.989105792385,18352.759765625,18166.989105792385,0.0076119578443467,-185.7706598326149,-1.012221933948954,1.012221933948954,pure_test,held_out_pure_test
NASDAQ,GARCH,1,c233a1992db9852e,p=1 q=1,"{""p"": 1, ""q"": 1}",level,2024-07-05,2024-07-08,18352.759765625,18403.740234375,18403.740234375,18331.291587640717,18403.740234375,18331.291587640717,0.0076119578443467,-72.4486467342831,-0.39366262407334773,0.39366262407334773,pure_test,held_out_pure_test
NASDAQ,GARCH,1,c233a1992db9852e,p=1 q=1,"{""p"": 1, ""q"": 1}",level,2024-07-08,2024-07-09,18403.740234375,18429.2890625,18429.2890625,18385.883237209575,18429.2890625,18385.883237209575,0.0076119578443467,-43.40582529042513,-0.2355263143533165,0.2355263143533165,pure_test,held_out_pure_test
NASDAQ,GARCH,1,c233a1992db9852e,p=1 q=1,"{""p"": 1, ""q"": 1}",level,2024-07-09,2024-07-10,18429.2890625,18647.44921875,18647.44921875,18412.24136612875,18647.44921875,18412.24136612875,0.0076119578443467,-235.2078526212499,-1.2613406255304267,1.2613406255304267,pure_test,held_out_pure_test
NASDAQ,GARCH,1,c233a1992db9852e,p=1 q=1,"{""p"": 1, ""q"": 1}",level,2024-07-10,2024-07-11,18647.44921875,18283.41015625,18283.41015625,18624.27213013398,18283.41015625,18624.27213013398,0.0076119578443467,340.8619738839807,1.8643238376811255,1.8643238376811255,pure_test,held_out_pure_test
NASDAQ,GARCH,1,c233a1992db9852e,p=1 q=1,"{""p"": 1, ""q"": 1}",level,2024-07-11,2024-07-12,18283.41015625,18398.44921875,18398.44921875,18278.76015745292,18398.44921875,18278.76015745292,0.0076119578443467,-119.6890612970783,-0.6505388572375016,0.6505388572375016,pure_test,held_out_pure_test
NASDAQ,GARCH,1,c233a1992db9852e,p=1 q=1,"{""p"": 1, ""q"": 1}",level,2024-07-12,2024-07-15,18398.44921875,18472.5703125,18472.5703125,18378.553710913555,18472.5703125,18378.553710913555,0.0076119578443467,-94.01660158644518,-0.5089524630084971,0.5089524630084971,pure_test,held_out_pure_test
NASDAQ,GARCH,1,c233a1992db9852e,p=1 q=1,"{""p"": 1, ""q"": 1}",level,2024-07-15,2024-07-16,18472.5703125,18509.33984375,18509.33984375,18453.97692060227,18509.33984375,18453.97692060227,0.0076119578443467,-55.362923147731635,-0.29910803742914627,0.29910803742914627,pure_test,held_out_pure_test
NASDAQ,GARCH,1,c233a1992db9852e,p=1 q=1,"{""p"": 1, ""q"": 1}",level,2024-07-16,2024-07-17,18509.33984375,17996.919921875,17996.919921875,18491.93507549007,17996.919921875,18491.93507549007,0.0076119578443467,495.0151536150697,2.7505548491849754,2.7505548491849754,pure_test,held_out_pure_test
NASDAQ,GARCH,1,c233a1992db9852e,p=1 q=1,"{""p"": 1, ""q"": 1}",level,2024-07-17,2024-07-18,17996.919921875,17871.220703125,17871.220703125,17996.991787038773,17871.220703125,17996.991787038773,0.0076119578443467,125.7710839137726,0.7037632515599788,0.7037632515599788,pure_test,held_out_pure_test
NASDAQ,GARCH,1,c233a1992db9852e,p=1 q=1,"{""p"": 1, ""q"": 1}",level,2024-07-18,2024-07-19,17871.220703125,17726.939453125,17726.939453125,17858.98611206057,17726.939453125,17858.98611206057,0.0076119578443467,132.04665893557103,0.7448925929077573,0.7448925929077573,pure_test,held_out_pure_test
NASDAQ,GARCH,1,c233a1992db9852e,p=1 q=1,"{""p"": 1, ""q"": 1}",level,2024-07-19,2024-07-22,17726.939453125,18007.5703125,18007.5703125,17715.29619051121,18007.5703125,17715.29619051121,0.0076119578443467,-292.2741219887903,-1.6230625060278536,1.6230625060278536,pure_test,held_out_pure_test
NASDAQ,GARCH,1,c233a1992db9852e,p=1 q=1,"{""p"": 1, ""q"": 1}",level,2024-07-22,2024-07-23,18007.5703125,17997.349609375,17997.349609375,17982.405244012876,17997.349609375,17982.405244012876,0.0076119578443467,-14.94436536212379,-0.08303647862871498,0.08303647862871498,pure_test,held_out_pure_test
NASDAQ,GARCH,1,c233a1992db9852e,p=1 q=1,"{""p"": 1, ""q"": 1}",level,2024-07-23,2024-07-24,17997.349609375,17342.41015625,17342.41015625,17981.440192302154,17342.41015625,17981.440192302154,0.0076119578443467,639.0300360521542,3.6847821628867155,3.6847821628867155,pure_test,held_out_pure_test
NASDAQ,GARCH,1,c233a1992db9852e,p=1 q=1,"{""p"": 1, ""q"": 1}",level,2024-07-24,2024-07-25,17342.41015625,17181.720703125,17181.720703125,17347.017362704835,17181.720703125,17347.017362704835,0.0076119578443467,165.29665957983525,0.962049508520827,0.962049508520827,pure_test,held_out_pure_test
NASDAQ,GARCH,1,c233a1992db9852e,p=1 q=1,"{""p"": 1, ""q"": 1}",level,2024-07-25,2024-07-26,17181.720703125,17357.880859375,17357.880859375,17170.59959211031,17357.880859375,17170.59959211031,0.0076119578443467,-187.28126726469054,-1.0789408498764976,1.0789408498764976,pure_test,held_out_pure_test
NASDAQ,GARCH,1,c233a1992db9852e,p=1 q=1,"{""p"": 1, ""q"": 1}",level,2024-07-26,2024-07-29,17357.880859375,17370.19921875,17370.19921875,17336.0403197397,17370.19921875,17336.0403197397,0.0076119578443467,-34.158899010300956,-0.19665231572835762,0.19665231572835762,pure_test,held_out_pure_test
NASDAQ,GARCH,1,c233a1992db9852e,p=1 q=1,"{""p"": 1, ""q"": 1}",level,2024-07-29,2024-07-30,17370.19921875,17147.419921875,17147.419921875,17353.57255022452,17147.419921875,17353.57255022452,0.0076119578443467,206.15262834951864,1.202237008767303,1.202237008767303,pure_test,held_out_pure_test
NASDAQ,GARCH,1,c233a1992db9852e,p=1 q=1,"{""p"": 1, ""q"": 1}",level,2024-07-30,2024-07-31,17147.419921875,17599.400390625,17599.400390625,17138.27467079786,17599.400390625,17138.27467079786,0.0076119578443467,-461.12571982714144,-2.620121763198125,2.620121763198125,pure_test,held_out_pure_test
NASDAQ,GARCH,1,c233a1992db9852e,p=1 q=1,"{""p"": 1, ""q"": 1}",level,2024-07-31,2024-08-01,17599.400390625,17194.150390625,17194.150390625,17568.78253295319,17194.150390625,17568.78253295319,0.0076119578443467,374.63214232819155,2.1788348584670825,2.1788348584670825,pure_test,held_out_pure_test
NASDAQ,GARCH,1,c233a1992db9852e,p=1 q=1,"{""p"": 1, ""q"": 1}",level,2024-08-01,2024-08-02,17194.150390625,16776.16015625,16776.16015625,17190.811830792445,16776.16015625,17190.811830792445,0.0076119578443467,414.6516745424451,2.4716721268780066,2.4716721268780066,pure_test,held_out_pure_test
NASDAQ,GARCH,1,c233a1992db9852e,p=1 q=1,"{""p"": 1, ""q"": 1}",level,2024-08-02,2024-08-05,16776.16015625,16200.080078125,16200.080078125,16773.22702373335,16200.080078125,16773.22702373335,0.0076119578443467,573.1469456083505,3.5379266203891917,3.5379266203891917,pure_test,held_out_pure_test
NASDAQ,GARCH,1,c233a1992db9852e,p=1 q=1,"{""p"": 1, ""q"": 1}",level,2024-08-05,2024-08-06,16200.080078125,16366.849609375,16366.849609375,16202.177774644686,16366.849609375,16202.177774644686,0.0076119578443467,-164.671834730314,-1.0061303101116619,1.0061303101116619,pure_test,held_out_pure_test
NASDAQ,GARCH,1,c233a1992db9852e,p=1 q=1,"{""p"": 1, ""q"": 1}",level,2024-08-06,2024-08-07,16366.849609375,16195.8095703125,16195.8095703125,16345.307903793797,16195.8095703125,16345.307903793797,0.0076119578443467,149.49833348129687,0.9230679876313974,0.9230679876313974,pure_test,held_out_pure_test
NASDAQ,GARCH,1,c233a1992db9852e,p=1 q=1,"{""p"": 1, ""q"": 1}",level,2024-08-07,2024-08-08,16195.8095703125,16660.01953125,16660.01953125,16185.017841799823,16660.01953125,16185.017841799823,0.0076119578443467,-475.00168945017685,-2.8511472544146383,2.8511472544146383,pure_test,held_out_pure_test
NASDAQ,GARCH,1,c233a1992db9852e,p=1 q=1,"{""p"": 1, ""q"": 1}",level,2024-08-08,2024-08-09,16660.01953125,16745.30078125,16745.30078125,16629.012499403954,16745.30078125,16629.012499403954,0.0076119578443467,-116.28828184604572,-0.6944532281931639,0.6944532281931639,pure_test,held_out_pure_test
NASDAQ,GARCH,1,c233a1992db9852e,p=1 q=1,"{""p"": 1, ""q"": 1}",level,2024-08-09,2024-08-12,16745.30078125,16780.609375,16780.609375,16726.352244222253,16780.609375,16726.352244222253,0.0076119578443467,-54.25713077774708,-0.3233323031676082,0.3233323031676082,pure_test,held_out_pure_test
NASDAQ,GARCH,1,c233a1992db9852e,p=1 q=1,"{""p"": 1, ""q"": 1}",level,2024-08-12,2024-08-13,16780.609375,17187.609375,17187.609375,16763.25109756213,17187.609375,16763.25109756213,0.0076119578443467,-424.35827743787013,-2.4689779025064102,2.4689779025064102,pure_test,held_out_pure_test
NASDAQ,GARCH,1,c233a1992db9852e,p=1 q=1,"{""p"": 1, ""q"": 1}",level,2024-08-13,2024-08-14,17187.609375,17192.599609375,17192.599609375,17158.422912558195,17192.599609375,17158.422912558195,0.0076119578443467,-34.176696816804906,-0.19878725494292673,0.19878725494292673,pure_test,held_out_pure_test
NASDAQ,GARCH,1,c233a1992db9852e,p=1 q=1,"{""p"": 1, ""q"": 1}",level,2024-08-14,2024-08-15,17192.599609375,17594.5,17594.5,17176.206140801885,17594.5,17176.206140801885,0.0076119578443467,-418.29385919811466,-2.3774125959709833,2.3774125959709833,pure_test,held_out_pure_test
NASDAQ,GARCH,1,c233a1992db9852e,p=1 q=1,"{""p"": 1, ""q"": 1}",level,2024-08-15,2024-08-16,17594.5,17631.720703125,17631.720703125,17565.475820360865,17631.720703125,17565.475820360865,0.0076119578443467,-66.24488276413467,-0.3757142248311227,0.3757142248311227,pure_test,held_out_pure_test
NASDAQ,GARCH,1,c233a1992db9852e,p=1 q=1,"{""p"": 1, ""q"": 1}",level,2024-08-16,2024-08-19,17631.720703125,17876.76953125,17876.76953125,17614.301577405316,17876.76953125,17614.301577405316,0.0076119578443467,-262.4679538446835,-1.4682068445636605,1.4682068445636605,pure_test,held_out_pure_test
NASDAQ,GARCH,1,c233a1992db9852e,p=1 q=1,"{""p"": 1, ""q"": 1}",level,2024-08-19,2024-08-20,17876.76953125,17816.939453125,17816.939453125,17852.736775324756,17816.939453125,17852.736775324756,0.0076119578443467,35.79732219975631,0.2009173477517635,0.2009173477517635,pure_test,held_out_pure_test
NASDAQ,GARCH,1,c233a1992db9852e,p=1 q=1,"{""p"": 1, ""q"": 1}",level,2024-08-20,2024-08-21,17816.939453125,17918.990234375,17918.990234375,17802.60873509002,17918.990234375,17802.60873509002,0.0076119578443467,-116.38149928498024,-0.6494869284638546,0.6494869284638546,pure_test,held_out_pure_test
NASDAQ,GARCH,1,c233a1992db9852e,p=1 q=1,"{""p"": 1, ""q"": 1}",level,2024-08-21,2024-08-22,17918.990234375,17619.349609375,17619.349609375,17899.508047349653,17619.349609375,17899.508047349653,0.0076119578443467,280.15843797465277,1.590061178112866,1.590061178112866,pure_test,held_out_pure_test
NASDAQ,GARCH,1,c233a1992db9852e,p=1 q=1,"{""p"": 1, ""q"": 1}",level,2024-08-22,2024-08-23,17619.349609375,17877.7890625,17877.7890625,17612.650285196956,17877.7890625,17612.650285196956,0.0076119578443467,-265.13877730304375,-1.483062454625288,1.483062454625288,pure_test,held_out_pure_test
NASDAQ,GARCH,1,c233a1992db9852e,p=1 q=1,"{""p"": 1, ""q"": 1}",level,2024-08-23,2024-08-26,17877.7890625,17725.76953125,17725.76953125,17853.330182141544,17725.76953125,17853.330182141544,0.0076119578443467,127.56065089154436,0.7196339243081027,0.7196339243081027,pure_test,held_out_pure_test
NASDAQ,GARCH,1,c233a1992db9852e,p=1 q=1,"{""p"": 1, ""q"": 1}",level,2024-08-26,2024-08-27,17725.76953125,17754.8203125,17754.8203125,17714.372520824716,17754.8203125,17714.372520824716,0.0076119578443467,-40.44779167528395,-0.22781301620274538,0.22781301620274538,pure_test,held_out_pure_test
NASDAQ,GARCH,1,c233a1992db9852e,p=1 q=1,"{""p"": 1, ""q"": 1}",level,2024-08-27,2024-08-28,17754.8203125,17556.029296875,17556.029296875,17737.661174893517,17556.029296875,17737.661174893517,0.0076119578443467,181.63187801851745,1.03458404487197,1.03458404487197,pure_test,held_out_pure_test
NASDAQ,GARCH,1,c233a1992db9852e,p=1 q=1,"{""p"": 1, ""q"": 1}",level,2024-08-28,2024-08-29,17556.029296875,17516.4296875,17516.4296875,17546.120676444196,17516.4296875,17546.120676444196,0.0076119578443467,29.69098894419585,0.16950365727431208,0.16950365727431208,pure_test,held_out_pure_test
NASDAQ,GARCH,1,c233a1992db9852e,p=1 q=1,"{""p"": 1, ""q"": 1}",level,2024-08-29,2024-08-30,17516.4296875,17713.619140625,17713.619140625,17501.4551834558,17713.619140625,17501.4551834558,0.0076119578443467,-212.16395716919942,-1.1977448283429306,1.1977448283429306,pure_test,held_out_pure_test
NASDAQ,GARCH,1,c233a1992db9852e,p=1 q=1,"{""p"": 1, ""q"": 1}",level,2024-08-30,2024-09-03,17713.619140625,17136.30078125,17136.30078125,17691.10939419676,17136.30078125,17691.10939419676,0.0076119578443467,554.8086129467592,3.2376218183204006,3.2376218183204006,pure_test,held_out_pure_test
NASDAQ,GARCH,1,c233a1992db9852e,p=1 q=1,"{""p"": 1, ""q"": 1}",level,2024-09-03,2024-09-04,17136.30078125,17084.30078125,17084.30078125,17138.437883092127,17084.30078125,17138.437883092127,0.0076119578443467,54.13710184212687,0.31688216295947136,0.31688216295947136,pure_test,held_out_pure_test
NASDAQ,GARCH,1,c233a1992db9852e,p=1 q=1,"{""p"": 1, ""q"": 1}",level,2024-09-04,2024-09-05,17084.30078125,17127.66015625,17127.66015625,17069.72088981176,17127.66015625,17069.72088981176,0.0076119578443467,-57.93926643823943,-0.3382789354160381,0.3382789354160381,pure_test,held_out_pure_test
NASDAQ,GARCH,1,c233a1992db9852e,p=1 q=1,"{""p"": 1, ""q"": 1}",level,2024-09-05,2024-09-06,17127.66015625,16690.830078125,16690.830078125,17110.045682062755,16690.830078125,17110.045682062755,0.0076119578443467,419.2156039377551,2.5116522184668275,2.5116522184668275,pure_test,held_out_pure_test
NASDAQ,GARCH,1,c233a1992db9852e,p=1 q=1,"{""p"": 1, ""q"": 1}",level,2024-09-06,2024-09-09,16690.830078125,16884.599609375,16884.599609375,16688.496478321707,16884.599609375,16688.496478321707,0.0076119578443467,-196.1031310532926,-1.161431929628988,1.161431929628988,pure_test,held_out_pure_test
NASDAQ,GARCH,1,c233a1992db9852e,p=1 q=1,"{""p"": 1, ""q"": 1}",level,2024-09-09,2024-09-10,16884.599609375,17025.880859375,17025.880859375,16862.198693734765,17025.880859375,16862.198693734765,0.0076119578443467,-163.68216564023533,-0.9613726713593596,0.9613726713593596,pure_test,held_out_pure_test
NASDAQ,GARCH,1,c233a1992db9852e,p=1 q=1,"{""p"": 1, ""q"": 1}",level,2024-09-10,2024-09-11,17025.880859375,17395.529296875,17395.529296875,17005.15025703963,17395.529296875,17005.15025703963,0.0076119578443467,-390.37903983537035,-2.2441343012511816,2.2441343012511816,pure_test,held_out_pure_test
NASDAQ,GARCH,1,c233a1992db9852e,p=1 q=1,"{""p"": 1, ""q"": 1}",level,2024-09-11,2024-09-12,17395.529296875,17569.6796875,17569.6796875,17367.531458070993,17569.6796875,17367.531458070993,0.0076119578443467,-202.1482294290072,-1.1505515924278695,1.1505515924278695,pure_test,held_out_pure_test
NASDAQ,GARCH,1,c233a1992db9852e,p=1 q=1,"{""p"": 1, ""q"": 1}",level,2024-09-12,2024-09-13,17569.6796875,17683.98046875,17683.98046875,17547.903103821784,17683.98046875,17547.903103821784,0.0076119578443467,-136.0773649282164,-0.7694951098180844,0.7694951098180844,pure_test,held_out_pure_test
NASDAQ,GARCH,1,c233a1992db9852e,p=1 q=1,"{""p"": 1, ""q"": 1}",level,2024-09-13,2024-09-16,17683.98046875,17592.130859375,17592.130859375,17664.108454938607,17592.130859375,17664.108454938607,0.0076119578443467,71.97759556360688,0.4091465447760093,0.4091465447760093,pure_test,held_out_pure_test
NASDAQ,GARCH,1,c233a1992db9852e,p=1 q=1,"{""p"": 1, ""q"": 1}",level,2024-09-16,2024-09-17,17592.130859375,17628.060546875,17628.060546875,17578.819085908002,17628.060546875,17578.819085908002,0.0076119578443467,-49.24146096699769,-0.2793356696050544,0.2793356696050544,pure_test,held_out_pure_test
NASDAQ,GARCH,1,c233a1992db9852e,p=1 q=1,"{""p"": 1, ""q"": 1}",level,2024-09-17,2024-09-18,17628.060546875,17573.30078125,17573.30078125,17610.682504622404,17573.30078125,17610.682504622404,0.0076119578443467,37.38172337240394,0.2127188502474659,0.2127188502474659,pure_test,held_out_pure_test
NASDAQ,GARCH,1,c233a1992db9852e,p=1 q=1,"{""p"": 1, ""q"": 1}",level,2024-09-18,2024-09-19,17573.30078125,18013.98046875,18013.98046875,17558.80871271493,18013.98046875,17558.80871271493,0.0076119578443467,-455.17175603506985,-2.526769454561613,2.526769454561613,pure_test,held_out_pure_test
NASDAQ,GARCH,1,c233a1992db9852e,p=1 q=1,"{""p"": 1, ""q"": 1}",level,2024-09-19,2024-09-20,18013.98046875,17948.3203125,17948.3203125,17983.722231260595,17948.3203125,17983.722231260595,0.0076119578443467,35.401918760595436,0.19724363140510692,0.19724363140510692,pure_test,held_out_pure_test
NASDAQ,GARCH,1,c233a1992db9852e,p=1 q=1,"{""p"": 1, ""q"": 1}",level,2024-09-20,2024-09-23,17948.3203125,17974.26953125,17974.26953125,17934.175122678724,17974.26953125,17934.175122678724,0.0076119578443467,-40.09440857127629,-0.22306557994787102,0.22306557994787102,pure_test,held_out_pure_test
NASDAQ,GARCH,1,c233a1992db9852e,p=1 q=1,"{""p"": 1, ""q"": 1}",level,2024-09-23,2024-09-24,17974.26953125,18074.51953125,18074.51953125,17957.20909341014,18074.51953125,17957.20909341014,0.0076119578443467,-117.31043783986024,-0.6490376556734245,0.6490376556734245,pure_test,held_out_pure_test
NASDAQ,GARCH,1,c233a1992db9852e,p=1 q=1,"{""p"": 1, ""q"": 1}",level,2024-09-24,2024-09-25,18074.51953125,18082.2109375,18082.2109375,18055.094649756655,18082.2109375,18055.094649756655,0.0076119578443467,-27.11628774334531,-0.14996112940541959,0.14996112940541959,pure_test,held_out_pure_test
NASDAQ,GARCH,1,c233a1992db9852e,p=1 q=1,"{""p"": 1, ""q"": 1}",level,2024-09-25,2024-09-26,18082.2109375,18190.2890625,18190.2890625,18065.731510628877,18190.2890625,18065.731510628877,0.0076119578443467,-124.557551871123,-0.6847475124950231,0.6847475124950231,pure_test,held_out_pure_test
NASDAQ,GARCH,1,c233a1992db9852e,p=1 q=1,"{""p"": 1, ""q"": 1}",level,2024-09-26,2024-09-27,18190.2890625,18119.58984375,18119.58984375,18170.615069756903,18119.58984375,18170.615069756903,0.0076119578443467,51.02522600690281,0.2816025442457958,0.2816025442457958,pure_test,held_out_pure_test
NASDAQ,GARCH,1,c233a1992db9852e,p=1 q=1,"{""p"": 1, ""q"": 1}",level,2024-09-27,2024-09-30,18119.58984375,18189.169921875,18189.169921875,18105.605009972725,18189.169921875,18105.605009972725,0.0076119578443467,-83.56491190227462,-0.45942125045396504,0.45942125045396504,pure_test,held_out_pure_test
NASDAQ,GARCH,1,c233a1992db9852e,p=1 q=1,"{""p"": 1, ""q"": 1}",level,2024-09-30,2024-10-01,18189.169921875,17910.359375,17910.359375,18170.72103687739,17910.359375,18170.72103687739,0.0076119578443467,260.36166187738854,1.4536931193062035,1.4536931193062035,pure_test,held_out_pure_test
NASDAQ,GARCH,1,c233a1992db9852e,p=1 q=1,"{""p"": 1, ""q"": 1}",level,2024-10-01,2024-10-02,17910.359375,17925.119140625,17925.119140625,17902.99718368657,17925.119140625,17902.99718368657,0.0076119578443467,-22.12195693843023,-0.1234131654293646,0.1234131654293646,pure_test,held_out_pure_test
NASDAQ,GARCH,1,c233a1992db9852e,p=1 q=1,"{""p"": 1, ""q"": 1}",level,2024-10-02,2024-10-03,17925.119140625,17918.48046875,17918.48046875,17908.414780217732,17918.48046875,17908.414780217732,0.0076119578443467,-10.065688532267814,-0.05617490026468745,0.05617490026468745,pure_test,held_out_pure_test
NASDAQ,GARCH,1,c233a1992db9852e,p=1 q=1,"{""p"": 1, ""q"": 1}",level,2024-10-03,2024-10-04,17918.48046875,18137.849609375,18137.849609375,17902.4570621482,18137.849609375,17902.4570621482,0.0076119578443467,-235.39254722679834,-1.297797436280042,1.297797436280042,pure_test,held_out_pure_test
NASDAQ,GARCH,1,c233a1992db9852e,p=1 q=1,"{""p"": 1, ""q"": 1}",level,2024-10-04,2024-10-07,18137.849609375,17923.900390625,17923.900390625,18114.63404773912,17923.900390625,18114.63404773912,0.0076119578443467,190.73365711412043,1.0641303118035774,1.0641303118035774,pure_test,held_out_pure_test
NASDAQ,GARCH,1,c233a1992db9852e,p=1 q=1,"{""p"": 1, ""q"": 1}",level,2024-10-07,2024-10-08,17923.900390625,18182.919921875,18182.919921875,17914.474143549818,18182.919921875,17914.474143549818,0.0076119578443467,-268.4457783251819,-1.4763623195756785,1.4763623195756785,pure_test,held_out_pure_test
NASDAQ,GARCH,1,c233a1992db9852e,p=1 q=1,"{""p"": 1, ""q"": 1}",level,2024-10-08,2024-10-09,18182.919921875,18291.619140625,18291.619140625,18158.442581925432,18291.619140625,18158.442581925432,0.0076119578443467,-133.17655869956798,-0.728074194393146,0.728074194393146,pure_test,held_out_pure_test
NASDAQ,GARCH,1,c233a1992db9852e,p=1 q=1,"{""p"": 1, ""q"": 1}",level,2024-10-09,2024-10-10,18291.619140625,18282.05078125,18282.05078125,18271.925383067173,18282.05078125,18271.925383067173,0.0076119578443467,-10.125398182826757,-0.05538436745406771,0.05538436745406771,pure_test,held_out_pure_test
NASDAQ,GARCH,1,c233a1992db9852e,p=1 q=1,"{""p"": 1, ""q"": 1}",level,2024-10-10,2024-10-11,18282.05078125,18342.939453125,18342.939453125,18266.12060490634,18342.939453125,18266.12060490634,0.0076119578443467,-76.8188482186597,-0.4187924646154378,0.4187924646154378,pure_test,held_out_pure_test
NASDAQ,GARCH,1,c233a1992db9852e,p=1 q=1,"{""p"": 1, ""q"": 1}",level,2024-10-11,2024-10-14,18342.939453125,18502.689453125,18502.689453125,18324.76715122654,18502.689453125,18324.76715122654,0.0076119578443467,-177.9223018984594,-0.9616023786661422,0.9616023786661422,pure_test,held_out_pure_test
NASDAQ,GARCH,1,c233a1992db9852e,p=1 q=1,"{""p"": 1, ""q"": 1}",level,2024-10-14,2024-10-15,18502.689453125,18315.58984375,18315.58984375,18481.371127242302,18315.58984375,18481.371127242302,0.0076119578443467,165.78128349230246,0.9051375626260465,0.9051375626260465,pure_test,held_out_pure_test
NASDAQ,GARCH,1,c233a1992db9852e,p=1 q=1,"{""p"": 1, ""q"": 1}",level,2024-10-15,2024-10-16,18315.58984375,18367.080078125,18367.080078125,18305.309172435704,18367.080078125,18305.309172435704,0.0076119578443467,-61.77090568929634,-0.336313150629015,0.336313150629015,pure_test,held_out_pure_test
NASDAQ,GARCH,1,c233a1992db9852e,p=1 q=1,"{""p"": 1, ""q"": 1}",level,2024-10-16,2024-10-17,18367.080078125,18373.609375,18373.609375,18349.20685889466,18373.609375,18349.20685889466,0.0076119578443467,-24.4025161053396,-0.13281286004993018,0.13281286004993018,pure_test,held_out_pure_test
NASDAQ,GARCH,1,c233a1992db9852e,p=1 q=1,"{""p"": 1, ""q"": 1}",level,2024-10-17,2024-10-18,18373.609375,18489.55078125,18489.55078125,18357.166929464605,18489.55078125,18357.166929464605,0.0076119578443467,-132.38385178539465,-0.7159927969674812,0.7159927969674812,pure_test,held_out_pure_test
NASDAQ,GARCH,1,c233a1992db9852e,p=1 q=1,"{""p"": 1, ""q"": 1}",level,2024-10-18,2024-10-21,18489.55078125,18540.009765625,18540.009765625,18469.62655849405,18540.009765625,18469.62655849405,0.0076119578443467,-70.38320713095163,-0.3796287489634931,0.3796287489634931,pure_test,held_out_pure_test
NASDAQ,GARCH,1,c233a1992db9852e,p=1 q=1,"{""p"": 1, ""q"": 1}",level,2024-10-21,2024-10-22,18540.009765625,18579.76953125,18579.76953125,18522.16936344553,18579.76953125,18522.16936344553,0.0076119578443467,-57.6001678044704,-0.31001551288131185,0.31001551288131185,pure_test,held_out_pure_test
NASDAQ,GARCH,1,c233a1992db9852e,p=1 q=1,"{""p"": 1, ""q"": 1}",level,2024-10-22,2024-10-23,18579.76953125,18276.650390625,18276.650390625,18562.26960597326,18276.650390625,18562.26960597326,0.0076119578443467,285.6192153482589,1.5627547129465644,1.5627547129465644,pure_test,held_out_pure_test
NASDAQ,GARCH,1,c233a1992db9852e,p=1 q=1,"{""p"": 1, ""q"": 1}",level,2024-10-23,2024-10-24,18276.650390625,18415.490234375,18415.490234375,18270.061761840123,18415.490234375,18270.061761840123,0.0076119578443467,-145.42847253487707,-0.7897073099005271,0.7897073099005271,pure_test,held_out_pure_test
NASDAQ,GARCH,1,c233a1992db9852e,p=1 q=1,"{""p"": 1, ""q"": 1}",level,2024-10-24,2024-10-25,18415.490234375,18518.609375,18518.609375,18394.837323921412,18518.609375,18394.837323921412,0.0076119578443467,-123.77205107858754,-0.6683657966546829,0.6683657966546829,pure_test,held_out_pure_test
NASDAQ,GARCH,1,c233a1992db9852e,p=1 q=1,"{""p"": 1, ""q"": 1}",level,2024-10-25,2024-10-28,18518.609375,18567.189453125,18567.189453125,18499.09319000718,18567.189453125,18499.09319000718,0.0076119578443467,-68.09626311781903,-0.3667559018005168,0.3667559018005168,pure_test,held_out_pure_test
NASDAQ,GARCH,1,c233a1992db9852e,p=1 q=1,"{""p"": 1, ""q"": 1}",level,2024-10-28,2024-10-29,18567.189453125,18712.75,18712.75,18549.408842617748,18712.75,18549.408842617748,0.0076119578443467,-163.34115738225228,-0.8728869748286717,0.8728869748286717,pure_test,held_out_pure_test
NASDAQ,GARCH,1,c233a1992db9852e,p=1 q=1,"{""p"": 1, ""q"": 1}",level,2024-10-29,2024-10-30,18712.75,18607.9296875,18607.9296875,18691.88321933424,18607.9296875,18691.88321933424,0.0076119578443467,83.95353183423867,0.45117072798611774,0.45117072798611774,pure_test,held_out_pure_test
NASDAQ,GARCH,1,c233a1992db9852e,p=1 q=1,"{""p"": 1, ""q"": 1}",level,2024-10-30,2024-10-31,18607.9296875,18095.150390625,18095.150390625,18595.03067546255,18095.150390625,18595.03067546255,0.0076119578443467,499.88028483754897,2.7625097003699635,2.7625097003699635,pure_test,held_out_pure_test
NASDAQ,GARCH,1,c233a1992db9852e,p=1 q=1,"{""p"": 1, ""q"": 1}",level,2024-10-31,2024-11-01,18095.150390625,18239.919921875,18239.919921875,18095.233692033773,18239.919921875,18095.233692033773,0.0076119578443467,-144.68622984122703,-0.7932393917349709,0.7932393917349709,pure_test,held_out_pure_test
NASDAQ,GARCH,1,c233a1992db9852e,p=1 q=1,"{""p"": 1, ""q"": 1}",level,2024-11-01,2024-11-04,18239.919921875,18179.98046875,18179.98046875,18219.078313378937,18179.98046875,18219.078313378937,0.0076119578443467,39.09784462893731,0.2150598824687602,0.2150598824687602,pure_test,held_out_pure_test
NASDAQ,GARCH,1,c233a1992db9852e,p=1 q=1,"{""p"": 1, ""q"": 1}",level,2024-11-04,2024-11-05,18179.98046875,18439.169921875,18439.169921875,18165.653231311324,18439.169921875,18165.653231311324,0.0076119578443467,-273.5166905636761,-1.4833460059348667,1.4833460059348667,pure_test,held_out_pure_test
NASDAQ,GARCH,1,c233a1992db9852e,p=1 q=1,"{""p"": 1, ""q"": 1}",level,2024-11-05,2024-11-06,18439.169921875,18983.470703125,18983.470703125,18414.68717457046,18983.470703125,18414.68717457046,0.0076119578443467,-568.7835285545407,-2.9962041054005435,2.9962041054005435,pure_test,held_out_pure_test
NASDAQ,GARCH,1,c233a1992db9852e,p=1 q=1,"{""p"": 1, ""q"": 1}",level,2024-11-06,2024-11-07,18983.470703125,19269.4609375,19269.4609375,18949.914973558632,19269.4609375,18949.914973558632,0.0076119578443467,-319.5459639413675,-1.6583025595672167,1.6583025595672167,pure_test,held_out_pure_test
NASDAQ,GARCH,1,c233a1992db9852e,p=1 q=1,"{""p"": 1, ""q"": 1}",level,2024-11-07,2024-11-08,19269.4609375,19286.779296875,19286.779296875,19244.12531979398,19286.779296875,19244.12531979398,0.0076119578443467,-42.65397708101955,-0.2211565571652012,0.2211565571652012,pure_test,held_out_pure_test
NASDAQ,GARCH,1,c233a1992db9852e,p=1 q=1,"{""p"": 1, ""q"": 1}",level,2024-11-08,2024-11-11,19286.779296875,19298.759765625,19298.759765625,19269.993515375623,19298.759765625,19269.993515375623,0.0076119578443467,-28.766250249376753,-0.14905750731513467,0.14905750731513467,pure_test,held_out_pure_test
NASDAQ,GARCH,1,c233a1992db9852e,p=1 q=1,"{""p"": 1, ""q"": 1}",level,2024-11-11,2024-11-12,19298.759765625,19281.400390625,19281.400390625,19282.143849655957,19281.400390625,19282.143849655957,0.0076119578443467,0.7434590309567284,0.003855835239634425,0.003855835239634425,pure_test,held_out_pure_test
NASDAQ,GARCH,1,c233a1992db9852e,p=1 q=1,"{""p"": 1, ""q"": 1}",level,2024-11-12,2024-11-13,19281.400390625,19230.720703125,19230.720703125,19265.718144614493,19230.720703125,19265.718144614493,0.0076119578443467,34.99744148949321,0.1819871549785761,0.1819871549785761,pure_test,held_out_pure_test
NASDAQ,GARCH,1,c233a1992db9852e,p=1 q=1,"{""p"": 1, ""q"": 1}",level,2024-11-13,2024-11-14,19230.720703125,19107.650390625,19107.650390625,19216.098795917093,19107.650390625,19216.098795917093,0.0076119578443467,108.4484052920925,0.5675653629569325,0.5675653629569325,pure_test,held_out_pure_test
NASDAQ,GARCH,1,c233a1992db9852e,p=1 q=1,"{""p"": 1, ""q"": 1}",level,2024-11-14,2024-11-15,19107.650390625,18680.119140625,18680.119140625,19095.332140942264,18680.119140625,19095.332140942264,0.0076119578443467,415.21300031726423,2.2227534909789233,2.2227534909789233,pure_test,held_out_pure_test
NASDAQ,GARCH,1,c233a1992db9852e,p=1 q=1,"{""p"": 1, ""q"": 1}",level,2024-11-15,2024-11-18,18680.119140625,18791.810546875,18791.810546875,18677.48962798237,18791.810546875,18677.48962798237,0.0076119578443467,-114.32091889263029,-0.6083549991495704,0.6083549991495704,pure_test,held_out_pure_test
NASDAQ,GARCH,1,c233a1992db9852e,p=1 q=1,"{""p"": 1, ""q"": 1}",level,2024-11-18,2024-11-19,18791.810546875,18987.470703125,18987.470703125,18772.02157014686,18987.470703125,18772.02157014686,0.0076119578443467,-215.44913297814128,-1.13469106205221,1.13469106205221,pure_test,held_out_pure_test
NASDAQ,GARCH,1,c233a1992db9852e,p=1 q=1,"{""p"": 1, ""q"": 1}",level,2024-11-19,2024-11-20,18987.470703125,18966.140625,18966.140625,18965.00962289151,18966.140625,18965.00962289151,0.0076119578443467,-1.1310021084900654,-0.005963269654339945,0.005963269654339945,pure_test,held_out_pure_test
NASDAQ,GARCH,1,c233a1992db9852e,p=1 q=1,"{""p"": 1, ""q"": 1}",level,2024-11-20,2024-11-21,18966.140625,18972.419921875,18972.419921875,18950.584737066027,18972.419921875,18950.584737066027,0.0076119578443467,-21.83518480897328,-0.11508908667890881,0.11508908667890881,pure_test,held_out_pure_test
NASDAQ,GARCH,1,c233a1992db9852e,p=1 q=1,"{""p"": 1, ""q"": 1}",level,2024-11-21,2024-11-22,18972.419921875,19003.650390625,19003.650390625,18955.9854319883,19003.650390625,18955.9854319883,0.0076119578443467,-47.66495863669843,-0.250820014349521,0.250820014349521,pure_test,held_out_pure_test
NASDAQ,GARCH,1,c233a1992db9852e,p=1 q=1,"{""p"": 1, ""q"": 1}",level,2024-11-22,2024-11-25,19003.650390625,19054.83984375,19054.83984375,18986.42188970646,19054.83984375,18986.42188970646,0.0076119578443467,-68.4179540435398,-0.35905814273207304,0.35905814273207304,pure_test,held_out_pure_test
NASDAQ,GARCH,1,c233a1992db9852e,p=1 q=1,"{""p"": 1, ""q"": 1}",level,2024-11-25,2024-11-26,19054.83984375,19174.30078125,19174.30078125,19036.976196159496,19174.30078125,19036.976196159496,0.0076119578443467,-137.32458509050412,-0.7161908361466296,0.7161908361466296,pure_test,held_out_pure_test
NASDAQ,GARCH,1,c233a1992db9852e,p=1 q=1,"{""p"": 1, ""q"": 1}",level,2024-11-26,2024-11-27,19174.30078125,19060.48046875,19060.48046875,19154.264557877268,19060.48046875,19154.264557877268,0.0076119578443467,93.78408912726809,0.4920342342945068,0.4920342342945068,pure_test,held_out_pure_test
NASDAQ,GARCH,1,c233a1992db9852e,p=1 q=1,"{""p"": 1, ""q"": 1}",level,2024-11-27,2024-11-29,19060.48046875,19218.169921875,19218.169921875,19047.86786006556,19218.169921875,19047.86786006556,0.0076119578443467,-170.3020618094415,-0.8861512958921022,0.8861512958921022,pure_test,held_out_pure_test
NASDAQ,GARCH,1,c233a1992db9852e,p=1 q=1,"{""p"": 1, ""q"": 1}",level,2024-11-29,2024-12-02,19218.169921875,19403.94921875,19403.94921875,19196.91716794053,19403.94921875,19196.91716794053,0.0076119578443467,-207.0320508094701,-1.0669583210896851,1.0669583210896851,pure_test,held_out_pure_test
NASDAQ,GARCH,1,c233a1992db9852e,p=1 q=1,"{""p"": 1, ""q"": 1}",level,2024-12-02,2024-12-03,19403.94921875,19480.91015625,19480.91015625,19381.802573100467,19480.91015625,19381.802573100467,0.0076119578443467,-99.10758314953273,-0.50874205750462,0.50874205750462,pure_test,held_out_pure_test
NASDAQ,GARCH,1,c233a1992db9852e,p=1 q=1,"{""p"": 1, ""q"": 1}",level,2024-12-03,2024-12-04,19480.91015625,19735.119140625,19735.119140625,19462.226393155375,19735.119140625,19462.226393155375,0.0076119578443467,-272.89274746962474,-1.3827772993164833,1.3827772993164833,pure_test,held_out_pure_test
NASDAQ,GARCH,1,c233a1992db9852e,p=1 q=1,"{""p"": 1, ""q"": 1}",level,2024-12-04,2024-12-05,19735.119140625,19700.259765625,19700.259765625,19710.7948847593,19700.259765625,19710.7948847593,0.0076119578443467,10.535119134299748,0.05347705695070319,0.05347705695070319,pure_test,held_out_pure_test
NASDAQ,GARCH,1,c233a1992db9852e,p=1 q=1,"{""p"": 1, ""q"": 1}",level,2024-12-05,2024-12-06,19700.259765625,19859.76953125,19859.76953125,19685.134415023127,19859.76953125,19685.134415023127,0.0076119578443467,-174.63511622687292,-0.8793411018797516,0.8793411018797516,pure_test,held_out_pure_test
NASDAQ,GARCH,1,c233a1992db9852e,p=1 q=1,"{""p"": 1, ""q"": 1}",level,2024-12-06,2024-12-09,19859.76953125,19736.689453125,19736.689453125,19838.458850248473,19736.689453125,19838.458850248473,0.0076119578443467,101.76939712347303,0.5156356002113587,0.5156356002113587,pure_test,held_out_pure_test
NASDAQ,GARCH,1,c233a1992db9852e,p=1 q=1,"{""p"": 1, ""q"": 1}",level,2024-12-09,2024-12-10,19736.689453125,19687.240234375,19687.240234375,19724.371514209794,19687.240234375,19724.371514209794,0.0076119578443467,37.13127983479353,0.1886058146939269,0.1886058146939269,pure_test,held_out_pure_test
NASDAQ,GARCH,1,c233a1992db9852e,p=1 q=1,"{""p"": 1, ""q"": 1}",level,2024-12-10,2024-12-11,19687.240234375,20034.890625,20034.890625,19672.57917045867,20034.890625,19672.57917045867,0.0076119578443467,-362.31145454133,-1.8084024581059075,1.8084024581059075,pure_test,held_out_pure_test
NASDAQ,GARCH,1,c233a1992db9852e,p=1 q=1,"{""p"": 1, ""q"": 1}",level,2024-12-11,2024-12-12,20034.890625,19902.83984375,19902.83984375,20007.592821127622,19902.83984375,20007.592821127622,0.0076119578443467,104.7529773776223,0.5263217621203811,0.5263217621203811,pure_test,held_out_pure_test
NASDAQ,GARCH,1,c233a1992db9852e,p=1 q=1,"{""p"": 1, ""q"": 1}",level,2024-12-12,2024-12-13,19902.83984375,19926.720703125,19926.720703125,19890.807375885222,19926.720703125,19890.807375885222,0.0076119578443467,-35.91332723977757,-0.1802269815230836,0.1802269815230836,pure_test,held_out_pure_test
NASDAQ,GARCH,1,c233a1992db9852e,p=1 q=1,"{""p"": 1, ""q"": 1}",level,2024-12-13,2024-12-16,19926.720703125,20173.890625,20173.890625,19909.726085847386,20173.890625,19909.726085847386,0.0076119578443467,-264.16453915261445,-1.3094377483401987,1.3094377483401987,pure_test,held_out_pure_test
NASDAQ,GARCH,1,c233a1992db9852e,p=1 q=1,"{""p"": 1, ""q"": 1}",level,2024-12-16,2024-12-17,20173.890625,20109.060546875,20109.060546875,20149.790370367864,20109.060546875,20149.790370367864,0.0076119578443467,40.72982349286394,0.20254463602574146,0.20254463602574146,pure_test,held_out_pure_test
NASDAQ,GARCH,1,c233a1992db9852e,p=1 q=1,"{""p"": 1, ""q"": 1}",level,2024-12-17,2024-12-18,20109.060546875,19392.689453125,19392.689453125,20094.888941813915,19392.689453125,20094.888941813915,0.0076119578443467,702.1994886889152,3.6209494840116694,3.6209494840116694,pure_test,held_out_pure_test
NASDAQ,GARCH,1,c233a1992db9852e,p=1 q=1,"{""p"": 1, ""q"": 1}",level,2024-12-18,2024-12-19,19392.689453125,19372.76953125,19372.76953125,19399.251573786056,19372.76953125,19399.251573786056,0.0076119578443467,26.482042536055815,0.13669724658282817,0.13669724658282817,pure_test,held_out_pure_test
NASDAQ,GARCH,1,c233a1992db9852e,p=1 q=1,"{""p"": 1, ""q"": 1}",level,2024-12-19,2024-12-20,19372.76953125,19572.599609375,19572.599609375,19357.16876848511,19572.599609375,19357.16876848511,0.0076119578443467,-215.43084088989053,-1.100675664906067,1.100675664906067,pure_test,held_out_pure_test
NASDAQ,GARCH,1,c233a1992db9852e,p=1 q=1,"{""p"": 1, ""q"": 1}",level,2024-12-20,2024-12-23,19572.599609375,19764.880859375,19764.880859375,19550.00583140742,19764.880859375,19550.00583140742,0.0076119578443467,-214.87502796758054,-1.0871556954802473,1.0871556954802473,pure_test,held_out_pure_test
NASDAQ,GARCH,1,c233a1992db9852e,p=1 q=1,"{""p"": 1, ""q"": 1}",level,2024-12-23,2024-12-24,19764.880859375,20031.130859375,20031.130859375,19742.527304705894,20031.130859375,19742.527304705894,0.0076119578443467,-288.6035546691055,-1.4407751449241462,1.4407751449241462,pure_test,held_out_pure_test
NASDAQ,GARCH,1,c233a1992db9852e,p=1 q=1,"{""p"": 1, ""q"": 1}",level,2024-12-24,2024-12-26,20031.130859375,20020.359375,20020.359375,20006.42342714834,20020.359375,20006.42342714834,0.0076119578443467,-13.935947851659876,-0.06960887959415002,0.06960887959415002,pure_test,held_out_pure_test
NASDAQ,GARCH,1,c233a1992db9852e,p=1 q=1,"{""p"": 1, ""q"": 1}",level,2024-12-26,2024-12-27,20020.359375,19722.029296875,19722.029296875,20004.46748521569,19722.029296875,20004.46748521569,0.0076119578443467,282.4381883406895,1.4320949639063891,1.4320949639063891,pure_test,held_out_pure_test
NASDAQ,GARCH,1,c233a1992db9852e,p=1 q=1,"{""p"": 1, ""q"": 1}",level,2024-12-27,2024-12-30,19722.029296875,19486.7890625,19486.7890625,19715.288267694817,19486.7890625,19715.288267694817,0.0076119578443467,228.49920519481748,1.1725852035548376,1.1725852035548376,pure_test,held_out_pure_test
NASDAQ,GARCH,1,c233a1992db9852e,p=1 q=1,"{""p"": 1, ""q"": 1}",level,2024-12-30,2024-12-31,19486.7890625,19310.7890625,19310.7890625,19478.040350787487,19310.7890625,19478.040350787487,0.0076119578443467,167.2512882874871,0.8661028182026785,0.8661028182026785,pure_test,held_out_pure_test
NASDAQ,GARCH,1,c233a1992db9852e,p=1 q=1,"{""p"": 1, ""q"": 1}",level,2024-12-31,2025-01-02,19310.7890625,19280.7890625,19280.7890625,19300.155172814357,19280.7890625,19300.155172814357,0.0076119578443467,19.366110314356774,0.10044251950260023,0.10044251950260023,pure_test,held_out_pure_test
NASDAQ,GARCH,1,c233a1992db9852e,p=1 q=1,"{""p"": 1, ""q"": 1}",level,2025-01-02,2025-01-03,19280.7890625,19621.6796875,19621.6796875,19265.50907397662,19621.6796875,19265.50907397662,0.0076119578443467,-356.17061352337987,-1.8151892151734519,1.8151892151734519,pure_test,held_out_pure_test
NASDAQ,GARCH,1,c233a1992db9852e,p=1 q=1,"{""p"": 1, ""q"": 1}",level,2025-01-03,2025-01-06,19621.6796875,19864.98046875,19864.98046875,19594.596996909913,19864.98046875,19594.596996909913,0.0076119578443467,-270.3834718400867,-1.3611061549515862,1.3611061549515862,pure_test,held_out_pure_test
NASDAQ,GARCH,1,c233a1992db9852e,p=1 q=1,"{""p"": 1, ""q"": 1}",level,2025-01-06,2025-01-07,19864.98046875,19489.6796875,19489.6796875,19841.003340212115,19489.6796875,19841.003340212115,0.0076119578443467,351.3236527121153,1.8026137850661652,1.8026137850661652,pure_test,held_out_pure_test
NASDAQ,GARCH,1,c233a1992db9852e,p=1 q=1,"{""p"": 1, ""q"": 1}",level,2025-01-07,2025-01-08,19489.6796875,19478.880859375,19478.880859375,19485.388065815216,19478.880859375,19485.388065815216,0.0076119578443467,6.507206440215668,0.033406469741221356,0.033406469741221356,pure_test,held_out_pure_test
NASDAQ,GARCH,1,c233a1992db9852e,p=1 q=1,"{""p"": 1, ""q"": 1}",level,2025-01-08,2025-01-10,19478.880859375,19161.630859375,19161.630859375,19462.989839739763,19161.630859375,19462.989839739763,0.0076119578443467,301.35898036476283,1.5727209368367527,1.5727209368367527,pure_test,held_out_pure_test
NASDAQ,GARCH,1,c233a1992db9852e,p=1 q=1,"{""p"": 1, ""q"": 1}",level,2025-01-10,2025-01-13,19161.630859375,19088.099609375,19088.099609375,19155.491911201894,19088.099609375,19155.491911201894,0.0076119578443467,67.39230182689425,0.35305925265496285,0.35305925265496285,pure_test,held_out_pure_test
NASDAQ,GARCH,1,c233a1992db9852e,p=1 q=1,"{""p"": 1, ""q"": 1}",level,2025-01-13,2025-01-14,19088.099609375,19044.390625,19044.390625,19074.204898180597,19044.390625,19074.204898180597,0.0076119578443467,29.8142731805965,0.15655146844897538,0.15655146844897538,pure_test,held_out_pure_test
NASDAQ,GARCH,1,c233a1992db9852e,p=1 q=1,"{""p"": 1, ""q"": 1}",level,2025-01-14,2025-01-15,19044.390625,19511.23046875,19511.23046875,19029.54689193122,19511.23046875,19029.54689193122,0.0076119578443467,-481.68357681878115,-2.468750382454175,2.468750382454175,pure_test,held_out_pure_test
NASDAQ,GARCH,1,c233a1992db9852e,p=1 q=1,"{""p"": 1, ""q"": 1}",level,2025-01-15,2025-01-16,19511.23046875,19338.2890625,19338.2890625,19480.139747208897,19338.2890625,19480.139747208897,0.0076119578443467,141.85068470889746,0.733522413748424,0.733522413748424,pure_test,held_out_pure_test
NASDAQ,GARCH,1,c233a1992db9852e,p=1 q=1,"{""p"": 1, ""q"": 1}",level,2025-01-16,2025-01-17,19338.2890625,19630.19921875,19630.19921875,19327.55784042486,19630.19921875,19327.55784042486,0.0076119578443467,-302.641378325141,-1.5417132294616234,1.5417132294616234,pure_test,held_out_pure_test
NASDAQ,GARCH,1,c233a1992db9852e,p=1 q=1,"{""p"": 1, ""q"": 1}",level,2025-01-17,2025-01-21,19630.19921875,19756.779296875,19756.779296875,19604.67521376903,19756.779296875,19604.67521376903,0.0076119578443467,-152.10408310596904,-0.7698829896329706,0.7698829896329706,pure_test,held_out_pure_test
NASDAQ,GARCH,1,c233a1992db9852e,p=1 q=1,"{""p"": 1, ""q"": 1}",level,2025-01-21,2025-01-22,19756.779296875,20009.33984375,20009.33984375,19736.516523974984,20009.33984375,19736.516523974984,0.0076119578443467,-272.823319775016,-1.3634798644305772,1.3634798644305772,pure_test,held_out_pure_test
NASDAQ,GARCH,1,c233a1992db9852e,p=1 q=1,"{""p"": 1, ""q"": 1}",level,2025-01-22,2025-01-23,20009.33984375,20053.6796875,20053.6796875,19985.068045442884,20053.6796875,19985.068045442884,0.0076119578443467,-68.61164205711611,-0.3421399121074204,0.3421399121074204,pure_test,held_out_pure_test
NASDAQ,GARCH,1,c233a1992db9852e,p=1 q=1,"{""p"": 1, ""q"": 1}",level,2025-01-23,2025-01-24,20053.6796875,19954.30078125,19954.30078125,20036.03401225303,19954.30078125,20036.03401225303,0.0076119578443467,81.73323100302878,0.409602079767331,0.409602079767331,pure_test,held_out_pure_test
NASDAQ,GARCH,1,c233a1992db9852e,p=1 q=1,"{""p"": 1, ""q"": 1}",level,2025-01-24,2025-01-27,19954.30078125,19341.830078125,19341.830078125,19941.228609546422,19341.830078125,19941.228609546422,0.0076119578443467,599.3985314214224,3.0989752727655446,3.0989752727655446,pure_test,held_out_pure_test
NASDAQ,GARCH,1,c233a1992db9852e,p=1 q=1,"{""p"": 1, ""q"": 1}",level,2025-01-27,2025-01-28,19341.830078125,19733.58984375,19733.58984375,19345.085818757816,19733.58984375,19345.085818757816,0.0076119578443467,-388.504024992184,-1.9687448055237173,1.9687448055237173,pure_test,held_out_pure_test
NASDAQ,GARCH,1,c233a1992db9852e,p=1 q=1,"{""p"": 1, ""q"": 1}",level,2025-01-28,2025-01-29,19733.58984375,19632.3203125,19632.3203125,19704.888365111045,19632.3203125,19704.888365111045,0.0076119578443467,72.56805261104455,0.3696356388645518,0.3696356388645518,pure_test,held_out_pure_test
NASDAQ,GARCH,1,c233a1992db9852e,p=1 q=1,"{""p"": 1, ""q"": 1}",level,2025-01-29,2025-01-30,19632.3203125,19681.75,19681.75,19619.30830538968,19681.75,19619.30830538968,0.0076119578443467,-62.441694610319246,-0.3172568222354173,0.3172568222354173,pure_test,held_out_pure_test
NASDAQ,GARCH,1,c233a1992db9852e,p=1 q=1,"{""p"": 1, ""q"": 1}",level,2025-01-30,2025-01-31,19681.75,19627.439453125,19627.439453125,19663.942352717884,19627.439453125,19663.942352717884,0.0076119578443467,36.502899592884205,0.18597891834063135,0.18597891834063135,pure_test,held_out_pure_test
NASDAQ,GARCH,1,c233a1992db9852e,p=1 q=1,"{""p"": 1, ""q"": 1}",level,2025-01-31,2025-02-03,19627.439453125,19391.9609375,19391.9609375,19612.93308928368,19391.9609375,19612.93308928368,0.0076119578443467,220.9721517836806,1.1395039031682797,1.1395039031682797,pure_test,held_out_pure_test
NASDAQ,GARCH,1,c233a1992db9852e,p=1 q=1,"{""p"": 1, ""q"": 1}",level,2025-02-03,2025-02-04,19391.9609375,19654.01953125,19654.01953125,19383.21980851515,19654.01953125,19383.21980851515,0.0076119578443467,-270.79972273484964,-1.377833792747975,1.377833792747975,pure_test,held_out_pure_test
NASDAQ,GARCH,1,c233a1992db9852e,p=1 q=1,"{""p"": 1, ""q"": 1}",level,2025-02-04,2025-02-05,19654.01953125,19692.330078125,19692.330078125,19629.445480445986,19692.330078125,19629.445480445986,0.0076119578443467,-62.884597679014405,-0.31933548457462146,0.31933548457462146,pure_test,held_out_pure_test
NASDAQ,GARCH,1,c233a1992db9852e,p=1 q=1,"{""p"": 1, ""q"": 1}",level,2025-02-05,2025-02-06,19692.330078125,19791.990234375,19791.990234375,19674.87627074929,19791.990234375,19674.87627074929,0.0076119578443467,-117.11396362571031,-0.591724037041536,0.591724037041536,pure_test,held_out_pure_test
NASDAQ,GARCH,1,c233a1992db9852e,p=1 q=1,"{""p"": 1, ""q"": 1}",level,2025-02-06,2025-02-07,19791.990234375,19523.400390625,19523.400390625,19772.584123240296,19523.400390625,19772.584123240296,0.0076119578443467,249.18373261529632,1.276333669492086,1.276333669492086,pure_test,held_out_pure_test
NASDAQ,GARCH,1,c233a1992db9852e,p=1 q=1,"{""p"": 1, ""q"": 1}",level,2025-02-07,2025-02-10,19523.400390625,19714.26953125,19714.26953125,19515.712950017667,19714.26953125,19515.712950017667,0.0076119578443467,-198.55658123233297,-1.007171890987854,1.007171890987854,pure_test,held_out_pure_test
NASDAQ,GARCH,1,c233a1992db9852e,p=1 q=1,"{""p"": 1, ""q"": 1}",level,2025-02-10,2025-02-11,19714.26953125,19643.859375,19643.859375,19691.960913565323,19643.859375,19691.960913565323,0.0076119578443467,48.1015385653227,0.24486806613235948,0.24486806613235948,pure_test,held_out_pure_test
NASDAQ,GARCH,1,c233a1992db9852e,p=1 q=1,"{""p"": 1, ""q"": 1}",level,2025-02-11,2025-02-12,19643.859375,19649.94921875,19649.94921875,19629.865342503923,19649.94921875,19629.865342503923,0.0076119578443467,-20.083876246077125,-0.10220828574413349,0.10220828574413349,pure_test,held_out_pure_test
NASDAQ,GARCH,1,c233a1992db9852e,p=1 q=1,"{""p"": 1, ""q"": 1}",level,2025-02-12,2025-02-13,19649.94921875,19945.640625,19945.640625,19633.52075775333,19945.640625,19633.52075775333,0.0076119578443467,-312.11986724667076,-1.5648525565804972,1.5648525565804972,pure_test,held_out_pure_test
NASDAQ,GARCH,1,c233a1992db9852e,p=1 q=1,"{""p"": 1, ""q"": 1}",level,2025-02-13,2025-02-14,19945.640625,20026.76953125,20026.76953125,19919.99629083252,20026.76953125,19919.99629083252,0.0076119578443467,-106.77324041747852,-0.5331525898416534,0.5331525898416534,pure_test,held_out_pure_test
NASDAQ,GARCH,1,c233a1992db9852e,p=1 q=1,"{""p"": 1, ""q"": 1}",level,2025-02-14,2025-02-18,20026.76953125,20041.259765625,20041.259765625,20007.953132574792,20041.259765625,20007.953132574792,0.0076119578443467,-33.30663305020789,-0.166190316575487,0.166190316575487,pure_test,held_out_pure_test
NASDAQ,GARCH,1,c233a1992db9852e,p=1 q=1,"{""p"": 1, ""q"": 1}",level,2025-02-18,2025-02-19,20041.259765625,20056.25,20056.25,20024.563982401483,20056.25,20024.563982401483,0.0076119578443467,-31.686017598516628,-0.157985753062096,0.157985753062096,pure_test,held_out_pure_test
NASDAQ,GARCH,1,c233a1992db9852e,p=1 q=1,"{""p"": 1, ""q"": 1}",level,2025-02-19,2025-02-20,20056.25,19962.359375,19962.359375,20039.538305479095,19962.359375,20039.538305479095,0.0076119578443467,77.17893047909456,0.38662228762272527,0.38662228762272527,pure_test,held_out_pure_test
NASDAQ,GARCH,1,c233a1992db9852e,p=1 q=1,"{""p"": 1, ""q"": 1}",level,2025-02-20,2025-02-21,19962.359375,19524.009765625,19524.009765625,19949.112551946175,19524.009765625,19949.112551946175,0.0076119578443467,425.1027863211748,2.1773334034570766,2.1773334034570766,pure_test,held_out_pure_test
NASDAQ,GARCH,1,c233a1992db9852e,p=1 q=1,"{""p"": 1, ""q"": 1}",level,2025-02-21,2025-02-24,19524.009765625,19286.9296875,19286.9296875,19521.724521248932,19286.9296875,19521.724521248932,0.0076119578443467,234.79483374893243,1.2173779733386216,1.2173779733386216,pure_test,held_out_pure_test
NASDAQ,GARCH,1,c233a1992db9852e,p=1 q=1,"{""p"": 1, ""q"": 1}",level,2025-02-24,2025-02-25,19286.9296875,19026.390625,19026.390625,19278.2395243896,19026.390625,19278.2395243896,0.0076119578443467,251.84889938959896,1.3236819549929688,1.3236819549929688,pure_test,held_out_pure_test
NASDAQ,GARCH,1,c233a1992db9852e,p=1 q=1,"{""p"": 1, ""q"": 1}",level,2025-02-25,2025-02-26,19026.390625,19075.259765625,19075.259765625,19018.446987643292,19075.259765625,19018.446987643292,0.0076119578443467,-56.81277798170777,-0.2978348849753989,0.2978348849753989,pure_test,held_out_pure_test
NASDAQ,GARCH,1,c233a1992db9852e,p=1 q=1,"{""p"": 1, ""q"": 1}",level,2025-02-26,2025-02-27,19075.259765625,18544.419921875,18544.419921875,19057.469956398945,18544.419921875,19057.469956398945,0.0076119578443467,513.0500345239452,2.7666006091608795,2.7666006091608795,pure_test,held_out_pure_test
NASDAQ,GARCH,1,c233a1992db9852e,p=1 q=1,"{""p"": 1, ""q"": 1}",level,2025-02-27,2025-02-28,18544.419921875,18847.279296875,18847.279296875,18545.07795674846,18847.279296875,18545.07795674846,0.0076119578443467,-302.20134012653944,-1.6034215621596182,1.6034215621596182,pure_test,held_out_pure_test
NASDAQ,GARCH,1,c233a1992db9852e,p=1 q=1,"{""p"": 1, ""q"": 1}",level,2025-02-28,2025-03-03,18847.279296875,18350.189453125,18350.189453125,18821.4068593426,18350.189453125,18821.4068593426,0.0076119578443467,471.2174062175982,2.5679157559724857,2.5679157559724857,pure_test,held_out_pure_test
NASDAQ,GARCH,1,c233a1992db9852e,p=1 q=1,"{""p"": 1, ""q"": 1}",level,2025-03-03,2025-03-04,18350.189453125,18285.16015625,18285.16015625,18349.77347542467,18285.16015625,18349.77347542467,0.0076119578443467,64.61331917467032,0.3533647975874306,0.3533647975874306,pure_test,held_out_pure_test
NASDAQ,GARCH,1,c233a1992db9852e,p=1 q=1,"{""p"": 1, ""q"": 1}",level,2025-03-04,2025-03-05,18285.16015625,18552.73046875,18552.73046875,18270.99489084647,18552.73046875,18270.99489084647,0.0076119578443467,-281.7355779035315,-1.5185666518364163,1.5185666518364163,pure_test,held_out_pure_test
NASDAQ,GARCH,1,c233a1992db9852e,p=1 q=1,"{""p"": 1, ""q"": 1}",level,2025-03-05,2025-03-06,18552.73046875,18069.259765625,18069.259765625,18527.98102075367,18069.259765625,18527.98102075367,0.0076119578443467,458.7212551286684,2.538683161782536,2.538683161782536,pure_test,held_out_pure_test
NASDAQ,GARCH,1,c233a1992db9852e,p=1 q=1,"{""p"": 1, ""q"": 1}",level,2025-03-06,2025-03-07,18069.259765625,18196.220703125,18196.220703125,18068.410391531324,18196.220703125,18068.410391531324,0.0076119578443467,-127.81031159367558,-0.7024003153123196,0.7024003153123196,pure_test,held_out_pure_test
NASDAQ,GARCH,1,c233a1992db9852e,p=1 q=1,"{""p"": 1, ""q"": 1}",level,2025-03-07,2025-03-10,18196.220703125,17468.3203125,17468.3203125,18175.945810291425,17468.3203125,18175.945810291425,0.0076119578443467,707.625497791425,4.050907500734696,4.050907500734696,pure_test,held_out_pure_test
NASDAQ,GARCH,1,c233a1992db9852e,p=1 q=1,"{""p"": 1, ""q"": 1}",level,2025-03-10,2025-03-11,17468.3203125,17436.099609375,17436.099609375,17475.249325303597,17436.099609375,17475.249325303597,0.0076119578443467,39.14971592859729,0.22453253196344075,0.22453253196344075,pure_test,held_out_pure_test
NASDAQ,GARCH,1,c233a1992db9852e,p=1 q=1,"{""p"": 1, ""q"": 1}",level,2025-03-11,2025-03-12,17436.099609375,17648.44921875,17648.44921875,17420.890289387295,17648.44921875,17420.890289387295,0.0076119578443467,-227.55892936270538,-1.2893990091828753,1.2893990091828753,pure_test,held_out_pure_test
NASDAQ,GARCH,1,c233a1992db9852e,p=1 q=1,"{""p"": 1, ""q"": 1}",level,2025-03-12,2025-03-13,17648.44921875,17303.009765625,17303.009765625,17625.45703681263,17303.009765625,17625.45703681263,0.0076119578443467,322.44727118762967,1.863532850962259,1.863532850962259,pure_test,held_out_pure_test
NASDAQ,GARCH,1,c233a1992db9852e,p=1 q=1,"{""p"": 1, ""q"": 1}",level,2025-03-13,2025-03-14,17303.009765625,17754.08984375,17754.08984375,17297.76787899573,17754.08984375,17297.76787899573,0.0076119578443467,-456.32196475426827,-2.570235752833638,2.570235752833638,pure_test,held_out_pure_test
NASDAQ,GARCH,1,c233a1992db9852e,p=1 q=1,"{""p"": 1, ""q"": 1}",level,2025-03-14,2025-03-17,17754.08984375,17808.66015625,17808.66015625,17723.500638844194,17808.66015625,17723.500638844194,0.0076119578443467,-85.15951740580567,-0.4781916026171048,0.4781916026171048,pure_test,held_out_pure_test
NASDAQ,GARCH,1,c233a1992db9852e,p=1 q=1,"{""p"": 1, ""q"": 1}",level,2025-03-17,2025-03-18,17808.66015625,17504.119140625,17504.119140625,17790.6889209416,17504.119140625,17790.6889209416,0.0076119578443467,286.5697803166004,1.637156248848339,1.637156248848339,pure_test,held_out_pure_test
NASDAQ,GARCH,1,c233a1992db9852e,p=1 q=1,"{""p"": 1, ""q"": 1}",level,2025-03-18,2025-03-19,17504.119140625,17750.7890625,17750.7890625,17497.575759592073,17750.7890625,17497.575759592073,0.0076119578443467,-253.21330290792685,-1.4264904056736314,1.4264904056736314,pure_test,held_out_pure_test
NASDAQ,GARCH,1,c233a1992db9852e,p=1 q=1,"{""p"": 1, ""q"": 1}",level,2025-03-19,2025-03-20,17750.7890625,17691.630859375,17691.630859375,17726.704719165253,17691.630859375,17726.704719165253,0.0076119578443467,35.073859790252754,0.198251139587093,0.198251139587093,pure_test,held_out_pure_test
NASDAQ,GARCH,1,c233a1992db9852e,p=1 q=1,"{""p"": 1, ""q"": 1}",level,2025-03-20,2025-03-21,17691.630859375,17784.05078125,17784.05078125,17677.278760534155,17784.05078125,17677.278760534155,0.0076119578443467,-106.77202071584543,-0.6003807683028932,0.6003807683028932,pure_test,held_out_pure_test
NASDAQ,GARCH,1,c233a1992db9852e,p=1 q=1,"{""p"": 1, ""q"": 1}",level,2025-03-21,2025-03-24,17784.05078125,18188.58984375,18188.58984375,17764.875073159914,18188.58984375,17764.875073159914,0.0076119578443467,-423.7147705900861,-2.3295636122977608,2.3295636122977608,pure_test,held_out_pure_test
NASDAQ,GARCH,1,c233a1992db9852e,p=1 q=1,"{""p"": 1, ""q"": 1}",level,2025-03-24,2025-03-25,18188.58984375,18271.859375,18271.859375,18159.481694725033,18271.859375,18159.481694725033,0.0076119578443467,-112.37768027496713,-0.6150314424416214,0.6150314424416214,pure_test,held_out_pure_test
NASDAQ,GARCH,1,c233a1992db9852e,p=1 q=1,"{""p"": 1, ""q"": 1}",level,2025-03-25,2025-03-26,18271.859375,17899.01953125,17899.01953125,18252.974856082845,17899.01953125,18252.974856082845,0.0076119578443467,353.9553248328448,1.97751236717113,1.97751236717113,pure_test,held_out_pure_test
NASDAQ,GARCH,1,c233a1992db9852e,p=1 q=1,"{""p"": 1, ""q"": 1}",level,2025-03-26,2025-03-27,17899.01953125,17804.029296875,17804.029296875,17894.649596148378,17804.029296875,17894.649596148378,0.0076119578443467,90.6202992733779,0.5089875879348489,0.5089875879348489,pure_test,held_out_pure_test
NASDAQ,GARCH,1,c233a1992db9852e,p=1 q=1,"{""p"": 1, ""q"": 1}",level,2025-03-27,2025-03-28,17804.029296875,17322.990234375,17322.990234375,17790.81746624473,17322.990234375,17790.81746624473,0.0076119578443467,467.8272318697309,2.7006147641958176,2.7006147641958176,pure_test,held_out_pure_test
NASDAQ,GARCH,1,c233a1992db9852e,p=1 q=1,"{""p"": 1, ""q"": 1}",level,2025-03-28,2025-03-31,17322.990234375,17299.2890625,17299.2890625,17322.063479167064,17299.2890625,17322.063479167064,0.0076119578443467,22.774416667063633,0.13164943706520388,0.13164943706520388,pure_test,held_out_pure_test
NASDAQ,GARCH,1,c233a1992db9852e,p=1 q=1,"{""p"": 1, ""q"": 1}",level,2025-03-31,2025-04-01,17299.2890625,17449.890625,17449.890625,17283.80862892162,17449.890625,17283.80862892162,0.0076119578443467,-166.08199607838105,-0.951765255424809,0.951765255424809,pure_test,held_out_pure_test
NASDAQ,GARCH,1,c233a1992db9852e,p=1 q=1,"{""p"": 1, ""q"": 1}",level,2025-04-01,2025-04-02,17449.890625,17601.05078125,17601.05078125,17428.863426136726,17601.05078125,17428.863426136726,0.0076119578443467,-172.18735511327395,-0.9782788383106151,0.9782788383106151,pure_test,held_out_pure_test
NASDAQ,GARCH,1,c233a1992db9852e,p=1 q=1,"{""p"": 1, ""q"": 1}",level,2025-04-02,2025-04-03,17601.05078125,16550.609375,16550.609375,17580.005806484176,16550.609375,17580.005806484176,0.0076119578443467,1029.396431484176,6.219689004557731,6.219689004557731,pure_test,held_out_pure_test
NASDAQ,GARCH,1,c233a1992db9852e,p=1 q=1,"{""p"": 1, ""q"": 1}",level,2025-04-03,2025-04-04,16550.609375,15587.7900390625,15587.7900390625,16567.80247984344,15587.7900390625,16567.80247984344,0.0076119578443467,980.0124407809417,6.287051842019055,6.287051842019055,pure_test,held_out_pure_test
NASDAQ,GARCH,1,c233a1992db9852e,p=1 q=1,"{""p"": 1, ""q"": 1}",level,2025-04-04,2025-04-07,15587.7900390625,15603.259765625,15603.259765625,15602.194782268689,15603.259765625,15602.194782268689,0.0076119578443467,-1.0649833563111315,-0.0068253901576218025,0.0068253901576218025,pure_test,held_out_pure_test
NASDAQ,GARCH,1,c233a1992db9852e,p=1 q=1,"{""p"": 1, ""q"": 1}",level,2025-04-07,2025-04-08,15603.259765625,15267.91015625,15267.91015625,15586.53281241851,15267.91015625,15586.53281241851,0.0076119578443467,318.62265616851073,2.086877987280275,2.086877987280275,pure_test,held_out_pure_test
NASDAQ,GARCH,1,c233a1992db9852e,p=1 q=1,"{""p"": 1, ""q"": 1}",level,2025-04-08,2025-04-09,15267.91015625,17124.970703125,17124.970703125,15262.347184611692,17124.970703125,15262.347184611692,0.0076119578443467,-1862.6235185133082,-10.876652292160786,10.876652292160786,pure_test,held_out_pure_test
NASDAQ,GARCH,1,c233a1992db9852e,p=1 q=1,"{""p"": 1, ""q"": 1}",level,2025-04-09,2025-04-10,17124.970703125,16387.310546875,16387.310546875,17049.639551494958,16387.310546875,17049.639551494958,0.0076119578443467,662.3290046199581,4.041718759923433,4.041718759923433,pure_test,held_out_pure_test
NASDAQ,GARCH,1,c233a1992db9852e,p=1 q=1,"{""p"": 1, ""q"": 1}",level,2025-04-10,2025-04-11,16387.310546875,16724.4609375,16724.4609375,16394.550140745218,16724.4609375,16394.550140745218,0.0076119578443467,-329.9107967547825,-1.9726243972088113,1.9726243972088113,pure_test,held_out_pure_test
NASDAQ,GARCH,1,c233a1992db9852e,p=1 q=1,"{""p"": 1, ""q"": 1}",level,2025-04-11,2025-04-14,16724.4609375,16831.48046875,16831.48046875,16697.497270872806,16831.48046875,16697.497270872806,0.0076119578443467,-133.98319787719447,-0.7960274090324558,0.7960274090324558,pure_test,held_out_pure_test
NASDAQ,GARCH,1,c233a1992db9852e,p=1 q=1,"{""p"": 1, ""q"": 1}",level,2025-04-14,2025-04-15,16831.48046875,16823.169921875,16823.169921875,16811.84016320684,16823.169921875,16811.84016320684,0.0076119578443467,-11.32975866815832,-0.06734615842776662,0.06734615842776662,pure_test,held_out_pure_test
NASDAQ,GARCH,1,c233a1992db9852e,p=1 q=1,"{""p"": 1, ""q"": 1}",level,2025-04-15,2025-04-16,16823.169921875,16307.16015625,16307.16015625,16807.199718673848,16307.16015625,16807.199718673848,0.0076119578443467,500.0395624238481,3.0663803975224915,3.0663803975224915,pure_test,held_out_pure_test
NASDAQ,GARCH,1,c233a1992db9852e,p=1 q=1,"{""p"": 1, ""q"": 1}",level,2025-04-16,2025-04-17,16307.16015625,16286.4501953125,16286.4501953125,16307.346259556747,16286.4501953125,16307.346259556747,0.0076119578443467,20.8960642442471,0.12830336871236261,0.12830336871236261,pure_test,held_out_pure_test
NASDAQ,GARCH,1,c233a1992db9852e,p=1 q=1,"{""p"": 1, ""q"": 1}",level,2025-04-17,2025-04-21,16286.4501953125,15870.900390625,15870.900390625,16270.874573640554,15870.900390625,16270.874573640554,0.0076119578443467,399.97418301555444,2.5201732300696733,2.5201732300696733,pure_test,held_out_pure_test
NASDAQ,GARCH,1,c233a1992db9852e,p=1 q=1,"{""p"": 1, ""q"": 1}",level,2025-04-21,2025-04-22,15870.900390625,16300.419921875,16300.419921875,15867.88959730332,16300.419921875,15867.88959730332,0.0076119578443467,-432.53032457168047,-2.653491913979646,2.653491913979646,pure_test,held_out_pure_test
NASDAQ,GARCH,1,c233a1992db9852e,p=1 q=1,"{""p"": 1, ""q"": 1}",level,2025-04-22,2025-04-23,16300.419921875,16708.05078125,16708.05078125,16270.51682951561,16708.05078125,16270.51682951561,0.0076119578443467,-437.5339517343891,-2.618701352197203,2.618701352197203,pure_test,held_out_pure_test
NASDAQ,GARCH,1,c233a1992db9852e,p=1 q=1,"{""p"": 1, ""q"": 1}",level,2025-04-23,2025-04-24,16708.05078125,17166.0390625,17166.0390625,16678.84424322594,17166.0390625,16678.84424322594,0.0076119578443467,-487.19481927406014,-2.8381318340254715,2.8381318340254715,pure_test,held_out_pure_test
NASDAQ,GARCH,1,c233a1992db9852e,p=1 q=1,"{""p"": 1, ""q"": 1}",level,2025-04-24,2025-04-25,17166.0390625,17382.939453125,17382.939453125,17135.230020645497,17382.939453125,17135.230020645497,0.0076119578443467,-247.70943247950345,-1.4250146423594183,1.4250146423594183,pure_test,held_out_pure_test
NASDAQ,GARCH,1,c233a1992db9852e,p=1 q=1,"{""p"": 1, ""q"": 1}",level,2025-04-25,2025-04-28,17382.939453125,17366.130859375,17366.130859375,17359.802453519984,17366.130859375,17359.802453519984,0.0076119578443467,-6.328405855016172,-0.03644108124176561,0.03644108124176561,pure_test,held_out_pure_test
NASDAQ,GARCH,1,c233a1992db9852e,p=1 q=1,"{""p"": 1, ""q"": 1}",level,2025-04-28,2025-04-29,17366.130859375,17461.3203125,17461.3203125,17350.43108607596,17461.3203125,17350.43108607596,0.0076119578443467,-110.8892264240385,-0.6350563670987495,0.6350563670987495,pure_test,held_out_pure_test
NASDAQ,GARCH,1,c233a1992db9852e,p=1 q=1,"{""p"": 1, ""q"": 1}",level,2025-04-29,2025-04-30,17461.3203125,17446.33984375,17446.33984375,17442.05647073922,17446.33984375,17442.05647073922,0.0076119578443467,-4.283373010781361,-0.02455169995049616,0.02455169995049616,pure_test,held_out_pure_test
NASDAQ,GARCH,1,c233a1992db9852e,p=1 q=1,"{""p"": 1, ""q"": 1}",level,2025-04-30,2025-05-01,17446.33984375,17710.740234375,17710.740234375,17430.581894769883,17710.740234375,17430.581894769883,0.0076119578443467,-280.15833960511736,-1.5818556192324162,1.5818556192324162,pure_test,held_out_pure_test
NASDAQ,GARCH,1,c233a1992db9852e,p=1 q=1,"{""p"": 1, ""q"": 1}",level,2025-05-01,2025-05-02,17710.740234375,17977.73046875,17977.73046875,17686.091661517978,17977.73046875,17686.091661517978,0.0076119578443467,-291.6388072320224,-1.6222226033423237,1.6222226033423237,pure_test,held_out_pure_test
NASDAQ,GARCH,1,c233a1992db9852e,p=1 q=1,"{""p"": 1, ""q"": 1}",level,2025-05-02,2025-05-05,17977.73046875,17844.240234375,17844.240234375,17952.99948034478,17844.240234375,17952.99948034478,0.0076119578443467,108.75924596978075,0.6094921640892719,0.6094921640892719,pure_test,held_out_pure_test
NASDAQ,GARCH,1,c233a1992db9852e,p=1 q=1,"{""p"": 1, ""q"": 1}",level,2025-05-05,2025-05-06,17844.240234375,17689.66015625,17689.66015625,17832.253573643724,17689.66015625,17832.253573643724,0.0076119578443467,142.59341739372394,0.8060834189815892,0.8060834189815892,pure_test,held_out_pure_test
NASDAQ,GARCH,1,c233a1992db9852e,p=1 q=1,"{""p"": 1, ""q"": 1}",level,2025-05-06,2025-05-07,17689.66015625,17738.16015625,17738.16015625,17678.344629070332,17738.16015625,17678.344629070332,0.0076119578443467,-59.8155271796677,-0.3372138184161779,0.3372138184161779,pure_test,held_out_pure_test
NASDAQ,GARCH,1,c233a1992db9852e,p=1 q=1,"{""p"": 1, ""q"": 1}",level,2025-05-07,2025-05-08,17738.16015625,17928.140625,17928.140625,17720.382094036468,17928.140625,17720.382094036468,0.0076119578443467,-207.7585309635324,-1.1588403689439066,1.1588403689439066,pure_test,held_out_pure_test
NASDAQ,GARCH,1,c233a1992db9852e,p=1 q=1,"{""p"": 1, ""q"": 1}",level,2025-05-08,2025-05-09,17928.140625,17928.919921875,17928.919921875,17905.860287160293,17928.919921875,17905.860287160293,0.0076119578443467,-23.0596347147075,-0.12861697645585743,0.12861697645585743,pure_test,held_out_pure_test
NASDAQ,GARCH,1,c233a1992db9852e,p=1 q=1,"{""p"": 1, ""q"": 1}",level,2025-05-09,2025-05-12,17928.919921875,18708.33984375,18708.33984375,17912.660456259586,18708.33984375,17912.660456259586,0.0076119578443467,-795.6793874904142,-4.2530731969583675,4.2530731969583675,pure_test,held_out_pure_test
NASDAQ,GARCH,1,c233a1992db9852e,p=1 q=1,"{""p"": 1, ""q"": 1}",level,2025-05-12,2025-05-13,18708.33984375,19010.08984375,19010.08984375,18667.302013046738,19010.08984375,18667.302013046738,0.0076119578443467,-342.78783070326244,-1.803188904001744,1.803188904001744,pure_test,held_out_pure_test
NASDAQ,GARCH,1,c233a1992db9852e,p=1 q=1,"{""p"": 1, ""q"": 1}",level,2025-05-13,2025-05-14,19010.08984375,19146.810546875,19146.810546875,18984.252709408684,19146.810546875,18984.252709408684,0.0076119578443467,-162.5578374663164,-0.8490073950872611,0.8490073950872611,pure_test,held_out_pure_test
NASDAQ,GARCH,1,c233a1992db9852e,p=1 q=1,"{""p"": 1, ""q"": 1}",level,2025-05-14,2025-05-15,19146.810546875,19112.3203125,19112.3203125,19126.2250729748,19112.3203125,19126.2250729748,0.0076119578443467,13.90476047480115,0.07275286436941433,0.07275286436941433,pure_test,held_out_pure_test
NASDAQ,GARCH,1,c233a1992db9852e,p=1 q=1,"{""p"": 1, ""q"": 1}",level,2025-05-15,2025-05-16,19112.3203125,19211.099609375,19211.099609375,19097.1832148856,19211.099609375,19097.1832148856,0.0076119578443467,-113.91639448939895,-0.5929717549005256,0.5929717549005256,pure_test,held_out_pure_test
NASDAQ,GARCH,1,c233a1992db9852e,p=1 q=1,"{""p"": 1, ""q"": 1}",level,2025-05-16,2025-05-19,19211.099609375,19215.4609375,19215.4609375,19191.721529471244,19215.4609375,19191.721529471244,0.0076119578443467,-23.73940802875586,-0.12354326605003337,0.12354326605003337,pure_test,held_out_pure_test
NASDAQ,GARCH,1,c233a1992db9852e,p=1 q=1,"{""p"": 1, ""q"": 1}",level,2025-05-19,2025-05-20,19215.4609375,19142.7109375,19142.7109375,19199.08748235563,19142.7109375,19199.08748235563,0.0076119578443467,56.37654485562962,0.29450658811960456,0.29450658811960456,pure_test,held_out_pure_test
NASDAQ,GARCH,1,c233a1992db9852e,p=1 q=1,"{""p"": 1, ""q"": 1}",level,2025-05-20,2025-05-21,19142.7109375,18872.640625,18872.640625,19128.791364903424,18872.640625,19128.791364903424,0.0076119578443467,256.1507399034235,1.3572596701921438,1.3572596701921438,pure_test,held_out_pure_test
NASDAQ,GARCH,1,c233a1992db9852e,p=1 q=1,"{""p"": 1, ""q"": 1}",level,2025-05-21,2025-05-22,18872.640625,18925.740234375,18925.740234375,18865.000296749786,18925.740234375,18865.000296749786,0.0076119578443467,-60.739937625214225,-0.32093824005304533,0.32093824005304533,pure_test,held_out_pure_test
NASDAQ,GARCH,1,c233a1992db9852e,p=1 q=1,"{""p"": 1, ""q"": 1}",level,2025-05-22,2025-05-23,18925.740234375,18737.2109375,18737.2109375,18907.815800656183,18737.2109375,18907.815800656183,0.0076119578443467,170.60486315618255,0.9105136496848628,0.9105136496848628,pure_test,held_out_pure_test
NASDAQ,GARCH,1,c233a1992db9852e,p=1 q=1,"{""p"": 1, ""q"": 1}",level,2025-05-23,2025-05-27,18737.2109375,19199.16015625,19199.16015625,18726.975762551676,19199.16015625,18726.975762551676,0.0076119578443467,-472.18439369832413,-2.459401295970811,2.459401295970811,pure_test,held_out_pure_test
NASDAQ,GARCH,1,c233a1992db9852e,p=1 q=1,"{""p"": 1, ""q"": 1}",level,2025-05-27,2025-05-28,19199.16015625,19100.939453125,19100.939453125,19168.22506708649,19100.939453125,19168.22506708649,0.0076119578443467,67.2856139614887,0.35226337493300874,0.35226337493300874,pure_test,held_out_pure_test
NASDAQ,GARCH,1,c233a1992db9852e,p=1 q=1,"{""p"": 1, ""q"": 1}",level,2025-05-28,2025-05-29,19100.939453125,19175.869140625,19175.869140625,19087.83042439271,19175.869140625,19087.83042439271,0.0076119578443467,-88.03871623229134,-0.4591119994961641,0.4591119994961641,pure_test,held_out_pure_test
NASDAQ,GARCH,1,c233a1992db9852e,p=1 q=1,"{""p"": 1, ""q"": 1}",level,2025-05-29,2025-05-30,19175.869140625,19113.76953125,19113.76953125,19157.250017176026,19113.76953125,19157.250017176026,0.0076119578443467,43.48048592602572,0.22748252695491297,0.22748252695491297,pure_test,held_out_pure_test
NASDAQ,GARCH,1,c233a1992db9852e,p=1 q=1,"{""p"": 1, ""q"": 1}",level,2025-05-30,2025-06-02,19113.76953125,19242.609375,19242.609375,19099.511035588326,19242.609375,19099.511035588326,0.0076119578443467,-143.0983394116738,-0.743653506772253,0.743653506772253,pure_test,held_out_pure_test
NASDAQ,GARCH,1,c233a1992db9852e,p=1 q=1,"{""p"": 1, ""q"": 1}",level,2025-06-02,2025-06-03,19242.609375,19398.9609375,19398.9609375,19222.274690494203,19398.9609375,19222.274690494203,0.0076119578443467,-176.68624700579676,-0.9108026330639482,0.9108026330639482,pure_test,held_out_pure_test
NASDAQ,GARCH,1,c233a1992db9852e,p=1 q=1,"{""p"": 1, ""q"": 1}",level,2025-06-03,2025-06-04,19398.9609375,19460.490234375,19460.490234375,19377.75075871675,19460.490234375,19377.75075871675,0.0076119578443467,-82.73947565825074,-0.42516645090522837,0.42516645090522837,pure_test,held_out_pure_test
NASDAQ,GARCH,1,c233a1992db9852e,p=1 q=1,"{""p"": 1, ""q"": 1}",level,2025-06-04,2025-06-05,19460.490234375,19298.44921875,19298.44921875,19442.29754612676,19298.44921875,19442.29754612676,0.0076119578443467,143.8483273767597,0.7453880140638423,0.7453880140638423,pure_test,held_out_pure_test
NASDAQ,GARCH,1,c233a1992db9852e,p=1 q=1,"{""p"": 1, ""q"": 1}",level,2025-06-05,2025-06-06,19298.44921875,19529.94921875,19529.94921875,19287.371117961065,19529.94921875,19287.371117961065,0.0076119578443467,-242.57810078893453,-1.242082598740421,1.242082598740421,pure_test,held_out_pure_test
NASDAQ,GARCH,1,c233a1992db9852e,p=1 q=1,"{""p"": 1, ""q"": 1}",level,2025-06-06,2025-06-09,19529.94921875,19591.240234375,19591.240234375,19506.34762169191,19591.240234375,19506.34762169191,0.0076119578443467,-84.89261268308837,-0.4333192369012702,0.4333192369012702,pure_test,held_out_pure_test
NASDAQ,GARCH,1,c233a1992db9852e,p=1 q=1,"{""p"": 1, ""q"": 1}",level,2025-06-09,2025-06-10,19591.240234375,19714.990234375,19714.990234375,19573.055128854423,19714.990234375,19573.055128854423,0.0076119578443467,-141.93510552057705,-0.7199349522025094,0.7199349522025094,pure_test,held_out_pure_test
NASDAQ,GARCH,1,c233a1992db9852e,p=1 q=1,"{""p"": 1, ""q"": 1}",level,2025-06-10,2025-06-11,19714.990234375,19615.880859375,19615.880859375,19694.817521904348,19615.880859375,19694.817521904348,0.0076119578443467,78.93666252934781,0.40241202062369624,0.40241202062369624,pure_test,held_out_pure_test
NASDAQ,GARCH,1,c233a1992db9852e,p=1 q=1,"{""p"": 1, ""q"": 1}",level,2025-06-11,2025-06-12,19615.880859375,19662.490234375,19662.490234375,19602.80011048768,19662.490234375,19602.80011048768,0.0076119578443467,-59.69012388732153,-0.3035735716881279,0.3035735716881279,pure_test,held_out_pure_test
NASDAQ,GARCH,1,c233a1992db9852e,p=1 q=1,"{""p"": 1, ""q"": 1}",level,2025-06-12,2025-06-13,19662.490234375,19406.830078125,19406.830078125,19644.77233675472,19406.830078125,19644.77233675472,0.0076119578443467,237.9422586297187,1.2260748286652057,1.2260748286652057,pure_test,held_out_pure_test
NASDAQ,GARCH,1,c233a1992db9852e,p=1 q=1,"{""p"": 1, ""q"": 1}",level,2025-06-13,2025-06-16,19406.830078125,19701.2109375,19701.2109375,19398.731181311738,19701.2109375,19398.731181311738,0.0076119578443467,-302.4797561882624,-1.53533585903855,1.53533585903855,pure_test,held_out_pure_test
NASDAQ,GARCH,1,c233a1992db9852e,p=1 q=1,"{""p"": 1, ""q"": 1}",level,2025-06-16,2025-06-17,19701.2109375,19521.08984375,19521.08984375,19675.608308334664,19521.08984375,19675.608308334664,0.0076119578443467,154.5184645846639,0.7915463010592901,0.7915463010592901,pure_test,held_out_pure_test
NASDAQ,GARCH,1,c233a1992db9852e,p=1 q=1,"{""p"": 1, ""q"": 1}",level,2025-06-17,2025-06-18,19521.08984375,19546.26953125,19546.26953125,19510.58709796081,19546.26953125,19510.58709796081,0.0076119578443467,-35.68243328918834,-0.18255367466482705,0.18255367466482705,pure_test,held_out_pure_test
NASDAQ,GARCH,1,c233a1992db9852e,p=1 q=1,"{""p"": 1, ""q"": 1}",level,2025-06-18,2025-06-20,19546.26953125,19447.41015625,19447.41015625,19529.233581891276,19447.41015625,19529.233581891276,0.0076119578443467,81.82342564127612,0.4207420164632037,0.4207420164632037,pure_test,held_out_pure_test
NASDAQ,GARCH,1,c233a1992db9852e,p=1 q=1,"{""p"": 1, ""q"": 1}",level,2025-06-20,2025-06-23,19447.41015625,19630.970703125,19630.970703125,19434.321451713982,19630.970703125,19434.321451713982,0.0076119578443467,-196.64925141101776,-1.0017296362207586,1.0017296362207586,pure_test,held_out_pure_test
NASDAQ,GARCH,1,c233a1992db9852e,p=1 q=1,"{""p"": 1, ""q"": 1}",level,2025-06-23,2025-06-24,19630.970703125,19912.529296875,19912.529296875,19608.89466385763,19912.529296875,19608.89466385763,0.0076119578443467,-303.6346330173692,-1.524842115687536,1.524842115687536,pure_test,held_out_pure_test
NASDAQ,GARCH,1,c233a1992db9852e,p=1 q=1,"{""p"": 1, ""q"": 1}",level,2025-06-24,2025-06-25,19912.529296875,19973.55078125,19973.55078125,19887.334705472796,19973.55078125,19887.334705472796,0.0076119578443467,-86.21607577720351,-0.4316512207641023,0.4316512207641023,pure_test,held_out_pure_test
NASDAQ,GARCH,1,c233a1992db9852e,p=1 q=1,"{""p"": 1, ""q"": 1}",level,2025-06-25,2025-06-26,19973.55078125,20167.91015625,20167.91015625,19955.37425291317,20167.91015625,19955.37425291317,0.0076119578443467,-212.5359033368295,-1.0538320613797707,1.0538320613797707,pure_test,held_out_pure_test
NASDAQ,GARCH,1,c233a1992db9852e,p=1 q=1,"{""p"": 1, ""q"": 1}",level,2025-06-26,2025-06-27,20167.91015625,20273.4609375,20273.4609375,20145.490470251123,20273.4609375,20145.490470251123,0.0076119578443467,-127.97046724887696,-0.631221613534021,0.631221613534021,pure_test,held_out_pure_test
NASDAQ,GARCH,1,c233a1992db9852e,p=1 q=1,"{""p"": 1, ""q"": 1}",level,2025-06-27,2025-06-30,20273.4609375,20369.73046875,20369.73046875,20253.867371392924,20369.73046875,20253.867371392924,0.0076119578443467,-115.86309735707619,-0.568800345860375,0.568800345860375,pure_test,held_out_pure_test
NASDAQ,GARCH,1,c233a1992db9852e,p=1 q=1,"{""p"": 1, ""q"": 1}",level,2025-06-30,2025-07-01,20369.73046875,20202.890625,20202.890625,20350.432256100717,20202.890625,20350.432256100717,0.0076119578443467,147.5416311007175,0.7302996083052719,0.7302996083052719,pure_test,held_out_pure_test
NASDAQ,GARCH,1,c233a1992db9852e,p=1 q=1,"{""p"": 1, ""q"": 1}",level,2025-07-01,2025-07-02,20202.890625,20393.130859375,20393.130859375,20191.9652353739,20393.130859375,20191.9652353739,0.0076119578443467,-201.1656240010998,-0.9864381560059534,0.9864381560059534,pure_test,held_out_pure_test
NASDAQ,GARCH,1,c233a1992db9852e,p=1 q=1,"{""p"": 1, ""q"": 1}",level,2025-07-02,2025-07-03,20393.130859375,20601.099609375,20601.099609375,20370.84225511907,20601.099609375,20370.84225511907,0.0076119578443467,-230.25735425592939,-1.1176944853523525,1.1176944853523525,pure_test,held_out_pure_test
NASDAQ,GARCH,1,c233a1992db9852e,p=1 q=1,"{""p"": 1, ""q"": 1}",level,2025-07-03,2025-07-07,20601.099609375,20412.51953125,20412.51953125,20578.246837750303,20412.51953125,20578.246837750303,0.0076119578443467,165.7273065003028,0.8118904981160558,0.8118904981160558,pure_test,held_out_pure_test
NASDAQ,GARCH,1,c233a1992db9852e,p=1 q=1,"{""p"": 1, ""q"": 1}",level,2025-07-07,2025-07-08,20412.51953125,20418.4609375,20418.4609375,20402.28597229282,20418.4609375,20402.28597229282,0.0076119578443467,-16.17496520718123,-0.07921735755056211,0.07921735755056211,pure_test,held_out_pure_test
NASDAQ,GARCH,1,c233a1992db9852e,p=1 q=1,"{""p"": 1, ""q"": 1}",level,2025-07-08,2025-07-09,20418.4609375,20611.33984375,20611.33984375,20402.03720016974,20611.33984375,20402.03720016974,0.0076119578443467,-209.30264358026034,-1.0154732548535772,1.0154732548535772,pure_test,held_out_pure_test
NASDAQ,GARCH,1,c233a1992db9852e,p=1 q=1,"{""p"": 1, ""q"": 1}",level,2025-07-09,2025-07-10,20611.33984375,20630.66015625,20630.66015625,20588.96727010824,20630.66015625,20588.96727010824,0.0076119578443467,-41.69288614175821,-0.2020918663096075,0.2020918663096075,pure_test,held_out_pure_test
NASDAQ,GARCH,1,c233a1992db9852e,p=1 q=1,"{""p"": 1, ""q"": 1}",level,2025-07-10,2025-07-11,20630.66015625,20585.529296875,20585.529296875,20613.81066740756,20585.529296875,20613.81066740756,0.0076119578443467,28.281370532560686,0.13738471391577947,0.13738471391577947,pure_test,held_out_pure_test
NASDAQ,GARCH,1,c233a1992db9852e,p=1 q=1,"{""p"": 1, ""q"": 1}",level,2025-07-11,2025-07-14,20585.529296875,20640.330078125,20640.330078125,20570.73081155817,20640.330078125,20570.73081155817,0.0076119578443467,-69.59926656683092,-0.33720035630919243,0.33720035630919243,pure_test,held_out_pure_test
NASDAQ,GARCH,1,c233a1992db9852e,p=1 q=1,"{""p"": 1, ""q"": 1}",level,2025-07-14,2025-07-15,20640.330078125,20677.80078125,20677.80078125,20622.35150870296,20677.80078125,20622.35150870296,0.0076119578443467,-55.44927254704089,-0.268158461983639,0.268158461983639,pure_test,held_out_pure_test
NASDAQ,GARCH,1,c233a1992db9852e,p=1 q=1,"{""p"": 1, ""q"": 1}",level,2025-07-15,2025-07-16,20677.80078125,20730.490234375,20730.490234375,20660.37369988162,20730.490234375,20660.37369988162,0.0076119578443467,-70.11653449337973,-0.33822902256847504,0.33822902256847504,pure_test,held_out_pure_test
NASDAQ,GARCH,1,c233a1992db9852e,p=1 q=1,"{""p"": 1, ""q"": 1}",level,2025-07-16,2025-07-17,20730.490234375,20885.650390625,20885.650390625,20712.57885289233,20885.650390625,20712.57885289233,0.0076119578443467,-173.07153773267055,-0.8286624284889765,0.8286624284889765,pure_test,held_out_pure_test
NASDAQ,GARCH,1,c233a1992db9852e,p=1 q=1,"{""p"": 1, ""q"": 1}",level,2025-07-17,2025-07-18,20885.650390625,20895.650390625,20895.650390625,20864.47812548006,20895.650390625,20864.47812548006,0.0076119578443467,-31.172265144941775,-0.14918064076592447,0.14918064076592447,pure_test,held_out_pure_test
NASDAQ,GARCH,1,c233a1992db9852e,p=1 q=1,"{""p"": 1, ""q"": 1}",level,2025-07-18,2025-07-21,20895.650390625,20974.1796875,20974.1796875,20879.09749831046,20974.1796875,20879.09749831046,0.0076119578443467,-95.08218918953935,-0.4533297158992376,0.4533297158992376,pure_test,held_out_pure_test
NASDAQ,GARCH,1,c233a1992db9852e,p=1 q=1,"{""p"": 1, ""q"": 1}",level,2025-07-21,2025-07-22,20974.1796875,20892.689453125,20892.689453125,20955.44601514052,20892.689453125,20955.44601514052,0.0076119578443467,62.756562015518284,0.30037569914739504,0.30037569914739504,pure_test,held_out_pure_test
NASDAQ,GARCH,1,c233a1992db9852e,p=1 q=1,"{""p"": 1, ""q"": 1}",level,2025-07-22,2025-07-23,20892.689453125,21020.01953125,21020.01953125,20879.048017465215,21020.01953125,20879.048017465215,0.0076119578443467,-140.9715137847852,-0.6706535813404263,0.6706535813404263,pure_test,held_out_pure_test
NASDAQ,GARCH,1,c233a1992db9852e,p=1 q=1,"{""p"": 1, ""q"": 1}",level,2025-07-23,2025-07-24,21020.01953125,21057.9609375,21057.9609375,20999.7328914039,21057.9609375,20999.7328914039,0.0076119578443467,-58.228046096101025,-0.27651322114672827,0.27651322114672827,pure_test,held_out_pure_test
NASDAQ,GARCH,1,c233a1992db9852e,p=1 q=1,"{""p"": 1, ""q"": 1}",level,2025-07-24,2025-07-25,21057.9609375,21108.3203125,21108.3203125,21040.518877136812,21108.3203125,21040.518877136812,0.0076119578443467,-67.80143536318792,-0.321207156038072,0.321207156038072,pure_test,held_out_pure_test
NASDAQ,GARCH,1,c233a1992db9852e,p=1 q=1,"{""p"": 1, ""q"": 1}",level,2025-07-25,2025-07-28,21108.3203125,21178.580078125,21178.580078125,21090.4830801493,21178.580078125,21090.4830801493,0.0076119578443467,-88.0969979756992,-0.41597216456778946,0.41597216456778946,pure_test,held_out_pure_test
NASDAQ,GARCH,1,c233a1992db9852e,p=1 q=1,"{""p"": 1, ""q"": 1}",level,2025-07-28,2025-07-29,21178.580078125,21098.2890625,21098.2890625,21160.109563707498,21098.2890625,21160.109563707498,0.0076119578443467,61.82050120749773,0.29301191686380484,0.29301191686380484,pure_test,held_out_pure_test
NASDAQ,GARCH,1,c233a1992db9852e,p=1 q=1,"{""p"": 1, ""q"": 1}",level,2025-07-29,2025-07-30,21098.2890625,21129.669921875,21129.669921875,21084.60946458788,21129.669921875,21084.60946458788,0.0076119578443467,-45.06045728711979,-0.21325679697660524,0.21325679697660524,pure_test,held_out_pure_test
NASDAQ,GARCH,1,c233a1992db9852e,p=1 q=1,"{""p"": 1, ""q"": 1}",level,2025-07-30,2025-07-31,21129.669921875,21122.44921875,21122.44921875,21112.436635136542,21122.44921875,21112.436635136542,0.0076119578443467,-10.012583613457537,-0.04740256922748123,0.04740256922748123,pure_test,held_out_pure_test
NASDAQ,GARCH,1,c233a1992db9852e,p=1 q=1,"{""p"": 1, ""q"": 1}",level,2025-07-31,2025-08-01,21122.44921875,20650.130859375,20650.130859375,21106.444333892818,20650.130859375,21106.444333892818,0.0076119578443467,456.31347451781767,2.209736478791634,2.209736478791634,pure_test,held_out_pure_test
NASDAQ,GARCH,1,c233a1992db9852e,p=1 q=1,"{""p"": 1, ""q"": 1}",level,2025-08-01,2025-08-04,20650.130859375,21053.580078125,21053.580078125,20648.92658876533,21053.580078125,20648.92658876533,0.0076119578443467,-404.65348935966904,-1.9220174804384473,1.9220174804384473,pure_test,held_out_pure_test
NASDAQ,GARCH,1,c233a1992db9852e,p=1 q=1,"{""p"": 1, ""q"": 1}",level,2025-08-04,2025-08-05,21053.580078125,20916.55078125,20916.55078125,21024.50661075606,20916.55078125,21024.50661075606,0.0076119578443467,107.95582950605967,0.5161263471931202,0.5161263471931202,pure_test,held_out_pure_test
NASDAQ,GARCH,1,c233a1992db9852e,p=1 q=1,"{""p"": 1, ""q"": 1}",level,2025-08-05,2025-08-06,20916.55078125,21169.419921875,21169.419921875,20904.67674267056,21169.419921875,20904.67674267056,0.0076119578443467,-264.7431792044408,-1.250592506461992,1.250592506461992,pure_test,held_out_pure_test
NASDAQ,GARCH,1,c233a1992db9852e,p=1 q=1,"{""p"": 1, ""q"": 1}",level,2025-08-06,2025-08-07,21169.419921875,21242.69921875,21242.69921875,21145.138303314023,21242.69921875,21145.138303314023,0.0076119578443467,-97.56091543597722,-0.45926797923055124,0.45926797923055124,pure_test,held_out_pure_test
NASDAQ,GARCH,1,c233a1992db9852e,p=1 q=1,"{""p"": 1, ""q"": 1}",level,2025-08-07,2025-08-08,21242.69921875,21450.01953125,21450.01953125,21224.132615013103,21450.01953125,21224.132615013103,0.0076119578443467,-225.88691623689738,-1.0530848976981506,1.0530848976981506,pure_test,held_out_pure_test
NASDAQ,GARCH,1,c233a1992db9852e,p=1 q=1,"{""p"": 1, ""q"": 1}",level,2025-08-08,2025-08-11,21450.01953125,21385.400390625,21385.400390625,21427.187394589106,21385.400390625,21427.187394589106,0.0076119578443467,41.78700396410568,0.19539968015948114,0.19539968015948114,pure_test,held_out_pure_test
NASDAQ,GARCH,1,c233a1992db9852e,p=1 q=1,"{""p"": 1, ""q"": 1}",level,2025-08-11,2025-08-12,21385.400390625,21681.900390625,21681.900390625,21371.22207298533,21681.900390625,21371.22207298533,0.0076119578443467,-310.67831763967115,-1.4328924681067385,1.4328924681067385,pure_test,held_out_pure_test
NASDAQ,GARCH,1,c233a1992db9852e,p=1 q=1,"{""p"": 1, ""q"": 1}",level,2025-08-12,2025-08-13,21681.900390625,21713.140625,21713.140625,21656.230324906275,21713.140625,21656.230324906275,0.0076119578443467,-56.9103000937248,-0.26210073004455015,0.26210073004455015,pure_test,held_out_pure_test
NASDAQ,GARCH,1,c233a1992db9852e,p=1 q=1,"{""p"": 1, ""q"": 1}",level,2025-08-13,2025-08-14,21713.140625,21710.669921875,21710.669921875,21695.911813313935,21710.669921875,21695.911813313935,0.0076119578443467,-14.758108561065455,-0.06797629282823577,0.06797629282823577,pure_test,held_out_pure_test
NASDAQ,GARCH,1,c233a1992db9852e,p=1 q=1,"{""p"": 1, ""q"": 1}",level,2025-08-14,2025-08-15,21710.669921875,21622.98046875,21622.98046875,21694.51387969262,21622.98046875,21694.51387969262,0.0076119578443467,71.5334109426185,0.33082123459344626,0.33082123459344626,pure_test,held_out_pure_test
NASDAQ,GARCH,1,c233a1992db9852e,p=1 q=1,"{""p"": 1, ""q"": 1}",level,2025-08-15,2025-08-18,21622.98046875,21629.76953125,21629.76953125,21609.53630831644,21629.76953125,21609.53630831644,0.0076119578443467,-20.233222933558864,-0.09354340509419923,0.09354340509419923,pure_test,held_out_pure_test
NASDAQ,GARCH,1,c233a1992db9852e,p=1 q=1,"{""p"": 1, ""q"": 1}",level,2025-08-18,2025-08-19,21629.76953125,21314.94921875,21314.94921875,21613.318819298383,21314.94921875,21613.318819298383,0.0076119578443467,298.36960054838346,1.3998137996309106,1.3998137996309106,pure_test,held_out_pure_test
NASDAQ,GARCH,1,c233a1992db9852e,p=1 q=1,"{""p"": 1, ""q"": 1}",level,2025-08-19,2025-08-20,21314.94921875,21172.859375,21172.859375,21308.73295161614,21172.859375,21308.73295161614,0.0076119578443467,135.87357661614078,0.6417346576087614,0.6417346576087614,pure_test,held_out_pure_test
NASDAQ,GARCH,1,c233a1992db9852e,p=1 q=1,"{""p"": 1, ""q"": 1}",level,2025-08-20,2025-08-21,21172.859375,21100.310546875,21100.310546875,21161.14637615312,21100.310546875,21161.14637615312,0.0076119578443467,60.83582927811949,0.2883172223601676,0.2883172223601676,pure_test,held_out_pure_test
NASDAQ,GARCH,1,c233a1992db9852e,p=1 q=1,"{""p"": 1, ""q"": 1}",level,2025-08-21,2025-08-22,21100.310546875,21496.5390625,21496.5390625,21086.384572467367,21496.5390625,21086.384572467367,0.0076119578443467,-410.1544900326335,-1.9080024409516898,1.9080024409516898,pure_test,held_out_pure_test
NASDAQ,GARCH,1,c233a1992db9852e,p=1 q=1,"{""p"": 1, ""q"": 1}",level,2025-08-22,2025-08-25,21496.5390625,21449.2890625,21449.2890625,21467.695376640622,21449.2890625,21467.695376640622,0.0076119578443467,18.40631414062227,0.08581316652029371,0.08581316652029371,pure_test,held_out_pure_test
NASDAQ,GARCH,1,c233a1992db9852e,p=1 q=1,"{""p"": 1, ""q"": 1}",level,2025-08-25,2025-08-26,21449.2890625,21544.26953125,21544.26953125,21434.55801373656,21544.26953125,21434.55801373656,0.0076119578443467,-109.7115175134386,-0.5092375833597043,0.5092375833597043,pure_test,held_out_pure_test
NASDAQ,GARCH,1,c233a1992db9852e,p=1 q=1,"{""p"": 1, ""q"": 1}",level,2025-08-26,2025-08-27,21544.26953125,21590.140625,21590.140625,21525.0123399143,21590.140625,21525.0123399143,0.0076119578443467,-65.12828508569874,-0.30165753070771734,0.30165753070771734,pure_test,held_out_pure_test
NASDAQ,GARCH,1,c233a1992db9852e,p=1 q=1,"{""p"": 1, ""q"": 1}",level,2025-08-27,2025-08-28,21590.140625,21705.16015625,21705.16015625,21572.446221404774,21705.16015625,21572.446221404774,0.0076119578443467,-132.7139348452256,-0.6114395558007925,0.6114395558007925,pure_test,held_out_pure_test
NASDAQ,GARCH,1,c233a1992db9852e,p=1 q=1,"{""p"": 1, ""q"": 1}",level,2025-08-28,2025-08-29,21705.16015625,21455.55078125,21455.55078125,21685.26526994861,21455.55078125,21685.26526994861,0.0076119578443467,229.71448869860978,1.0706529561541585,1.0706529561541585,pure_test,held_out_pure_test
NASDAQ,GARCH,1,c233a1992db9852e,p=1 q=1,"{""p"": 1, ""q"": 1}",level,2025-08-29,2025-09-02,21455.55078125,21279.630859375,21279.630859375,21447.25933287692,21279.630859375,21447.25933287692,0.0076119578443467,167.6284735019217,0.7877414538329311,0.7877414538329311,pure_test,held_out_pure_test
NASDAQ,GARCH,1,c233a1992db9852e,p=1 q=1,"{""p"": 1, ""q"": 1}",level,2025-09-02,2025-09-03,21279.630859375,21497.73046875,21497.73046875,21268.994421395637,21497.73046875,21268.994421395637,0.0076119578443467,-228.7360473543631,-1.0640009078486838,1.0640009078486838,pure_test,held_out_pure_test
NASDAQ,GARCH,1,c233a1992db9852e,p=1 q=1,"{""p"": 1, ""q"": 1}",level,2025-09-03,2025-09-04,21497.73046875,21707.689453125,21707.689453125,21474.55530689265,21707.689453125,21474.55530689265,0.0076119578443467,-233.13414623235076,-1.0739703400298515,1.0739703400298515,pure_test,held_out_pure_test
NASDAQ,GARCH,1,c233a1992db9852e,p=1 q=1,"{""p"": 1, ""q"": 1}",level,2025-09-04,2025-09-05,21707.689453125,21700.390625,21700.390625,21684.773347078273,21700.390625,21684.773347078273,0.0076119578443467,-15.617277921726782,-0.07196772717876723,0.07196772717876723,pure_test,held_out_pure_test
NASDAQ,GARCH,1,c233a1992db9852e,p=1 q=1,"{""p"": 1, ""q"": 1}",level,2025-09-05,2025-09-08,21700.390625,21798.69921875,21798.69921875,21684.38822628303,21798.69921875,21684.38822628303,0.0076119578443467,-114.31099246696976,-0.5243936407391041,0.5243936407391041,pure_test,held_out_pure_test
NASDAQ,GARCH,1,c233a1992db9852e,p=1 q=1,"{""p"": 1, ""q"": 1}",level,2025-09-08,2025-09-09,21798.69921875,21879.490234375,21879.490234375,21779.336117841052,21879.490234375,21779.336117841052,0.0076119578443467,-100.15411653394767,-0.4577534278042499,0.4577534278042499,pure_test,held_out_pure_test
NASDAQ,GARCH,1,c233a1992db9852e,p=1 q=1,"{""p"": 1, ""q"": 1}",level,2025-09-09,2025-09-10,21879.490234375,21886.060546875,21886.060546875,21860.68458825623,21886.060546875,21860.68458825623,0.0076119578443467,-25.3759586187698,-0.11594575718375734,0.11594575718375734,pure_test,held_out_pure_test
NASDAQ,GARCH,1,c233a1992db9852e,p=1 q=1,"{""p"": 1, ""q"": 1}",level,2025-09-10,2025-09-11,21886.060546875,22043.0703125,22043.0703125,21869.61679611599,22043.0703125,21869.61679611599,0.0076119578443467,-173.45351638400825,-0.7868845579358683,0.7868845579358683,pure_test,held_out_pure_test
NASDAQ,GARCH,1,c233a1992db9852e,p=1 q=1,"{""p"": 1, ""q"": 1}",level,2025-09-11,2025-09-12,22043.0703125,22141.099609375,22141.099609375,22021.83918798542,22141.099609375,22021.83918798542,0.0076119578443467,-119.26042138957928,-0.5386382044868356,0.5386382044868356,pure_test,held_out_pure_test
NASDAQ,GARCH,1,c233a1992db9852e,p=1 q=1,"{""p"": 1, ""q"": 1}",level,2025-09-12,2025-09-15,22141.099609375,22348.75,22348.75,22121.74539641733,22348.75,22121.74539641733,0.0076119578443467,-227.00460358267082,-1.015737361519865,1.015737361519865,pure_test,held_out_pure_test
NASDAQ,GARCH,1,c233a1992db9852e,p=1 q=1,"{""p"": 1, ""q"": 1}",level,2025-09-15,2025-09-16,22348.75,22333.9609375,22333.9609375,22325.90735939669,22333.9609375,22325.90735939669,0.0076119578443467,-8.053578103310429,-0.036059784137026984,0.036059784137026984,pure_test,held_out_pure_test
NASDAQ,GARCH,1,c233a1992db9852e,p=1 q=1,"{""p"": 1, ""q"": 1}",level,2025-09-16,2025-09-17,22333.9609375,22261.330078125,22261.330078125,22318.19689747635,22261.330078125,22318.19689747635,0.0076119578443467,56.866819351351296,0.25545113051098073,0.25545113051098073,pure_test,held_out_pure_test
NASDAQ,GARCH,1,c233a1992db9852e,p=1 q=1,"{""p"": 1, ""q"": 1}",level,2025-09-17,2025-09-18,22261.330078125,22470.720703125,22470.720703125,22247.406714164594,22470.720703125,22247.406714164594,0.0076119578443467,-223.31398896040628,-0.9937998514188734,0.9937998514188734,pure_test,held_out_pure_test
NASDAQ,GARCH,1,c233a1992db9852e,p=1 q=1,"{""p"": 1, ""q"": 1}",level,2025-09-18,2025-09-19,22470.720703125,22631.48046875,22631.48046875,22447.822683748353,22631.48046875,22447.822683748353,0.0076119578443467,-183.65778500164743,-0.8115146742399189,0.8115146742399189,pure_test,held_out_pure_test
NASDAQ,GARCH,1,c233a1992db9852e,p=1 q=1,"{""p"": 1, ""q"": 1}",level,2025-09-19,2025-09-22,22631.48046875,22788.98046875,22788.98046875,22610.130009505,22788.98046875,22610.130009505,0.0076119578443467,-178.85045924500082,-0.7848111480469884,0.7848111480469884,pure_test,held_out_pure_test
NASDAQ,GARCH,1,c233a1992db9852e,p=1 q=1,"{""p"": 1, ""q"": 1}",level,2025-09-22,2025-09-23,22788.98046875,22573.470703125,22573.470703125,22767.73374370556,22573.470703125,22767.73374370556,0.0076119578443467,194.2630405805612,0.8605811801623755,0.8605811801623755,pure_test,held_out_pure_test
NASDAQ,GARCH,1,c233a1992db9852e,p=1 q=1,"{""p"": 1, ""q"": 1}",level,2025-09-23,2025-09-24,22573.470703125,22497.859375,22497.859375,22564.094116700657,22497.859375,22564.094116700657,0.0076119578443467,66.23474170065674,0.2944046391109454,0.2944046391109454,pure_test,held_out_pure_test
NASDAQ,GARCH,1,c233a1992db9852e,p=1 q=1,"{""p"": 1, ""q"": 1}",level,2025-09-24,2025-09-25,22497.859375,22384.69921875,22384.69921875,22484.030857288875,22384.69921875,22484.030857288875,0.0076119578443467,99.33163853887527,0.4437479260640345,0.4437479260640345,pure_test,held_out_pure_test
NASDAQ,GARCH,1,c233a1992db9852e,p=1 q=1,"{""p"": 1, ""q"": 1}",level,2025-09-25,2025-09-26,22384.69921875,22484.0703125,22484.0703125,22372.065602180726,22484.0703125,22372.065602180726,0.0076119578443467,-112.00471031927373,-0.49815139680027065,0.49815139680027065,pure_test,held_out_pure_test
NASDAQ,GARCH,1,c233a1992db9852e,p=1 q=1,"{""p"": 1, ""q"": 1}",level,2025-09-26,2025-09-29,22484.0703125,22591.150390625,22591.150390625,22464.6734000841,22591.150390625,22464.6734000841,0.0076119578443467,-126.47699054090117,-0.5598519258823902,0.5598519258823902,pure_test,held_out_pure_test
NASDAQ,GARCH,1,c233a1992db9852e,p=1 q=1,"{""p"": 1, ""q"": 1}",level,2025-09-29,2025-09-30,22591.150390625,22660.009765625,22660.009765625,22571.508158323173,22660.009765625,22571.508158323173,0.0076119578443467,-88.50160730182688,-0.3905629707012876,0.3905629707012876,pure_test,held_out_pure_test
NASDAQ,GARCH,1,c233a1992db9852e,p=1 q=1,"{""p"": 1, ""q"": 1}",level,2025-09-30,2025-10-01,22660.009765625,22755.16015625,22755.16015625,22641.58381527089,22755.16015625,22641.58381527089,0.0076119578443467,-113.57634097911068,-0.49912345243553674,0.49912345243553674,pure_test,held_out_pure_test
NASDAQ,GARCH,1,c233a1992db9852e,p=1 q=1,"{""p"": 1, ""q"": 1}",level,2025-10-01,2025-10-02,22755.16015625,22844.05078125,22844.05078125,22735.89755755933,22844.05078125,22735.89755755933,0.0076119578443467,-108.15322369067144,-0.47344153069140316,0.47344153069140316,pure_test,held_out_pure_test
NASDAQ,GARCH,1,c233a1992db9852e,p=1 q=1,"{""p"": 1, ""q"": 1}",level,2025-10-02,2025-10-03,22844.05078125,22780.509765625,22780.509765625,22824.987384544223,22780.509765625,22824.987384544223,0.0076119578443467,44.47761891922346,0.19524417748692632,0.19524417748692632,pure_test,held_out_pure_test
NASDAQ,GARCH,1,c233a1992db9852e,p=1 q=1,"{""p"": 1, ""q"": 1}",level,2025-10-03,2025-10-06,22780.509765625,22941.669921875,22941.669921875,22766.29713925033,22941.669921875,22766.29713925033,0.0076119578443467,-175.37278262466862,-0.7644290203018298,0.7644290203018298,pure_test,held_out_pure_test
NASDAQ,GARCH,1,c233a1992db9852e,p=1 q=1,"{""p"": 1, ""q"": 1}",level,2025-10-06,2025-10-07,22941.669921875,22788.359375,22788.359375,22920.306721161385,22788.359375,22920.306721161385,0.0076119578443467,131.9473461613852,0.5790120472917336,0.5790120472917336,pure_test,held_out_pure_test
NASDAQ,GARCH,1,c233a1992db9852e,p=1 q=1,"{""p"": 1, ""q"": 1}",level,2025-10-07,2025-10-08,22788.359375,23043.380859375,23043.380859375,22777.003448041803,23043.380859375,22777.003448041803,0.0076119578443467,-266.3774113331965,-1.1559823315805813,1.1559823315805813,pure_test,held_out_pure_test
NASDAQ,GARCH,1,c233a1992db9852e,p=1 q=1,"{""p"": 1, ""q"": 1}",level,2025-10-08,2025-10-09,23043.380859375,23024.630859375,23024.630859375,23019.03074765104,23024.630859375,23019.03074765104,0.0076119578443467,-5.600111723961163,-0.024322264961224995,0.024322264961224995,pure_test,held_out_pure_test
NASDAQ,GARCH,1,c233a1992db9852e,p=1 q=1,"{""p"": 1, ""q"": 1}",level,2025-10-09,2025-10-10,23024.630859375,22204.4296875,22204.4296875,23008.99286666036,22204.4296875,23008.99286666036,0.0076119578443467,804.5631791603591,3.623435460777849,3.623435460777849,pure_test,held_out_pure_test
NASDAQ,GARCH,1,c233a1992db9852e,p=1 q=1,"{""p"": 1, ""q"": 1}",level,2025-10-10,2025-10-13,22204.4296875,22694.609375,22694.609375,22214.2959506631,22694.609375,22214.2959506631,0.0076119578443467,-480.3134243368986,-2.1164207605441483,2.1164207605441483,pure_test,held_out_pure_test
NASDAQ,GARCH,1,c233a1992db9852e,p=1 q=1,"{""p"": 1, ""q"": 1}",level,2025-10-13,2025-10-14,22694.609375,22521.69921875,22521.69921875,22662.77591906904,22521.69921875,22662.77591906904,0.0076119578443467,141.07670031904127,0.6264034473988118,0.6264034473988118,pure_test,held_out_pure_test
NASDAQ,GARCH,1,c233a1992db9852e,p=1 q=1,"{""p"": 1, ""q"": 1}",level,2025-10-14,2025-10-15,22521.69921875,22670.080078125,22670.080078125,22510.96700221877,22670.080078125,22510.96700221877,0.0076119578443467,-159.11307590622891,-0.7018637576836864,0.7018637576836864,pure_test,held_out_pure_test
NASDAQ,GARCH,1,c233a1992db9852e,p=1 q=1,"{""p"": 1, ""q"": 1}",level,2025-10-15,2025-10-16,22670.080078125,22562.5390625,22562.5390625,22649.1235477974,22562.5390625,22649.1235477974,0.0076119578443467,86.58448529740053,0.38375328706381284,0.38375328706381284,pure_test,held_out_pure_test
NASDAQ,GARCH,1,c233a1992db9852e,p=1 q=1,"{""p"": 1, ""q"": 1}",level,2025-10-16,2025-10-17,22562.5390625,22679.970703125,22679.970703125,22549.72663029561,22679.970703125,22549.72663029561,0.0076119578443467,-130.24407282939137,-0.5742691405304393,0.5742691405304393,pure_test,held_out_pure_test
NASDAQ,GARCH,1,c233a1992db9852e,p=1 q=1,"{""p"": 1, ""q"": 1}",level,2025-10-17,2025-10-20,22679.970703125,22990.5390625,22990.5390625,22659.999057244408,22990.5390625,22659.999057244408,0.0076119578443467,-330.5400052555924,-1.4377218574867525,1.4377218574867525,pure_test,held_out_pure_test
NASDAQ,GARCH,1,c233a1992db9852e,p=1 q=1,"{""p"": 1, ""q"": 1}",level,2025-10-20,2025-10-21,22990.5390625,22953.669921875,22953.669921875,22964.42130508168,22953.669921875,22964.42130508168,0.0076119578443467,10.751383206679748,0.04683949557205058,0.04683949557205058,pure_test,held_out_pure_test
NASDAQ,GARCH,1,c233a1992db9852e,p=1 q=1,"{""p"": 1, ""q"": 1}",level,2025-10-21,2025-10-22,22953.669921875,22740.400390625,22740.400390625,22938.60852723021,22740.400390625,22938.60852723021,0.0076119578443467,198.20813660521162,0.8716123427928968,0.8716123427928968,pure_test,held_out_pure_test
NASDAQ,GARCH,1,c233a1992db9852e,p=1 q=1,"{""p"": 1, ""q"": 1}",level,2025-10-22,2025-10-23,22740.400390625,22941.80078125,22941.80078125,22730.95251412993,22941.80078125,22730.95251412993,0.0076119578443467,-210.84826712006907,-0.919057179209717,0.919057179209717,pure_test,held_out_pure_test
NASDAQ,GARCH,1,c233a1992db9852e,p=1 q=1,"{""p"": 1, ""q"": 1}",level,2025-10-23,2025-10-24,22941.80078125,23204.869140625,23204.869140625,22919.15703186406,23204.869140625,22919.15703186406,0.0076119578443467,-285.7121087609412,-1.2312592974753824,1.2312592974753824,pure_test,held_out_pure_test
NASDAQ,GARCH,1,c233a1992db9852e,p=1 q=1,"{""p"": 1, ""q"": 1}",level,2025-10-24,2025-10-27,23204.869140625,23637.4609375,23637.4609375,23180.26295645868,23637.4609375,23180.26295645868,0.0076119578443467,-457.1979810413213,-1.9342093562849334,1.9342093562849334,pure_test,held_out_pure_test
NASDAQ,GARCH,1,c233a1992db9852e,p=1 q=1,"{""p"": 1, ""q"": 1}",level,2025-10-27,2025-10-28,23637.4609375,23827.490234375,23827.490234375,23607.460077676573,23827.490234375,23607.460077676573,0.0076119578443467,-220.03015669842716,-0.9234298473491688,0.9234298473491688,pure_test,held_out_pure_test
NASDAQ,GARCH,1,c233a1992db9852e,p=1 q=1,"{""p"": 1, ""q"": 1}",level,2025-10-28,2025-10-29,23827.490234375,23958.470703125,23958.470703125,23805.208342697657,23958.470703125,23805.208342697657,0.0076119578443467,-153.26236042734308,-0.6397000974162865,0.6397000974162865,pure_test,held_out_pure_test
NASDAQ,GARCH,1,c233a1992db9852e,p=1 q=1,"{""p"": 1, ""q"": 1}",level,2025-10-29,2025-10-30,23958.470703125,23581.140625,23581.140625,23938.067898377256,23581.140625,23938.067898377256,0.0076119578443467,356.9272733772559,1.5136132685577244,1.5136132685577244,pure_test,held_out_pure_test
NASDAQ,GARCH,1,c233a1992db9852e,p=1 q=1,"{""p"": 1, ""q"": 1}",level,2025-10-30,2025-10-31,23581.140625,23724.9609375,23724.9609375,23576.913580807355,23724.9609375,23576.913580807355,0.0076119578443467,-148.04735669264483,-0.6240151757579467,0.6240151757579467,pure_test,held_out_pure_test
NASDAQ,GARCH,1,c233a1992db9852e,p=1 q=1,"{""p"": 1, ""q"": 1}",level,2025-10-31,2025-11-03,23724.9609375,23834.720703125,23834.720703125,23704.149535607572,23834.720703125,23704.149535607572,0.0076119578443467,-130.57116751742797,-0.5478191632441014,0.5478191632441014,pure_test,held_out_pure_test
NASDAQ,GARCH,1,c233a1992db9852e,p=1 q=1,"{""p"": 1, ""q"": 1}",level,2025-11-03,2025-11-04,23834.720703125,23348.640625,23348.640625,23814.993196213727,23348.640625,23814.993196213727,0.0076119578443467,466.35257121372706,1.9973435657508523,1.9973435657508523,pure_test,held_out_pure_test
NASDAQ,GARCH,1,c233a1992db9852e,p=1 q=1,"{""p"": 1, ""q"": 1}",level,2025-11-04,2025-11-05,23348.640625,23499.80078125,23499.80078125,23347.874287989573,23499.80078125,23347.874287989573,0.0076119578443467,-151.92649326042738,-0.6465011966469365,0.6465011966469365,pure_test,held_out_pure_test
NASDAQ,GARCH,1,c233a1992db9852e,p=1 q=1,"{""p"": 1, ""q"": 1}",level,2025-11-05,2025-11-06,23499.80078125,23053.990234375,23053.990234375,23478.755806484176,23053.990234375,23478.755806484176,0.0076119578443467,424.765572109176,1.842481790747976,1.842481790747976,pure_test,held_out_pure_test
NASDAQ,GARCH,1,c233a1992db9852e,p=1 q=1,"{""p"": 1, ""q"": 1}",level,2025-11-06,2025-11-07,23053.990234375,23004.5390625,23004.5390625,23051.942416389666,23004.5390625,23051.942416389666,0.0076119578443467,47.403353889665595,0.20606087242555718,0.20606087242555718,pure_test,held_out_pure_test
NASDAQ,GARCH,1,c233a1992db9852e,p=1 q=1,"{""p"": 1, ""q"": 1}",level,2025-11-07,2025-11-10,23004.5390625,23527.169921875,23527.169921875,22989.878060737177,23527.169921875,22989.878060737177,0.0076119578443467,-537.2918611378227,-2.2837079976978516,2.2837079976978516,pure_test,held_out_pure_test
NASDAQ,GARCH,1,c233a1992db9852e,p=1 q=1,"{""p"": 1, ""q"": 1}",level,2025-11-10,2025-11-11,23527.169921875,23468.30078125,23468.30078125,23494.303785451353,23468.30078125,23494.303785451353,0.0076119578443467,26.00300420135318,0.11080054088163162,0.11080054088163162,pure_test,held_out_pure_test
NASDAQ,GARCH,1,c233a1992db9852e,p=1 q=1,"{""p"": 1, ""q"": 1}",level,2025-11-11,2025-11-12,23468.30078125,23406.4609375,23406.4609375,23453.93948369035,23406.4609375,23453.93948369035,0.0076119578443467,47.478546190348425,0.202843763169177,0.202843763169177,pure_test,held_out_pure_test
NASDAQ,GARCH,1,c233a1992db9852e,p=1 q=1,"{""p"": 1, ""q"": 1}",level,2025-11-12,2025-11-13,23406.4609375,22870.359375,22870.359375,23392.194175422104,22870.359375,23392.194175422104,0.0076119578443467,521.8348004221043,2.2817079166343635,2.2817079166343635,pure_test,held_out_pure_test
NASDAQ,GARCH,1,c233a1992db9852e,p=1 q=1,"{""p"": 1, ""q"": 1}",level,2025-11-13,2025-11-14,22870.359375,22900.58984375,22900.58984375,22871.184851417085,22900.58984375,22871.184851417085,0.0076119578443467,-29.404992332914844,-0.12840277273879921,0.12840277273879921,pure_test,held_out_pure_test
NASDAQ,GARCH,1,c233a1992db9852e,p=1 q=1,"{""p"": 1, ""q"": 1}",level,2025-11-14,2025-11-17,22900.58984375,22708.0703125,22708.0703125,22883.39316542624,22708.0703125,22883.39316542624,0.0076119578443467,175.32285292624147,0.7720728820789865,0.7720728820789865,pure_test,held_out_pure_test
NASDAQ,GARCH,1,c233a1992db9852e,p=1 q=1,"{""p"": 1, ""q"": 1}",level,2025-11-17,2025-11-18,22708.0703125,22432.849609375,22432.849609375,22697.962117163264,22432.849609375,22697.962117163264,0.0076119578443467,265.11250778826434,1.1818048638701262,1.1818048638701262,pure_test,held_out_pure_test
NASDAQ,GARCH,1,c233a1992db9852e,p=1 q=1,"{""p"": 1, ""q"": 1}",level,2025-11-18,2025-11-19,22432.849609375,22564.23046875,22564.23046875,22425.37317991859,22564.23046875,22425.37317991859,0.0076119578443467,-138.85728883140837,-0.6153867690002401,0.6153867690002401,pure_test,held_out_pure_test
NASDAQ,GARCH,1,c233a1992db9852e,p=1 q=1,"{""p"": 1, ""q"": 1}",level,2025-11-19,2025-11-20,22564.23046875,22078.05078125,22078.05078125,22543.81492253364,22078.05078125,22543.81492253364,0.0076119578443467,465.7641412836383,2.1096252830399007,2.1096252830399007,pure_test,held_out_pure_test
NASDAQ,GARCH,1,c233a1992db9852e,p=1 q=1,"{""p"": 1, ""q"": 1}",level,2025-11-20,2025-11-21,22078.05078125,22273.080078125,22273.080078125,22077.28761406835,22273.080078125,22077.28761406835,0.0076119578443467,-195.7924640566489,-0.879054281535772,0.879054281535772,pure_test,held_out_pure_test
NASDAQ,GARCH,1,c233a1992db9852e,p=1 q=1,"{""p"": 1, ""q"": 1}",level,2025-11-21,2025-11-24,22273.080078125,22872.009765625,22872.009765625,22250.63907347376,22872.009765625,22250.63907347376,0.0076119578443467,-621.3706921512385,-2.7167297431164723,2.7167297431164723,pure_test,held_out_pure_test
NASDAQ,GARCH,1,c233a1992db9852e,p=1 q=1,"{""p"": 1, ""q"": 1}",level,2025-11-24,2025-11-25,22872.009765625,23025.58984375,23025.58984375,22836.715602511817,23025.58984375,22836.715602511817,0.0076119578443467,-188.87424123818346,-0.8202797084455621,0.8202797084455621,pure_test,held_out_pure_test
NASDAQ,GARCH,1,c233a1992db9852e,p=1 q=1,"{""p"": 1, ""q"": 1}",level,2025-11-25,2025-11-26,23025.58984375,23214.689453125,23214.689453125,23004.46786079095,23214.689453125,23004.46786079095,0.0076119578443467,-210.22159233404818,-0.9055541869665183,0.9055541869665183,pure_test,held_out_pure_test
NASDAQ,GARCH,1,c233a1992db9852e,p=1 q=1,"{""p"": 1, ""q"": 1}",level,2025-11-26,2025-11-28,23214.689453125,23365.689453125,23365.689453125,23192.43714651624,23365.689453125,23192.43714651624,0.0076119578443467,-173.25230660875968,-0.7414816796068835,0.7414816796068835,pure_test,held_out_pure_test
NASDAQ,GARCH,1,c233a1992db9852e,p=1 q=1,"{""p"": 1, ""q"": 1}",level,2025-11-28,2025-12-01,23365.689453125,23275.919921875,23275.919921875,23344.64957494662,23275.919921875,23344.64957494662,0.0076119578443467,68.7296530716194,0.2952822200038006,0.2952822200038006,pure_test,held_out_pure_test
NASDAQ,GARCH,1,c233a1992db9852e,p=1 q=1,"{""p"": 1, ""q"": 1}",level,2025-12-01,2025-12-02,23275.919921875,23413.669921875,23413.669921875,23262.541954924724,23413.669921875,23262.541954924724,0.0076119578443467,-151.12796695027646,-0.6454689395321155,0.6454689395321155,pure_test,held_out_pure_test
NASDAQ,GARCH,1,c233a1992db9852e,p=1 q=1,"{""p"": 1, ""q"": 1}",level,2025-12-02,2025-12-03,23413.669921875,23454.08984375,23454.08984375,23393.051693077443,23454.08984375,23393.051693077443,0.0076119578443467,-61.038150672557094,-0.26024523261908805,0.26024523261908805,pure_test,held_out_pure_test
NASDAQ,GARCH,1,c233a1992db9852e,p=1 q=1,"{""p"": 1, ""q"": 1}",level,2025-12-03,2025-12-04,23454.08984375,23505.140625,23505.140625,23436.568910588423,23505.140625,23436.568910588423,0.0076119578443467,-68.57171441157698,-0.29173071331742767,0.29173071331742767,pure_test,held_out_pure_test
NASDAQ,GARCH,1,c233a1992db9852e,p=1 q=1,"{""p"": 1, ""q"": 1}",level,2025-12-04,2025-12-05,23505.140625,23578.130859375,23578.130859375,23487.28139030838,23578.130859375,23487.28139030838,0.0076119578443467,-90.84946906661935,-0.38531243044016067,0.38531243044016067,pure_test,held_out_pure_test
NASDAQ,GARCH,1,c233a1992db9852e,p=1 q=1,"{""p"": 1, ""q"": 1}",level,2025-12-05,2025-12-08,23578.130859375,23545.900390625,23545.900390625,23559.573454356912,23545.900390625,23559.573454356912,0.0076119578443467,13.673063731912407,0.05806982746498177,0.05806982746498177,pure_test,held_out_pure_test
NASDAQ,GARCH,1,c233a1992db9852e,p=1 q=1,"{""p"": 1, ""q"": 1}",level,2025-12-08,2025-12-09,23545.900390625,23576.490234375,23576.490234375,23530.69138140482,23576.490234375,23530.69138140482,0.0076119578443467,-45.79885297017972,-0.19425645002666286,0.19425645002666286,pure_test,held_out_pure_test
NASDAQ,GARCH,1,c233a1992db9852e,p=1 q=1,"{""p"": 1, ""q"": 1}",level,2025-12-09,2025-12-10,23576.490234375,23654.150390625,23654.150390625,23559.28211980624,23654.150390625,23559.28211980624,0.0076119578443467,-94.8682708187589,-0.4010639539028155,0.4010639539028155,pure_test,held_out_pure_test
NASDAQ,GARCH,1,c233a1992db9852e,p=1 q=1,"{""p"": 1, ""q"": 1}",level,2025-12-10,2025-12-11,23654.150390625,23593.859375,23593.859375,23635.444376575433,23593.859375,23635.444376575433,0.0076119578443467,41.585001575433125,0.17625349424391543,0.17625349424391543,pure_test,held_out_pure_test
NASDAQ,GARCH,1,c233a1992db9852e,p=1 q=1,"{""p"": 1, ""q"": 1}",level,2025-12-11,2025-12-12,23593.859375,23195.169921875,23195.169921875,23579.543325192302,23195.169921875,23579.543325192302,0.0076119578443467,384.3734033173023,1.657126913111362,1.657126913111362,pure_test,held_out_pure_test
NASDAQ,GARCH,1,c233a1992db9852e,p=1 q=1,"{""p"": 1, ""q"": 1}",level,2025-12-12,2025-12-15,23195.169921875,23057.41015625,23057.41015625,23191.622588417715,23057.41015625,23191.622588417715,0.0076119578443467,134.21243216771472,0.582079389047667,0.582079389047667,pure_test,held_out_pure_test
NASDAQ,GARCH,1,c233a1992db9852e,p=1 q=1,"{""p"": 1, ""q"": 1}",level,2025-12-15,2025-12-16,23057.41015625,23111.4609375,23111.4609375,23045.55936308159,23111.4609375,23045.55936308159,0.0076119578443467,-65.90157441841075,-0.2851467269707763,0.2851467269707763,pure_test,held_out_pure_test
NASDAQ,GARCH,1,c233a1992db9852e,p=1 q=1,"{""p"": 1, ""q"": 1}",level,2025-12-16,2025-12-17,23111.4609375,22693.3203125,22693.3203125,23093.506235024044,22693.3203125,23093.506235024044,0.0076119578443467,400.18592252404414,1.7634524918048797,1.7634524918048797,pure_test,held_out_pure_test
NASDAQ,GARCH,1,c233a1992db9852e,p=1 q=1,"{""p"": 1, ""q"": 1}",level,2025-12-17,2025-12-18,22693.3203125,23006.359375,23006.359375,22690.39196580327,23006.359375,22690.39196580327,0.0076119578443467,-315.96740919673175,-1.3733916090178078,1.3733916090178078,pure_test,held_out_pure_test
NASDAQ,GARCH,1,c233a1992db9852e,p=1 q=1,"{""p"": 1, ""q"": 1}",level,2025-12-18,2025-12-19,23006.359375,23307.619140625,23307.619140625,22980.162993397313,23307.619140625,22980.162993397313,0.0076119578443467,-327.4561472276873,-1.4049317746784946,1.4049317746784946,pure_test,held_out_pure_test
NASDAQ,GARCH,1,c233a1992db9852e,p=1 q=1,"{""p"": 1, ""q"": 1}",level,2025-12-19,2025-12-22,23307.619140625,23428.830078125,23428.830078125,23281.797606813547,23428.830078125,23281.797606813547,0.0076119578443467,-147.03247131145326,-0.6275706931210976,0.6275706931210976,pure_test,held_out_pure_test
NASDAQ,GARCH,1,c233a1992db9852e,p=1 q=1,"{""p"": 1, ""q"": 1}",level,2025-12-22,2025-12-23,23428.830078125,23561.83984375,23561.83984375,23408.738165211405,23561.83984375,23408.738165211405,0.0076119578443467,-153.10167853859457,-0.6497866022088519,0.6497866022088519,pure_test,held_out_pure_test
NASDAQ,GARCH,1,c233a1992db9852e,p=1 q=1,"{""p"": 1, ""q"": 1}",level,2025-12-23,2025-12-24,23561.83984375,23613.310546875,23613.310546875,23541.372461510116,23613.310546875,23541.372461510116,0.0076119578443467,-71.93808536488359,-0.3046505707959866,0.3046505707959866,pure_test,held_out_pure_test
NASDAQ,GARCH,1,c233a1992db9852e,p=1 q=1,"{""p"": 1, ""q"": 1}",level,2025-12-24,2025-12-26,23613.310546875,23593.099609375,23593.099609375,23595.437949179715,23593.099609375,23595.437949179715,0.0076119578443467,2.3383398047153605,0.009911117417510471,0.009911117417510471,pure_test,held_out_pure_test
NASDAQ,GARCH,1,c233a1992db9852e,p=1 q=1,"{""p"": 1, ""q"": 1}",level,2025-12-26,2025-12-29,23593.099609375,23474.349609375,23474.349609375,23577.50810748242,23474.349609375,23577.50810748242,0.0076119578443467,103.15849810741929,0.43945199685626507,0.43945199685626507,pure_test,held_out_pure_test
NASDAQ,GARCH,1,c233a1992db9852e,p=1 q=1,"{""p"": 1, ""q"": 1}",level,2025-12-29,2025-12-30,23474.349609375,23419.080078125,23419.080078125,23461.89387613826,23419.080078125,23461.89387613826,0.0076119578443467,42.81379801325966,0.18281588290588166,0.18281588290588166,pure_test,held_out_pure_test
NASDAQ,GARCH,1,c233a1992db9852e,p=1 q=1,"{""p"": 1, ""q"": 1}",level,2025-12-30,2025-12-31,23419.080078125,23241.990234375,23241.990234375,23404.604231654845,23241.990234375,23404.604231654845,0.0076119578443467,162.61399727984463,0.6996560778144457,0.6996560778144457,pure_test,held_out_pure_test
NASDAQ,GARCH,1,c233a1992db9852e,p=1 q=1,"{""p"": 1, ""q"": 1}",level,2025-12-31,2026-01-02,23241.990234375,23235.630859375,23235.630859375,23231.391026345387,23235.630859375,23231.391026345387,0.0076119578443467,-4.239833029612782,-0.018247118209412057,0.018247118209412057,pure_test,held_out_pure_test
NASDAQ,GARCH,1,c233a1992db9852e,p=1 q=1,"{""p"": 1, ""q"": 1}",level,2026-01-02,2026-01-05,23235.630859375,23395.8203125,23395.8203125,23219.598564821925,23395.8203125,23219.598564821925,0.0076119578443467,-176.2217476780752,-0.7532189310922465,0.7532189310922465,pure_test,held_out_pure_test
NASDAQ,GARCH,1,c233a1992db9852e,p=1 q=1,"{""p"": 1, ""q"": 1}",level,2026-01-05,2026-01-06,23395.8203125,23547.169921875,23547.169921875,23374.488002078582,23547.169921875,23374.488002078582,0.0076119578443467,-172.6819197964178,-0.7333446880000583,0.7333446880000583,pure_test,held_out_pure_test
NASDAQ,GARCH,1,c233a1992db9852e,p=1 q=1,"{""p"": 1, ""q"": 1}",level,2026-01-06,2026-01-07,23547.169921875,23584.279296875,23584.279296875,23526.11891821915,23584.279296875,23526.11891821915,0.0076119578443467,-58.16037865585167,-0.24660655483145558,0.24660655483145558,pure_test,held_out_pure_test
NASDAQ,GARCH,1,c233a1992db9852e,p=1 q=1,"{""p"": 1, ""q"": 1}",level,2026-01-07,2026-01-08,23584.279296875,23480.01953125,23480.01953125,23566.863713905124,23480.01953125,23566.863713905124,0.0076119578443467,86.84418265512431,0.3698641840546246,0.3698641840546246,pure_test,held_out_pure_test
NASDAQ,GARCH,1,c233a1992db9852e,p=1 q=1,"{""p"": 1, ""q"": 1}",level,2026-01-08,2026-01-09,23480.01953125,23671.349609375,23671.349609375,23467.10268115649,23671.349609375,23467.10268115649,0.0076119578443467,-204.2469282185084,-0.8628444579164034,0.8628444579164034,pure_test,held_out_pure_test
NASDAQ,GARCH,1,c233a1992db9852e,p=1 q=1,"{""p"": 1, ""q"": 1}",level,2026-01-09,2026-01-12,23671.349609375,23733.900390625,23733.900390625,23649.026323463044,23733.900390625,23649.026323463044,0.0076119578443467,-84.87406716195619,-0.35760690727210537,0.35760690727210537,pure_test,held_out_pure_test
NASDAQ,GARCH,1,c233a1992db9852e,p=1 q=1,"{""p"": 1, ""q"": 1}",level,2026-01-12,2026-01-13,23733.900390625,23709.869140625,23709.869140625,23715.675196093423,23709.869140625,23715.675196093423,0.0076119578443467,5.806055468423438,0.02448792709056001,0.02448792709056001,pure_test,held_out_pure_test
NASDAQ,GARCH,1,c233a1992db9852e,p=1 q=1,"{""p"": 1, ""q"": 1}",level,2026-01-13,2026-01-14,23709.869140625,23471.75,23471.75,23694.399210989035,23471.75,23694.399210989035,0.0076119578443467,222.64921098903505,0.9485837698042756,0.9485837698042756,pure_test,held_out_pure_test
NASDAQ,GARCH,1,c233a1992db9852e,p=1 q=1,"{""p"": 1, ""q"": 1}",level,2026-01-14,2026-01-15,23471.75,23530.01953125,23530.01953125,23463.092902554486,23530.01953125,23463.092902554486,0.0076119578443467,-66.9266286955135,-0.2844308250854993,0.2844308250854993,pure_test,held_out_pure_test
NASDAQ,GARCH,1,c233a1992db9852e,p=1 q=1,"{""p"": 1, ""q"": 1}",level,2026-01-15,2026-01-16,23530.01953125,23515.390625,23515.390625,23511.93057720232,23515.390625,23511.93057720232,0.0076119578443467,-3.4600477976782713,-0.014713971172563805,0.014713971172563805,pure_test,held_out_pure_test
NASDAQ,GARCH,1,c233a1992db9852e,p=1 q=1,"{""p"": 1, ""q"": 1}",level,2026-01-16,2026-01-20,23515.390625,22954.3203125,22954.3203125,23499.621488388904,22954.3203125,23499.621488388904,0.0076119578443467,545.3011758889043,2.375592779333811,2.375592779333811,pure_test,held_out_pure_test
NASDAQ,GARCH,1,c233a1992db9852e,p=1 q=1,"{""p"": 1, ""q"": 1}",level,2026-01-20,2026-01-21,22954.3203125,23224.8203125,23224.8203125,22955.94035933047,23224.8203125,22955.94035933047,0.0076119578443467,-268.8799531695295,-1.1577267317965583,1.1577267317965583,pure_test,held_out_pure_test
NASDAQ,GARCH,1,c233a1992db9852e,p=1 q=1,"{""p"": 1, ""q"": 1}",level,2026-01-21,2026-01-22,23224.8203125,23436.01953125,23436.01953125,23199.97763424553,23436.01953125,23199.97763424553,0.0076119578443467,-236.04189700447023,-1.0071757138183293,1.0071757138183293,pure_test,held_out_pure_test
NASDAQ,GARCH,1,c233a1992db9852e,p=1 q=1,"{""p"": 1, ""q"": 1}",level,2026-01-22,2026-01-23,23436.01953125,23501.240234375,23501.240234375,23413.063957727325,23501.240234375,23413.063957727325,0.0076119578443467,-88.17627664767497,-0.3751983970560861,0.3751983970560861,pure_test,held_out_pure_test
NASDAQ,GARCH,1,c233a1992db9852e,p=1 q=1,"{""p"": 1, ""q"": 1}",level,2026-01-23,2026-01-26,23501.240234375,23601.359375,23601.359375,23482.930076001503,23601.359375,23482.930076001503,0.0076119578443467,-118.42929899849696,-0.5017901601207958,0.5017901601207958,pure_test,held_out_pure_test
NASDAQ,GARCH,1,c233a1992db9852e,p=1 q=1,"{""p"": 1, ""q"": 1}",level,2026-01-26,2026-01-27,23601.359375,23817.099609375,23817.099609375,23581.938657791517,23817.099609375,23581.938657791517,0.0076119578443467,-235.16095158348253,-0.987361834313853,0.987361834313853,pure_test,held_out_pure_test
NASDAQ,GARCH,1,c233a1992db9852e,p=1 q=1,"{""p"": 1, ""q"": 1}",level,2026-01-27,2026-01-28,23817.099609375,23857.44921875,23857.44921875,23793.999528952205,23857.44921875,23793.999528952205,0.0076119578443467,-63.449689797795145,-0.2659533683421985,0.2659533683421985,pure_test,held_out_pure_test
NASDAQ,GARCH,1,c233a1992db9852e,p=1 q=1,"{""p"": 1, ""q"": 1}",level,2026-01-28,2026-01-29,23857.44921875,23685.119140625,23685.119140625,23839.93052311462,23685.119140625,23839.93052311462,0.0076119578443467,154.81138248962088,0.6536229839945645,0.6536229839945645,pure_test,held_out_pure_test
NASDAQ,GARCH,1,c233a1992db9852e,p=1 q=1,"{""p"": 1, ""q"": 1}",level,2026-01-29,2026-01-30,23685.119140625,23461.8203125,23461.8203125,23674.36846450266,23461.8203125,23674.36846450266,0.0076119578443467,212.54815200265875,0.9059320597107176,0.9059320597107176,pure_test,held_out_pure_test
NASDAQ,GARCH,1,c233a1992db9852e,p=1 q=1,"{""p"": 1, ""q"": 1}",level,2026-01-30,2026-02-02,23461.8203125,23592.109375,23592.109375,23452.691594255302,23592.109375,23452.691594255302,0.0076119578443467,-139.41778074469767,-0.5909508917945057,0.5909508917945057,pure_test,held_out_pure_test
NASDAQ,GARCH,1,c233a1992db9852e,p=1 q=1,"{""p"": 1, ""q"": 1}",level,2026-02-02,2026-02-03,23592.109375,23255.189453125,23255.189453125,23571.728572593176,23255.189453125,23571.728572593176,0.0076119578443467,316.53911946817607,1.3611547655039207,1.3611547655039207,pure_test,held_out_pure_test
NASDAQ,GARCH,1,c233a1992db9852e,p=1 q=1,"{""p"": 1, ""q"": 1}",level,2026-02-03,2026-02-04,23255.189453125,22904.580078125,22904.580078125,23249.676452905056,22904.580078125,23249.676452905056,0.0076119578443467,345.09637478005607,1.506669729822465,1.506669729822465,pure_test,held_out_pure_test
NASDAQ,GARCH,1,c233a1992db9852e,p=1 q=1,"{""p"": 1, ""q"": 1}",level,2026-02-04,2026-02-05,22904.580078125,22540.58984375,22540.58984375,22899.5027118246,22540.58984375,22899.5027118246,0.0076119578443467,358.9128680745998,1.592295811966599,1.592295811966599,pure_test,held_out_pure_test
NASDAQ,GARCH,1,c233a1992db9852e,p=1 q=1,"{""p"": 1, ""q"": 1}",level,2026-02-05,2026-02-06,22540.58984375,23031.2109375,23031.2109375,22535.93829111529,23031.2109375,22535.93829111529,0.0076119578443467,-495.27264638471024,-2.150441189257204,2.150441189257204,pure_test,held_out_pure_test
NASDAQ,GARCH,1,c233a1992db9852e,p=1 q=1,"{""p"": 1, ""q"": 1}",level,2026-02-06,2026-02-09,23031.2109375,23238.669921875,23238.669921875,22999.36343487681,23238.669921875,22999.36343487681,0.0076119578443467,-239.30648699818994,-1.029777038886921,1.029777038886921,pure_test,held_out_pure_test
NASDAQ,GARCH,1,c233a1992db9852e,p=1 q=1,"{""p"": 1, ""q"": 1}",level,2026-02-09,2026-02-10,23238.669921875,23102.470703125,23102.470703125,23215.83337231522,23102.470703125,23215.83337231522,0.0076119578443467,113.36266919022091,0.49069500248251235,0.49069500248251235,pure_test,held_out_pure_test
NASDAQ,GARCH,1,c233a1992db9852e,p=1 q=1,"{""p"": 1, ""q"": 1}",level,2026-02-10,2026-02-11,23102.470703125,23066.470703125,23066.470703125,23090.57024930575,23066.470703125,23090.57024930575,0.0076119578443467,24.09954618075062,0.10447868896339509,0.10447868896339509,pure_test,held_out_pure_test
NASDAQ,GARCH,1,c233a1992db9852e,p=1 q=1,"{""p"": 1, ""q"": 1}",level,2026-02-11,2026-02-12,23066.470703125,22597.150390625,22597.150390625,23051.381650170297,22597.150390625,23051.381650170297,0.0076119578443467,454.2312595452968,2.0101262844794188,2.0101262844794188,pure_test,held_out_pure_test
NASDAQ,GARCH,1,c233a1992db9852e,p=1 q=1,"{""p"": 1, ""q"": 1}",level,2026-02-12,2026-02-13,22597.150390625,22546.669921875,22546.669921875,22595.850714384494,22546.669921875,22595.850714384494,0.0076119578443467,49.180792509494495,0.2181288530852124,0.2181288530852124,pure_test,held_out_pure_test
NASDAQ,GARCH,1,c233a1992db9852e,p=1 q=1,"{""p"": 1, ""q"": 1}",level,2026-02-13,2026-02-17,22546.669921875,22578.380859375,22578.380859375,22532.04167500954,22578.380859375,22532.04167500954,0.0076119578443467,-46.339184365460824,-0.20523696829314428,0.20523696829314428,pure_test,held_out_pure_test
NASDAQ,GARCH,1,c233a1992db9852e,p=1 q=1,"{""p"": 1, ""q"": 1}",level,2026-02-17,2026-02-18,22578.380859375,22753.630859375,22753.630859375,22561.137068694126,22753.630859375,22561.137068694126,0.0076119578443467,-192.49379068087364,-0.8459915337053204,0.8459915337053204,pure_test,held_out_pure_test
NASDAQ,GARCH,1,c233a1992db9852e,p=1 q=1,"{""p"": 1, ""q"": 1}",level,2026-02-18,2026-02-19,22753.630859375,22682.73046875,22682.73046875,22731.81928327323,22682.73046875,22731.81928327323,0.0076119578443467,49.08881452323112,0.21641492672524934,0.21641492672524934,pure_test,held_out_pure_test
NASDAQ,GARCH,1,c233a1992db9852e,p=1 q=1,"{""p"": 1, ""q"": 1}",level,2026-02-19,2026-02-20,22682.73046875,22886.0703125,22886.0703125,22668.752036783782,22886.0703125,22668.752036783782,0.0076119578443467,-217.3182757162176,-0.9495657085241144,0.9495657085241144,pure_test,held_out_pure_test
NASDAQ,GARCH,1,c233a1992db9852e,p=1 q=1,"{""p"": 1, ""q"": 1}",level,2026-02-20,2026-02-23,22886.0703125,22627.26953125,22627.26953125,22863.36484468317,22627.26953125,22863.36484468317,0.0076119578443467,236.09531343316849,1.0434105321771268,1.0434105321771268,pure_test,held_out_pure_test
NASDAQ,GARCH,1,c233a1992db9852e,p=1 q=1,"{""p"": 1, ""q"": 1}",level,2026-02-23,2026-02-24,22627.26953125,22863.6796875,22863.6796875,22619.270577273463,22863.6796875,22619.270577273463,0.0076119578443467,-244.40911022653745,-1.068984142391395,1.068984142391395,pure_test,held_out_pure_test
NASDAQ,GARCH,1,c233a1992db9852e,p=1 q=1,"{""p"": 1, ""q"": 1}",level,2026-02-24,2026-02-25,22863.6796875,23152.080078125,23152.080078125,22839.921836529265,23152.080078125,22839.921836529265,0.0076119578443467,-312.1582415957346,-1.348294583218352,1.348294583218352,pure_test,held_out_pure_test
NASDAQ,GARCH,1,c233a1992db9852e,p=1 q=1,"{""p"": 1, ""q"": 1}",level,2026-02-25,2026-02-26,23152.080078125,22878.380859375,22878.380859375,23126.66776299328,22878.380859375,23126.66776299328,0.0076119578443467,248.2869036182783,1.0852468325639242,1.0852468325639242,pure_test,held_out_pure_test
NASDAQ,GARCH,1,c233a1992db9852e,p=1 q=1,"{""p"": 1, ""q"": 1}",level,2026-02-26,2026-02-27,22878.380859375,22668.2109375,22668.2109375,22870.856012337867,22668.2109375,22870.856012337867,0.0076119578443467,202.64507483786656,0.893961483756228,0.893961483756228,pure_test,held_out_pure_test
NASDAQ,GARCH,1,c233a1992db9852e,p=1 q=1,"{""p"": 1, ""q"": 1}",level,2026-02-27,2026-03-02,22668.2109375,22748.859375,22748.859375,22658.664423391816,22748.859375,22658.664423391816,0.0076119578443467,-90.19495160818406,-0.3964812042721771,0.3964812042721771,pure_test,held_out_pure_test
NASDAQ,GARCH,1,c233a1992db9852e,p=1 q=1,"{""p"": 1, ""q"": 1}",level,2026-03-02,2026-03-03,22748.859375,22516.689453125,22516.689453125,22730.05826608713,22516.689453125,22730.05826608713,0.0076119578443467,213.3688129621296,0.9476029476105645,0.9476029476105645,pure_test,held_out_pure_test
NASDAQ,GARCH,1,c233a1992db9852e,p=1 q=1,"{""p"": 1, ""q"": 1}",level,2026-03-03,2026-03-04,22516.689453125,22807.48046875,22807.48046875,22507.843036101956,22807.48046875,22507.843036101956,0.0076119578443467,-299.6374326480436,-1.3137682308161842,1.3137682308161842,pure_test,held_out_pure_test
NASDAQ,GARCH,1,c233a1992db9852e,p=1 q=1,"{""p"": 1, ""q"": 1}",level,2026-03-04,2026-03-05,22807.48046875,22748.990234375,22748.990234375,22781.99207772764,22748.990234375,22781.99207772764,0.0076119578443467,33.00184335263839,0.14506948665690994,0.14506948665690994,pure_test,held_out_pure_test
NASDAQ,GARCH,1,c233a1992db9852e,p=1 q=1,"{""p"": 1, ""q"": 1}",level,2026-03-05,2026-03-06,22748.990234375,22387.6796875,22387.6796875,22734.616879035297,22387.6796875,22734.616879035297,0.0076119578443467,346.93719153529673,1.549679093046014,1.549679093046014,pure_test,held_out_pure_test
NASDAQ,GARCH,1,c233a1992db9852e,p=1 q=1,"{""p"": 1, ""q"": 1}",level,2026-03-06,2026-03-09,22387.6796875,22695.94921875,22695.94921875,22382.942860255836,22695.94921875,22382.942860255836,0.0076119578443467,-313.0063584941636,-1.3791287400113539,1.3791287400113539,pure_test,held_out_pure_test
NASDAQ,GARCH,1,c233a1992db9852e,p=1 q=1,"{""p"": 1, ""q"": 1}",level,2026-03-09,2026-03-10,22695.94921875,22697.099609375,22697.099609375,22669.904616007567,22697.099609375,22669.904616007567,0.0076119578443467,-27.1949933674332,-0.11981704198099545,0.11981704198099545,pure_test,held_out_pure_test
NASDAQ,GARCH,1,c233a1992db9852e,p=1 q=1,"{""p"": 1, ""q"": 1}",level,2026-03-10,2026-03-11,22697.099609375,22716.130859375,22716.130859375,22680.828334593556,22716.130859375,22680.828334593556,0.0076119578443467,-35.302524781443935,-0.15540729625122096,0.15540729625122096,pure_test,held_out_pure_test
NASDAQ,GARCH,1,c233a1992db9852e,p=1 q=1,"{""p"": 1, ""q"": 1}",level,2026-03-11,2026-03-12,22716.130859375,22311.98046875,22311.98046875,22699.290569251363,22311.98046875,22699.290569251363,0.0076119578443467,387.3101005013632,1.7358840065489791,1.7358840065489791,pure_test,held_out_pure_test
NASDAQ,GARCH,1,c233a1992db9852e,p=1 q=1,"{""p"": 1, ""q"": 1}",level,2026-03-12,2026-03-13,22311.98046875,22105.359375,22105.359375,22308.60691649389,22105.359375,22308.60691649389,0.0076119578443467,203.247541493889,0.9194491618342622,0.9194491618342622,pure_test,held_out_pure_test
NASDAQ,GARCH,1,c233a1992db9852e,p=1 q=1,"{""p"": 1, ""q"": 1}",level,2026-03-13,2026-03-16,22105.359375,22374.1796875,22374.1796875,22095.699927972455,22374.1796875,22095.699927972455,0.0076119578443467,-278.47975952754496,-1.2446479085136066,1.2446479085136066,pure_test,held_out_pure_test
NASDAQ,GARCH,1,c233a1992db9852e,p=1 q=1,"{""p"": 1, ""q"": 1}",level,2026-03-16,2026-03-17,22374.1796875,22479.529296875,22479.529296875,22349.3904612602,22479.529296875,22349.3904612602,0.0076119578443467,-130.1388356148018,-0.5789215329917655,0.5789215329917655,pure_test,held_out_pure_test
NASDAQ,GARCH,1,c233a1992db9852e,p=1 q=1,"{""p"": 1, ""q"": 1}",level,2026-03-17,2026-03-18,22479.529296875,22152.419921875,22152.419921875,22459.942132578984,22152.419921875,22459.942132578984,0.0076119578443467,307.52221070398446,1.3882104609271757,1.3882104609271757,pure_test,held_out_pure_test
NASDAQ,GARCH,1,c233a1992db9852e,p=1 q=1,"{""p"": 1, ""q"": 1}",level,2026-03-18,2026-03-19,22152.419921875,22090.689453125,22090.689453125,22146.594724597293,22090.689453125,22146.594724597293,0.0076119578443467,55.90527147229295,0.2530716462739666,0.2530716462739666,pure_test,held_out_pure_test
NASDAQ,GARCH,1,c233a1992db9852e,p=1 q=1,"{""p"": 1, ""q"": 1}",level,2026-03-19,2026-03-20,22090.689453125,21647.609375,21647.609375,22076.4192104508,21647.609375,22076.4192104508,0.0076119578443467,428.80983545080016,1.9808646212270271,1.9808646212270271,pure_test,held_out_pure_test
NASDAQ,GARCH,1,c233a1992db9852e,p=1 q=1,"{""p"": 1, ""q"": 1}",level,2026-03-20,2026-03-23,21647.609375,21946.759765625,21946.759765625,21645.474666414077,21946.759765625,21645.474666414077,0.0076119578443467,-301.28509921092336,-1.372799914103144,1.372799914103144,pure_test,held_out_pure_test
NASDAQ,GARCH,1,c233a1992db9852e,p=1 q=1,"{""p"": 1, ""q"": 1}",level,2026-03-23,2026-03-24,21946.759765625,21761.890625,21761.890625,21921.00535759941,21761.890625,21921.00535759941,0.0076119578443467,159.11473259940976,0.731162265913694,0.731162265913694,pure_test,held_out_pure_test
NASDAQ,GARCH,1,c233a1992db9852e,p=1 q=1,"{""p"": 1, ""q"": 1}",level,2026-03-24,2026-03-25,21761.890625,21929.8203125,21929.8203125,21751.538974382504,21929.8203125,21751.538974382504,0.0076119578443467,-178.2813381174965,-0.8129630593273768,0.8129630593273768,pure_test,held_out_pure_test
NASDAQ,GARCH,1,c233a1992db9852e,p=1 q=1,"{""p"": 1, ""q"": 1}",level,2026-03-25,2026-03-26,21929.8203125,21408.080078125,21408.080078125,21908.241687736572,21408.080078125,21908.241687736572,0.0076119578443467,500.1616096115722,2.3363216495188777,2.3363216495188777,pure_test,held_out_pure_test
NASDAQ,GARCH,1,c233a1992db9852e,p=1 q=1,"{""p"": 1, ""q"": 1}",level,2026-03-26,2026-03-27,21408.080078125,20948.359375,20948.359375,21408.448539816673,20948.359375,21408.448539816673,0.0076119578443467,460.08916481667256,2.19630166057657,2.19630166057657,pure_test,held_out_pure_test
NASDAQ,GARCH,1,c233a1992db9852e,p=1 q=1,"{""p"": 1, ""q"": 1}",level,2026-03-27,2026-03-30,20948.359375,20794.640625,20794.640625,20946.75421428032,20794.640625,20946.75421428032,0.0076119578443467,152.11358928032132,0.7315038140041015,0.7315038140041015,pure_test,held_out_pure_test
NASDAQ,GARCH,1,c233a1992db9852e,p=1 q=1,"{""p"": 1, ""q"": 1}",level,2026-03-30,2026-03-31,20794.640625,21590.630859375,21590.630859375,20783.29768812444,21590.630859375,20783.29768812444,0.0076119578443467,-807.3331712505606,-3.7392755056992857,3.7392755056992857,pure_test,held_out_pure_test
NASDAQ,GARCH,2,f5f01a0430640286,p=1 q=2,"{""p"": 1, ""q"": 2}",level,2022-02-01,2022-02-02,14346.0,14417.5498046875,14417.5498046875,,14417.5498046875,,0.0171122499741613,,,,fit_period,model_fit_period
NASDAQ,GARCH,2,f5f01a0430640286,p=1 q=2,"{""p"": 1, ""q"": 2}",level,2022-02-02,2022-02-03,14417.5498046875,13878.8203125,13878.8203125,14398.841772164376,13878.8203125,14398.841772164376,0.0171122499741613,520.0214596643764,3.7468707567026973,3.7468707567026973,fit_period,model_fit_period
NASDAQ,GARCH,2,f5f01a0430640286,p=1 q=2,"{""p"": 1, ""q"": 2}",level,2022-02-03,2022-02-04,13878.8203125,14098.009765625,14098.009765625,13878.62862882456,14098.009765625,13878.62862882456,0.0171122499741613,-219.3811368004408,-1.5561142348997024,1.5561142348997024,fit_period,model_fit_period
NASDAQ,GARCH,2,f5f01a0430640286,p=1 q=2,"{""p"": 1, ""q"": 2}",level,2022-02-04,2022-02-07,14098.009765625,14015.669921875,14015.669921875,14074.822231260316,14015.669921875,14074.822231260316,0.0171122499741613,59.152309385315675,0.4220441100214091,0.4220441100214091,fit_period,model_fit_period
NASDAQ,GARCH,2,f5f01a0430640286,p=1 q=2,"{""p"": 1, ""q"": 2}",level,2022-02-07,2022-02-08,14015.669921875,14194.4501953125,14194.4501953125,14001.631021057814,14194.4501953125,14001.631021057814,0.0171122499741613,-192.819174254686,-1.3584124189492144,1.3584124189492144,fit_period,model_fit_period
NASDAQ,GARCH,2,f5f01a0430640286,p=1 q=2,"{""p"": 1, ""q"": 2}",level,2022-02-08,2022-02-09,14194.4501953125,14490.3701171875,14490.3701171875,14172.488706910006,14490.3701171875,14172.488706910006,0.0171122499741613,-317.88141027749407,-2.193742518008181,2.193742518008181,fit_period,model_fit_period
NASDAQ,GARCH,2,f5f01a0430640286,p=1 q=2,"{""p"": 1, ""q"": 2}",level,2022-02-09,2022-02-10,14490.3701171875,14185.6396484375,14185.6396484375,14464.854520681602,14185.6396484375,14464.854520681602,0.0171122499741613,279.21487224410157,1.968292436322081,1.968292436322081,fit_period,model_fit_period
NASDAQ,GARCH,2,f5f01a0430640286,p=1 q=2,"{""p"": 1, ""q"": 2}",level,2022-02-10,2022-02-11,14185.6396484375,13791.150390625,13791.150390625,14178.34825226948,13791.150390625,14178.34825226948,0.0171122499741613,387.1978616444794,2.8075820412174624,2.8075820412174624,fit_period,model_fit_period
NASDAQ,GARCH,2,f5f01a0430640286,p=1 q=2,"{""p"": 1, ""q"": 2}",level,2022-02-11,2022-02-14,13791.150390625,13790.919921875,13790.919921875,13786.58234597642,13790.919921875,13786.58234597642,0.0171122499741613,-4.337575898580326,-0.03145240435846569,0.03145240435846569,fit_period,model_fit_period
NASDAQ,GARCH,2,f5f01a0430640286,p=1 q=2,"{""p"": 1, ""q"": 2}",level,2022-02-14,2022-02-15,13790.919921875,14139.759765625,14139.759765625,13774.389758714571,14139.759765625,13774.389758714571,0.0171122499741613,-365.37000691042886,-2.5839902018609644,2.5839902018609644,fit_period,model_fit_period
NASDAQ,GARCH,2,f5f01a0430640286,p=1 q=2,"{""p"": 1, ""q"": 2}",level,2022-02-15,2022-02-16,14139.759765625,14124.08984375,14124.08984375,14112.638537501827,14124.08984375,14112.638537501827,0.0171122499741613,-11.451306248172841,-0.08107641890454355,0.08107641890454355,fit_period,model_fit_period
NASDAQ,GARCH,2,f5f01a0430640286,p=1 q=2,"{""p"": 1, ""q"": 2}",level,2022-02-16,2022-02-17,14124.08984375,13716.7197265625,13716.7197265625,14108.028125613911,13716.7197265625,14108.028125613911,0.0171122499741613,391.30839905141147,2.852784097451818,2.852784097451818,fit_period,model_fit_period
NASDAQ,GARCH,2,f5f01a0430640286,p=1 q=2,"{""p"": 1, ""q"": 2}",level,2022-02-17,2022-02-18,13716.7197265625,13548.0703125,13548.0703125,13712.542497212533,13548.0703125,13712.542497212533,0.0171122499741613,164.4721847125329,1.2139897484941762,1.2139897484941762,fit_period,model_fit_period
NASDAQ,GARCH,2,f5f01a0430640286,p=1 q=2,"{""p"": 1, ""q"": 2}",level,2022-02-18,2022-02-22,13548.0703125,13381.51953125,13381.51953125,13536.65011122085,13381.51953125,13536.65011122085,0.0171122499741613,155.1305799708498,1.1592897174986125,1.1592897174986125,fit_period,model_fit_period
NASDAQ,GARCH,2,f5f01a0430640286,p=1 q=2,"{""p"": 1, ""q"": 2}",level,2022-02-22,2022-02-23,13381.51953125,13037.490234375,13037.490234375,13370.035655817952,13037.490234375,13370.035655817952,0.0171122499741613,332.5454214429519,2.5506858717803955,2.5506858717803955,fit_period,model_fit_period
NASDAQ,GARCH,2,f5f01a0430640286,p=1 q=2,"{""p"": 1, ""q"": 2}",level,2022-02-23,2022-02-24,13037.490234375,13473.58984375,13473.58984375,13031.39119523858,13473.58984375,13031.39119523858,0.0171122499741613,-442.1986485114194,-3.281966080602804,3.281966080602804,fit_period,model_fit_period
NASDAQ,GARCH,2,f5f01a0430640286,p=1 q=2,"{""p"": 1, ""q"": 2}",level,2022-02-24,2022-02-25,13473.58984375,13694.6201171875,13694.6201171875,13443.821086423472,13694.6201171875,13443.821086423472,0.0171122499741613,-250.79903076402843,-1.8313690238786682,1.8313690238786682,fit_period,model_fit_period
NASDAQ,GARCH,2,f5f01a0430640286,p=1 q=2,"{""p"": 1, ""q"": 2}",level,2022-02-25,2022-02-28,13694.6201171875,13751.400390625,13751.400390625,13671.376730901822,13751.400390625,13671.376730901822,0.0171122499741613,-80.02365972317784,-0.5819309848452516,0.5819309848452516,fit_period,model_fit_period
NASDAQ,GARCH,2,f5f01a0430640286,p=1 q=2,"{""p"": 1, ""q"": 2}",level,2022-02-28,2022-03-01,13751.400390625,13532.4599609375,13532.4599609375,13733.14047717513,13532.4599609375,13733.14047717513,0.0171122499741613,200.6805162376295,1.4829566598896982,1.4829566598896982,fit_period,model_fit_period
NASDAQ,GARCH,2,f5f01a0430640286,p=1 q=2,"{""p"": 1, ""q"": 2}",level,2022-03-01,2022-03-02,13532.4599609375,13752.01953125,13752.01953125,13522.56562821392,13752.01953125,13522.56562821392,0.0171122499741613,-229.45390303607928,-1.6685105959504327,1.6685105959504327,fit_period,model_fit_period
NASDAQ,GARCH,2,f5f01a0430640286,p=1 q=2,"{""p"": 1, ""q"": 2}",level,2022-03-02,2022-03-03,13752.01953125,13537.9404296875,13537.9404296875,13728.820767241785,13537.9404296875,13728.820767241785,0.0171122499741613,190.88033755428478,1.4099658551879957,1.4099658551879957,fit_period,model_fit_period
NASDAQ,GARCH,2,f5f01a0430640286,p=1 q=2,"{""p"": 1, ""q"": 2}",level,2022-03-03,2022-03-04,13537.9404296875,13313.4404296875,13313.4404296875,13527.898600485036,13313.4404296875,13527.898600485036,0.0171122499741613,214.4581707975358,1.6108396017555144,1.6108396017555144,fit_period,model_fit_period
NASDAQ,GARCH,2,f5f01a0430640286,p=1 q=2,"{""p"": 1, ""q"": 2}",level,2022-03-04,2022-03-07,13313.4404296875,12830.9599609375,12830.9599609375,13303.714778654215,12830.9599609375,13303.714778654215,0.0171122499741613,472.7548177167155,3.6844851761362167,3.6844851761362167,fit_period,model_fit_period
NASDAQ,GARCH,2,f5f01a0430640286,p=1 q=2,"{""p"": 1, ""q"": 2}",level,2022-03-07,2022-03-08,12830.9599609375,12795.5498046875,12795.5498046875,12829.06163811234,12795.5498046875,12829.06163811234,0.0171122499741613,33.511833424840006,0.26190225458356886,0.26190225458356886,fit_period,model_fit_period
NASDAQ,GARCH,2,f5f01a0430640286,p=1 q=2,"{""p"": 1, ""q"": 2}",level,2022-03-08,2022-03-09,12795.5498046875,13255.5498046875,13255.5498046875,12780.08702062618,13255.5498046875,12780.08702062618,0.0171122499741613,-475.4627840613193,-3.586895987469215,3.586895987469215,fit_period,model_fit_period
NASDAQ,GARCH,2,f5f01a0430640286,p=1 q=2,"{""p"": 1, ""q"": 2}",level,2022-03-09,2022-03-10,13255.5498046875,13129.9599609375,13129.9599609375,13225.055890907732,13129.9599609375,13225.055890907732,0.0171122499741613,95.09592997023174,0.7242667171350745,0.7242667171350745,fit_period,model_fit_period
NASDAQ,GARCH,2,f5f01a0430640286,p=1 q=2,"{""p"": 1, ""q"": 2}",level,2022-03-10,2022-03-11,13129.9599609375,12843.8095703125,12843.8095703125,13117.233298781795,12843.8095703125,13117.233298781795,0.0171122499741613,273.4237284692954,2.128836673982568,2.128836673982568,fit_period,model_fit_period
NASDAQ,GARCH,2,f5f01a0430640286,p=1 q=2,"{""p"": 1, ""q"": 2}",level,2022-03-11,2022-03-14,12843.8095703125,12581.2197265625,12581.2197265625,12835.95444011329,12581.2197265625,12835.95444011329,0.0171122499741613,254.73471355078982,2.0247219195526256,2.0247219195526256,fit_period,model_fit_period
NASDAQ,GARCH,2,f5f01a0430640286,p=1 q=2,"{""p"": 1, ""q"": 2}",level,2022-03-14,2022-03-15,12581.2197265625,12948.6201171875,12948.6201171875,12572.649751033923,12948.6201171875,12572.649751033923,0.0171122499741613,-375.97036615357683,-2.9035554580408784,2.9035554580408784,fit_period,model_fit_period
NASDAQ,GARCH,2,f5f01a0430640286,p=1 q=2,"{""p"": 1, ""q"": 2}",level,2022-03-15,2022-03-16,12948.6201171875,13436.5498046875,13436.5498046875,12920.935747626463,13436.5498046875,12920.935747626463,0.0171122499741613,-515.6140570610369,-3.8373992174773823,3.8373992174773823,fit_period,model_fit_period
NASDAQ,GARCH,2,f5f01a0430640286,p=1 q=2,"{""p"": 1, ""q"": 2}",level,2022-03-16,2022-03-17,13436.5498046875,13614.7802734375,13614.7802734375,13405.2084824513,13614.7802734375,13405.2084824513,0.0171122499741613,-209.57179098619963,-1.5392961676735626,1.5392961676735626,fit_period,model_fit_period
NASDAQ,GARCH,2,f5f01a0430640286,p=1 q=2,"{""p"": 1, ""q"": 2}",level,2022-03-17,2022-03-18,13614.7802734375,13893.83984375,13893.83984375,13592.83546653714,13893.83984375,13592.83546653714,0.0171122499741613,-301.00437721285925,-2.1664592409150516,2.1664592409150516,fit_period,model_fit_period
NASDAQ,GARCH,2,f5f01a0430640286,p=1 q=2,"{""p"": 1, ""q"": 2}",level,2022-03-18,2022-03-21,13893.83984375,13838.4599609375,13838.4599609375,13868.835803432925,13838.4599609375,13868.835803432925,0.0171122499741613,30.375842495424877,0.21950305583979907,0.21950305583979907,fit_period,model_fit_period
NASDAQ,GARCH,2,f5f01a0430640286,p=1 q=2,"{""p"": 1, ""q"": 2}",level,2022-03-21,2022-03-22,13838.4599609375,14108.8203125,14108.8203125,13823.603073922526,14108.8203125,13823.603073922526,0.0171122499741613,-285.21723857747384,-2.021552704337582,2.021552704337582,fit_period,model_fit_period
NASDAQ,GARCH,2,f5f01a0430640286,p=1 q=2,"{""p"": 1, ""q"": 2}",level,2022-03-22,2022-03-23,14108.8203125,13922.599609375,13922.599609375,14084.0802132504,13922.599609375,14084.0802132504,0.0171122499741613,161.48060387539954,1.1598452042437826,1.1598452042437826,fit_period,model_fit_period
NASDAQ,GARCH,2,f5f01a0430640286,p=1 q=2,"{""p"": 1, ""q"": 2}",level,2022-03-23,2022-03-24,13922.599609375,14191.83984375,14191.83984375,13911.712534681745,14191.83984375,13911.712534681745,0.0171122499741613,-280.1273090682553,-1.9738618258972365,1.9738618258972365,fit_period,model_fit_period
NASDAQ,GARCH,2,f5f01a0430640286,p=1 q=2,"{""p"": 1, ""q"": 2}",level,2022-03-24,2022-03-25,14191.83984375,14169.2998046875,14169.2998046875,14167.133729727657,14169.2998046875,14167.133729727657,0.0171122499741613,-2.166074959843172,-0.015287099501745241,0.015287099501745241,fit_period,model_fit_period
NASDAQ,GARCH,2,f5f01a0430640286,p=1 q=2,"{""p"": 1, ""q"": 2}",level,2022-03-25,2022-03-28,14169.2998046875,14354.900390625,14354.900390625,14153.446531253896,14354.900390625,14153.446531253896,0.0171122499741613,-201.45385937110404,-1.4033804059181836,1.4033804059181836,fit_period,model_fit_period
NASDAQ,GARCH,2,f5f01a0430640286,p=1 q=2,"{""p"": 1, ""q"": 2}",level,2022-03-28,2022-03-29,14354.900390625,14619.6396484375,14619.6396484375,14332.731968633008,14619.6396484375,14332.731968633008,0.0171122499741613,-286.90767980449164,-1.962481201341754,1.962481201341754,fit_period,model_fit_period
NASDAQ,GARCH,2,f5f01a0430640286,p=1 q=2,"{""p"": 1, ""q"": 2}",level,2022-03-29,2022-03-30,14619.6396484375,14442.26953125,14442.26953125,14595.070097547174,14442.26953125,14595.070097547174,0.0171122499741613,152.80056629717365,1.0580093798038162,1.0580093798038162,fit_period,model_fit_period
NASDAQ,GARCH,2,f5f01a0430640286,p=1 q=2,"{""p"": 1, ""q"": 2}",level,2022-03-30,2022-03-31,14442.26953125,14220.51953125,14220.51953125,14431.113922890989,14220.51953125,14431.113922890989,0.0171122499741613,210.59439164098876,1.4809191125415744,1.4809191125415744,fit_period,model_fit_period
NASDAQ,GARCH,2,f5f01a0430640286,p=1 q=2,"{""p"": 1, ""q"": 2}",level,2022-03-31,2022-04-01,14220.51953125,14261.5,14261.5,14210.71044307639,14261.5,14210.71044307639,0.0171122499741613,-50.78955692360978,-0.356130539730111,0.356130539730111,fit_period,model_fit_period
NASDAQ,GARCH,2,f5f01a0430640286,p=1 q=2,"{""p"": 1, ""q"": 2}",level,2022-04-01,2022-04-04,14261.5,14532.5498046875,14532.5498046875,14243.71946492134,14532.5498046875,14243.71946492134,0.0171122499741613,-288.83033976616025,-1.9874718727817295,1.9874718727817295,fit_period,model_fit_period
NASDAQ,GARCH,2,f5f01a0430640286,p=1 q=2,"{""p"": 1, ""q"": 2}",level,2022-04-04,2022-04-05,14532.5498046875,14204.169921875,14204.169921875,14507.788786893489,14204.169921875,14507.788786893489,0.0171122499741613,303.6188650184886,2.1375333207673273,2.1375333207673273,fit_period,model_fit_period
NASDAQ,GARCH,2,f5f01a0430640286,p=1 q=2,"{""p"": 1, ""q"": 2}",level,2022-04-05,2022-04-06,14204.169921875,13888.8203125,13888.8203125,14197.59606733598,13888.8203125,14197.59606733598,0.0171122499741613,308.7757548359805,2.223196411851343,2.223196411851343,fit_period,model_fit_period
NASDAQ,GARCH,2,f5f01a0430640286,p=1 q=2,"{""p"": 1, ""q"": 2}",level,2022-04-06,2022-04-07,13888.8203125,13897.2998046875,13897.2998046875,13881.851109323425,13897.2998046875,13881.851109323425,0.0171122499741613,-15.44869536407532,-0.11116328769754641,0.11116328769754641,fit_period,model_fit_period
NASDAQ,GARCH,2,f5f01a0430640286,p=1 q=2,"{""p"": 1, ""q"": 2}",level,2022-04-07,2022-04-08,13897.2998046875,13711.0,13711.0,13880.505374533264,13711.0,13880.505374533264,0.0171122499741613,169.50537453326433,1.2362728796824762,1.2362728796824762,fit_period,model_fit_period
NASDAQ,GARCH,2,f5f01a0430640286,p=1 q=2,"{""p"": 1, ""q"": 2}",level,2022-04-08,2022-04-11,13711.0,13411.9599609375,13411.9599609375,13700.115325309716,13411.9599609375,13700.115325309716,0.0171122499741613,288.15536437221635,2.1484955607642164,2.1484955607642164,fit_period,model_fit_period
NASDAQ,GARCH,2,f5f01a0430640286,p=1 q=2,"{""p"": 1, ""q"": 2}",level,2022-04-11,2022-04-12,13411.9599609375,13371.5703125,13371.5703125,13404.4959127039,13371.5703125,13404.4959127039,0.0171122499741613,32.9256002039001,0.2462358528909699,0.2462358528909699,fit_period,model_fit_period
NASDAQ,GARCH,2,f5f01a0430640286,p=1 q=2,"{""p"": 1, ""q"": 2}",level,2022-04-12,2022-04-13,13371.5703125,13643.58984375,13643.58984375,13356.258610107188,13643.58984375,13356.258610107188,0.0171122499741613,-287.33123364281164,-2.105979708664691,2.105979708664691,fit_period,model_fit_period
NASDAQ,GARCH,2,f5f01a0430640286,p=1 q=2,"{""p"": 1, ""q"": 2}",level,2022-04-13,2022-04-14,13643.58984375,13351.080078125,13351.080078125,13618.79940369734,13351.080078125,13618.79940369734,0.0171122499741613,267.7193255723396,2.0052259742714207,2.0052259742714207,fit_period,model_fit_period
NASDAQ,GARCH,2,f5f01a0430640286,p=1 q=2,"{""p"": 1, ""q"": 2}",level,2022-04-14,2022-04-18,13351.080078125,13332.3603515625,13332.3603515625,13343.417896312792,13332.3603515625,13343.417896312792,0.0171122499741613,11.057544750292436,0.08293763788792684,0.08293763788792684,fit_period,model_fit_period
NASDAQ,GARCH,2,f5f01a0430640286,p=1 q=2,"{""p"": 1, ""q"": 2}",level,2022-04-18,2022-04-19,13332.3603515625,13619.66015625,13619.66015625,13316.391166874297,13619.66015625,13316.391166874297,0.0171122499741613,-303.2689893757033,-2.2267001224442047,2.2267001224442047,fit_period,model_fit_period
NASDAQ,GARCH,2,f5f01a0430640286,p=1 q=2,"{""p"": 1, ""q"": 2}",level,2022-04-19,2022-04-20,13619.66015625,13453.0703125,13453.0703125,13594.406100808608,13453.0703125,13594.406100808608,0.0171122499741613,141.33578830860824,1.0505838817870836,1.0505838817870836,fit_period,model_fit_period
NASDAQ,GARCH,2,f5f01a0430640286,p=1 q=2,"{""p"": 1, ""q"": 2}",level,2022-04-20,2022-04-21,13453.0703125,13174.650390625,13174.650390625,13441.587622254605,13174.650390625,13441.587622254605,0.0171122499741613,266.93723162960487,2.026142809979654,2.026142809979654,fit_period,model_fit_period
NASDAQ,GARCH,2,f5f01a0430640286,p=1 q=2,"{""p"": 1, ""q"": 2}",level,2022-04-21,2022-04-22,13174.650390625,12839.2900390625,12839.2900390625,13166.56071198729,12839.2900390625,13166.56071198729,0.0171122499741613,327.2706729247893,2.548977956951629,2.548977956951629,fit_period,model_fit_period
NASDAQ,GARCH,2,f5f01a0430640286,p=1 q=2,"{""p"": 1, ""q"": 2}",level,2022-04-22,2022-04-25,12839.2900390625,13004.849609375,13004.849609375,12832.927977378256,13004.849609375,12832.927977378256,0.0171122499741613,-171.9216319967436,-1.3219809314273645,1.3219809314273645,fit_period,model_fit_period
NASDAQ,GARCH,2,f5f01a0430640286,p=1 q=2,"{""p"": 1, ""q"": 2}",level,2022-04-25,2022-04-26,13004.849609375,12490.740234375,12490.740234375,12983.289247394994,12490.740234375,12983.289247394994,0.0171122499741613,492.54901301999416,3.9433132366685544,3.9433132366685544,fit_period,model_fit_period
NASDAQ,GARCH,2,f5f01a0430640286,p=1 q=2,"{""p"": 1, ""q"": 2}",level,2022-04-26,2022-04-27,12490.740234375,12488.9296875,12488.9296875,12489.801557182249,12488.9296875,12489.801557182249,0.0171122499741613,0.871869682248871,0.006981140130218793,0.006981140130218793,fit_period,model_fit_period
NASDAQ,GARCH,2,f5f01a0430640286,p=1 q=2,"{""p"": 1, ""q"": 2}",level,2022-04-27,2022-04-28,12488.9296875,12871.5302734375,12871.5302734375,12472.447465139658,12871.5302734375,12472.447465139658,0.0171122499741613,-399.08280829784235,-3.1005078636330814,3.1005078636330814,fit_period,model_fit_period
NASDAQ,GARCH,2,f5f01a0430640286,p=1 q=2,"{""p"": 1, ""q"": 2}",level,2022-04-28,2022-04-29,12871.5302734375,12334.6396484375,12334.6396484375,12843.384718120367,12334.6396484375,12843.384718120367,0.0171122499741613,508.7450696828673,4.124523165517146,4.124523165517146,fit_period,model_fit_period
NASDAQ,GARCH,2,f5f01a0430640286,p=1 q=2,"{""p"": 1, ""q"": 2}",level,2022-04-29,2022-05-02,12334.6396484375,12536.01953125,12536.01953125,12334.3921721004,12536.01953125,12334.3921721004,0.0171122499741613,-201.62735914959922,-1.6083842135614033,1.6083842135614033,fit_period,model_fit_period
NASDAQ,GARCH,2,f5f01a0430640286,p=1 q=2,"{""p"": 1, ""q"": 2}",level,2022-05-02,2022-05-03,12536.01953125,12563.759765625,12563.759765625,12513.372353109788,12563.759765625,12513.372353109788,0.0171122499741613,-50.38741251521242,-0.401053613370375,0.401053613370375,fit_period,model_fit_period
NASDAQ,GARCH,2,f5f01a0430640286,p=1 q=2,"{""p"": 1, ""q"": 2}",level,2022-05-03,2022-05-04,12563.759765625,12964.8603515625,12964.8603515625,12546.380949562155,12964.8603515625,12546.380949562155,0.0171122499741613,-418.47940200034463,-3.2277972199670497,3.2277972199670497,fit_period,model_fit_period
NASDAQ,GARCH,2,f5f01a0430640286,p=1 q=2,"{""p"": 1, ""q"": 2}",level,2022-05-04,2022-05-05,12964.8603515625,12317.6904296875,12317.6904296875,12936.153491846811,12317.6904296875,12936.153491846811,0.0171122499741613,618.4630621593114,5.020933637597531,5.020933637597531,fit_period,model_fit_period
NASDAQ,GARCH,2,f5f01a0430640286,p=1 q=2,"{""p"": 1, ""q"": 2}",level,2022-05-05,2022-05-06,12317.6904296875,12144.66015625,12144.66015625,12320.788913047989,12144.66015625,12320.788913047989,0.0171122499741613,176.1287567979889,1.4502567756689992,1.4502567756689992,fit_period,model_fit_period
NASDAQ,GARCH,2,f5f01a0430640286,p=1 q=2,"{""p"": 1, ""q"": 2}",level,2022-05-06,2022-05-09,12144.66015625,11623.25,11623.25,12133.372873653912,11623.25,12133.372873653912,0.0171122499741613,510.1228736539124,4.388814433604305,4.388814433604305,fit_period,model_fit_period
NASDAQ,GARCH,2,f5f01a0430640286,p=1 q=2,"{""p"": 1, ""q"": 2}",level,2022-05-09,2022-05-10,11623.25,11737.669921875,11737.669921875,11622.532834192574,11737.669921875,11622.532834192574,0.0171122499741613,-115.13708768242577,-0.9809194537652626,0.9809194537652626,fit_period,model_fit_period
NASDAQ,GARCH,2,f5f01a0430640286,p=1 q=2,"{""p"": 1, ""q"": 2}",level,2022-05-10,2022-05-11,11737.669921875,11364.240234375,11364.240234375,11717.661176630589,11364.240234375,11717.661176630589,0.0171122499741613,353.42094225558867,3.109939027745534,3.109939027745534,fit_period,model_fit_period
NASDAQ,GARCH,2,f5f01a0430640286,p=1 q=2,"{""p"": 1, ""q"": 2}",level,2022-05-11,2022-05-12,11364.240234375,11370.9599609375,11370.9599609375,11359.033225972473,11370.9599609375,11359.033225972473,0.0171122499741613,-11.926734965027208,-0.10488767004719877,0.10488767004719877,fit_period,model_fit_period
NASDAQ,GARCH,2,f5f01a0430640286,p=1 q=2,"{""p"": 1, ""q"": 2}",level,2022-05-12,2022-05-13,11370.9599609375,11805.0,11805.0,11354.218923441951,11805.0,11354.218923441951,0.0171122499741613,-450.7810765580489,-3.818560580754332,3.818560580754332,fit_period,model_fit_period
NASDAQ,GARCH,2,f5f01a0430640286,p=1 q=2,"{""p"": 1, ""q"": 2}",level,2022-05-13,2022-05-16,11805.0,11662.7900390625,11662.7900390625,11775.293731639718,11662.7900390625,11775.293731639718,0.0171122499741613,112.50369257721832,0.9646378971104396,0.9646378971104396,fit_period,model_fit_period
NASDAQ,GARCH,2,f5f01a0430640286,p=1 q=2,"{""p"": 1, ""q"": 2}",level,2022-05-16,2022-05-17,11662.7900390625,11984.51953125,11984.51953125,11650.567644197708,11984.51953125,11650.567644197708,0.0171122499741613,-333.95188705229157,-2.7865271209371545,2.7865271209371545,fit_period,model_fit_period
NASDAQ,GARCH,2,f5f01a0430640286,p=1 q=2,"{""p"": 1, ""q"": 2}",level,2022-05-17,2022-05-18,11984.51953125,11418.150390625,11418.150390625,11958.220852293229,11418.150390625,11958.220852293229,0.0171122499741613,540.0704616682287,4.729929482376232,4.729929482376232,fit_period,model_fit_period
NASDAQ,GARCH,2,f5f01a0430640286,p=1 q=2,"{""p"": 1, ""q"": 2}",level,2022-05-18,2022-05-19,11418.150390625,11388.5,11388.5,11418.7973153951,11388.5,11418.7973153951,0.0171122499741613,30.297315395100668,0.2660342924450162,0.2660342924450162,fit_period,model_fit_period
NASDAQ,GARCH,2,f5f01a0430640286,p=1 q=2,"{""p"": 1, ""q"": 2}",level,2022-05-19,2022-05-20,11388.5,11354.6201171875,11354.6201171875,11372.862460166789,11354.6201171875,11372.862460166789,0.0171122499741613,18.24234297928888,0.16066009070330256,0.16066009070330256,fit_period,model_fit_period
NASDAQ,GARCH,2,f5f01a0430640286,p=1 q=2,"{""p"": 1, ""q"": 2}",level,2022-05-20,2022-05-23,11354.6201171875,11535.26953125,11535.26953125,11339.110903439072,11535.26953125,11339.110903439072,0.0171122499741613,-196.158627810928,-1.7005118716950485,1.7005118716950485,fit_period,model_fit_period
NASDAQ,GARCH,2,f5f01a0430640286,p=1 q=2,"{""p"": 1, ""q"": 2}",level,2022-05-23,2022-05-24,11535.26953125,11264.4501953125,11264.4501953125,11513.251331666192,11264.4501953125,11513.251331666192,0.0171122499741613,248.80113635369162,2.208728628914581,2.208728628914581,fit_period,model_fit_period
NASDAQ,GARCH,2,f5f01a0430640286,p=1 q=2,"{""p"": 1, ""q"": 2}",level,2022-05-24,2022-05-25,11264.4501953125,11434.740234375,11434.740234375,11256.129908981908,11434.740234375,11256.129908981908,0.0171122499741613,-178.61032539309235,-1.561997227153056,1.561997227153056,fit_period,model_fit_period
NASDAQ,GARCH,2,f5f01a0430640286,p=1 q=2,"{""p"": 1, ""q"": 2}",level,2022-05-25,2022-05-26,11434.740234375,11740.650390625,11740.650390625,11413.036346291396,11740.650390625,11413.036346291396,0.0171122499741613,-327.6140443336044,-2.7904250057152433,2.7904250057152433,fit_period,model_fit_period
NASDAQ,GARCH,2,f5f01a0430640286,p=1 q=2,"{""p"": 1, ""q"": 2}",level,2022-05-26,2022-05-27,11740.650390625,12131.1298828125,12131.1298828125,11714.831682632765,12131.1298828125,11714.831682632765,0.0171122499741613,-416.29820017973543,-3.431652320939624,3.431652320939624,fit_period,model_fit_period
NASDAQ,GARCH,2,f5f01a0430640286,p=1 q=2,"{""p"": 1, ""q"": 2}",level,2022-05-27,2022-05-31,12131.1298828125,12081.3896484375,12081.3896484375,12102.745275347588,12081.3896484375,12102.745275347588,0.0171122499741613,21.355626910088176,0.1767646564801436,0.1767646564801436,fit_period,model_fit_period
NASDAQ,GARCH,2,f5f01a0430640286,p=1 q=2,"{""p"": 1, ""q"": 2}",level,2022-05-31,2022-06-01,12081.3896484375,11994.4599609375,11994.4599609375,12066.361650099594,11994.4599609375,12066.361650099594,0.0171122499741613,71.90168916209404,0.5994574945121092,0.5994574945121092,fit_period,model_fit_period
NASDAQ,GARCH,2,f5f01a0430640286,p=1 q=2,"{""p"": 1, ""q"": 2}",level,2022-06-01,2022-06-02,11994.4599609375,12316.900390625,12316.900390625,11980.560319551963,12316.900390625,11980.560319551963,0.0171122499741613,-336.3400710730366,-2.7307200708470583,2.7307200708470583,fit_period,model_fit_period
NASDAQ,GARCH,2,f5f01a0430640286,p=1 q=2,"{""p"": 1, ""q"": 2}",level,2022-06-02,2022-06-03,12316.900390625,12012.73046875,12012.73046875,12290.580141271152,12012.73046875,12290.580141271152,0.0171122499741613,277.84967252115166,2.312960182066448,2.312960182066448,fit_period,model_fit_period
NASDAQ,GARCH,2,f5f01a0430640286,p=1 q=2,"{""p"": 1, ""q"": 2}",level,2022-06-03,2022-06-06,12012.73046875,12061.3701171875,12061.3701171875,12005.42206515352,12061.3701171875,12005.42206515352,0.0171122499741613,-55.948052033980275,-0.46386149741192406,0.46386149741192406,fit_period,model_fit_period
NASDAQ,GARCH,2,f5f01a0430640286,p=1 q=2,"{""p"": 1, ""q"": 2}",level,2022-06-06,2022-06-07,12061.3701171875,12175.23046875,12175.23046875,12043.35719663598,12175.23046875,12043.35719663598,0.0171122499741613,-131.87327211402044,-1.0831275223290253,1.0831275223290253,fit_period,model_fit_period
NASDAQ,GARCH,2,f5f01a0430640286,p=1 q=2,"{""p"": 1, ""q"": 2}",level,2022-06-07,2022-06-08,12175.23046875,12086.26953125,12086.26953125,12155.238701304384,12086.26953125,12155.238701304384,0.0171122499741613,68.96917005438445,0.5706406751567077,0.5706406751567077,fit_period,model_fit_period
NASDAQ,GARCH,2,f5f01a0430640286,p=1 q=2,"{""p"": 1, ""q"": 2}",level,2022-06-08,2022-06-09,12086.26953125,11754.23046875,11754.23046875,12072.431519570388,11754.23046875,12072.431519570388,0.0171122499741613,318.20105082038754,2.707119378562147,2.707119378562147,fit_period,model_fit_period
NASDAQ,GARCH,2,f5f01a0430640286,p=1 q=2,"{""p"": 1, ""q"": 2}",level,2022-06-09,2022-06-10,11754.23046875,11340.01953125,11340.01953125,11747.76763657064,11340.01953125,11747.76763657064,0.0171122499741613,407.7481053206393,3.5956561114996033,3.5956561114996033,fit_period,model_fit_period
NASDAQ,GARCH,2,f5f01a0430640286,p=1 q=2,"{""p"": 1, ""q"": 2}",level,2022-06-10,2022-06-13,11340.01953125,10809.23046875,10809.23046875,11336.049857712524,10809.23046875,11336.049857712524,0.0171122499741613,526.8193889625236,4.873791806785724,4.873791806785724,fit_period,model_fit_period
NASDAQ,GARCH,2,f5f01a0430640286,p=1 q=2,"{""p"": 1, ""q"": 2}",level,2022-06-13,2022-06-14,10809.23046875,10828.349609375,10828.349609375,10808.797866257804,10828.349609375,10808.797866257804,0.0171122499741613,-19.551743117195656,-0.1805606932035893,0.1805606932035893,fit_period,model_fit_period
NASDAQ,GARCH,2,f5f01a0430640286,p=1 q=2,"{""p"": 1, ""q"": 2}",level,2022-06-14,2022-06-15,10828.349609375,11099.150390625,11099.150390625,10811.232364006328,11099.150390625,10811.232364006328,0.0171122499741613,-287.91802661867223,-2.594054648199603,2.594054648199603,fit_period,model_fit_period
NASDAQ,GARCH,2,f5f01a0430640286,p=1 q=2,"{""p"": 1, ""q"": 2}",level,2022-06-15,2022-06-16,11099.150390625,10646.099609375,10646.099609375,11074.396928395896,10646.099609375,11074.396928395896,0.0171122499741613,428.2973190208959,4.0230444457210925,4.0230444457210925,fit_period,model_fit_period
NASDAQ,GARCH,2,f5f01a0430640286,p=1 q=2,"{""p"": 1, ""q"": 2}",level,2022-06-16,2022-06-17,10646.099609375,10798.349609375,10798.349609375,10643.30836692596,10798.349609375,10643.30836692596,0.0171122499741613,-155.0412424490405,-1.435786467910203,1.435786467910203,fit_period,model_fit_period
NASDAQ,GARCH,2,f5f01a0430640286,p=1 q=2,"{""p"": 1, ""q"": 2}",level,2022-06-17,2022-06-21,10798.349609375,11069.2998046875,11069.2998046875,10777.193070117117,11069.2998046875,10777.193070117117,0.0171122499741613,-292.1067345703832,-2.6388908036142014,2.6388908036142014,fit_period,model_fit_period
NASDAQ,GARCH,2,f5f01a0430640286,p=1 q=2,"{""p"": 1, ""q"": 2}",level,2022-06-21,2022-06-22,11069.2998046875,11053.080078125,11053.080078125,11044.54180911945,11053.080078125,11044.54180911945,0.0171122499741613,-8.538269005550319,-0.07724787068582169,0.07724787068582169,fit_period,model_fit_period
NASDAQ,GARCH,2,f5f01a0430640286,p=1 q=2,"{""p"": 1, ""q"": 2}",level,2022-06-22,2022-06-23,11053.080078125,11232.1904296875,11232.1904296875,11037.035041491044,11232.1904296875,11037.035041491044,0.0171122499741613,-195.15538819645553,-1.7374650956829008,1.7374650956829008,fit_period,model_fit_period
NASDAQ,GARCH,2,f5f01a0430640286,p=1 q=2,"{""p"": 1, ""q"": 2}",level,2022-06-23,2022-06-24,11232.1904296875,11607.6201171875,11607.6201171875,11210.218926457794,11607.6201171875,11210.218926457794,0.0171122499741613,-397.4011907297063,-3.4236233329282633,3.4236233329282633,fit_period,model_fit_period
NASDAQ,GARCH,2,f5f01a0430640286,p=1 q=2,"{""p"": 1, ""q"": 2}",level,2022-06-24,2022-06-27,11607.6201171875,11524.5498046875,11524.5498046875,11579.692132510072,11524.5498046875,11579.692132510072,0.0171122499741613,55.14232782257204,0.4784770664112487,0.4784770664112487,fit_period,model_fit_period
NASDAQ,GARCH,2,f5f01a0430640286,p=1 q=2,"{""p"": 1, ""q"": 2}",level,2022-06-27,2022-06-28,11524.5498046875,11181.5400390625,11181.5400390625,11510.533066860711,11181.5400390625,11510.533066860711,0.0171122499741613,328.9930277982112,2.942287257827457,2.942287257827457,fit_period,model_fit_period
NASDAQ,GARCH,2,f5f01a0430640286,p=1 q=2,"{""p"": 1, ""q"": 2}",level,2022-06-28,2022-06-29,11181.5400390625,11177.8896484375,11177.8896484375,11175.410066554452,11177.8896484375,11175.410066554452,0.0171122499741613,-2.479581883048013,-0.02218291610522941,0.02218291610522941,fit_period,model_fit_period
NASDAQ,GARCH,2,f5f01a0430640286,p=1 q=2,"{""p"": 1, ""q"": 2}",level,2022-06-29,2022-06-30,11177.8896484375,11028.740234375,11028.740234375,11161.463248368484,11028.740234375,11161.463248368484,0.0171122499741613,132.72301399348362,1.203428598125877,1.203428598125877,fit_period,model_fit_period
NASDAQ,GARCH,2,f5f01a0430640286,p=1 q=2,"{""p"": 1, ""q"": 2}",level,2022-06-30,2022-07-01,11028.740234375,11127.849609375,11127.849609375,11016.728387918996,11127.849609375,11016.728387918996,0.0171122499741613,-111.1212214560037,-0.9985866574112054,0.9985866574112054,fit_period,model_fit_period
NASDAQ,GARCH,2,f5f01a0430640286,p=1 q=2,"{""p"": 1, ""q"": 2}",level,2022-07-01,2022-07-05,11127.849609375,11322.240234375,11322.240234375,11108.305398038976,11322.240234375,11108.305398038976,0.0171122499741613,-213.9348363360241,-1.8895097781665602,1.8895097781665602,fit_period,model_fit_period
NASDAQ,GARCH,2,f5f01a0430640286,p=1 q=2,"{""p"": 1, ""q"": 2}",level,2022-07-05,2022-07-06,11322.240234375,11361.849609375,11361.849609375,11299.80511575656,11361.849609375,11299.80511575656,0.0171122499741613,-62.044493618439446,-0.5460774059818984,0.5460774059818984,fit_period,model_fit_period
NASDAQ,GARCH,2,f5f01a0430640286,p=1 q=2,"{""p"": 1, ""q"": 2}",level,2022-07-06,2022-07-07,11361.849609375,11621.349609375,11621.349609375,11344.110674347838,11621.349609375,11344.110674347838,0.0171122499741613,-277.23893502716237,-2.385600161305812,2.385600161305812,fit_period,model_fit_period
NASDAQ,GARCH,2,f5f01a0430640286,p=1 q=2,"{""p"": 1, ""q"": 2}",level,2022-07-07,2022-07-08,11621.349609375,11635.3095703125,11635.3095703125,11596.93902164442,11635.3095703125,11596.93902164442,0.0171122499741613,-38.37054866807921,-0.3297767750501602,0.3297767750501602,fit_period,model_fit_period
NASDAQ,GARCH,2,f5f01a0430640286,p=1 q=2,"{""p"": 1, ""q"": 2}",level,2022-07-08,2022-07-11,11635.3095703125,11372.599609375,11372.599609375,11618.348858470938,11372.599609375,11618.348858470938,0.0171122499741613,245.74924909593756,2.1608889571154357,2.1608889571154357,fit_period,model_fit_period
NASDAQ,GARCH,2,f5f01a0430640286,p=1 q=2,"{""p"": 1, ""q"": 2}",level,2022-07-11,2022-07-12,11372.599609375,11264.73046875,11264.73046875,11364.03327829538,11264.73046875,11364.03327829538,0.0171122499741613,99.3028095453792,0.8815373773998378,0.8815373773998378,fit_period,model_fit_period
NASDAQ,GARCH,2,f5f01a0430640286,p=1 q=2,"{""p"": 1, ""q"": 2}",level,2022-07-12,2022-07-13,11264.73046875,11247.580078125,11247.580078125,11251.466146669458,11247.580078125,11251.466146669458,0.0171122499741613,3.886068544457885,0.03455026341191164,0.03455026341191164,fit_period,model_fit_period
NASDAQ,GARCH,2,f5f01a0430640286,p=1 q=2,"{""p"": 1, ""q"": 2}",level,2022-07-13,2022-07-14,11247.580078125,11251.1904296875,11251.1904296875,11231.563278563037,11251.1904296875,11231.563278563037,0.0171122499741613,-19.627151124463126,-0.17444510647224257,0.17444510647224257,fit_period,model_fit_period
NASDAQ,GARCH,2,f5f01a0430640286,p=1 q=2,"{""p"": 1, ""q"": 2}",level,2022-07-14,2022-07-15,11251.1904296875,11452.419921875,11452.419921875,11234.54373304948,11452.419921875,11234.54373304948,0.0171122499741613,-217.87618882551942,-1.9024467345050735,1.9024467345050735,fit_period,model_fit_period
NASDAQ,GARCH,2,f5f01a0430640286,p=1 q=2,"{""p"": 1, ""q"": 2}",level,2022-07-15,2022-07-18,11452.419921875,11360.0498046875,11360.0498046875,11429.7773067034,11360.0498046875,11429.7773067034,0.0171122499741613,69.72750201589952,0.6137957422257765,0.6137957422257765,fit_period,model_fit_period
NASDAQ,GARCH,2,f5f01a0430640286,p=1 q=2,"{""p"": 1, ""q"": 2}",level,2022-07-18,2022-07-19,11360.0498046875,11713.150390625,11713.150390625,11346.315230172971,11713.150390625,11346.315230172971,0.0171122499741613,-366.8351604520285,-3.1318231920392394,3.1318231920392394,fit_period,model_fit_period
NASDAQ,GARCH,2,f5f01a0430640286,p=1 q=2,"{""p"": 1, ""q"": 2}",level,2022-07-19,2022-07-20,11713.150390625,11897.650390625,11897.650390625,11685.899888267722,11897.650390625,11685.899888267722,0.0171122499741613,-211.75050235727758,-1.779767394443955,1.779767394443955,fit_period,model_fit_period
NASDAQ,GARCH,2,f5f01a0430640286,p=1 q=2,"{""p"": 1, ""q"": 2}",level,2022-07-20,2022-07-21,11897.650390625,12059.6103515625,12059.6103515625,11875.515361266936,12059.6103515625,11875.515361266936,0.0171122499741613,-184.09499029556355,-1.5265417781239619,1.5265417781239619,fit_period,model_fit_period
NASDAQ,GARCH,2,f5f01a0430640286,p=1 q=2,"{""p"": 1, ""q"": 2}",level,2022-07-21,2022-07-22,12059.6103515625,11834.1103515625,11834.1103515625,12038.159204532509,11834.1103515625,12038.159204532509,0.0171122499741613,204.04885297000874,1.7242432841017696,1.7242432841017696,fit_period,model_fit_period
NASDAQ,GARCH,2,f5f01a0430640286,p=1 q=2,"{""p"": 1, ""q"": 2}",level,2022-07-22,2022-07-25,11834.1103515625,11782.669921875,11782.669921875,11824.415041307517,11782.669921875,11824.415041307517,0.0171122499741613,41.74511943251673,0.35429253054959337,0.35429253054959337,fit_period,model_fit_period
NASDAQ,GARCH,2,f5f01a0430640286,p=1 q=2,"{""p"": 1, ""q"": 2}",level,2022-07-25,2022-07-26,11782.669921875,11562.5703125,11562.5703125,11767.693508786137,11562.5703125,11767.693508786137,0.0171122499741613,205.1231962861366,1.7740276663605075,1.7740276663605075,fit_period,model_fit_period
NASDAQ,GARCH,2,f5f01a0430640286,p=1 q=2,"{""p"": 1, ""q"": 2}",level,2022-07-26,2022-07-27,11562.5703125,12032.419921875,12032.419921875,11552.71115019033,12032.419921875,11552.71115019033,0.0171122499741613,-479.70877168467086,-3.986802112952839,3.986802112952839,fit_period,model_fit_period
NASDAQ,GARCH,2,f5f01a0430640286,p=1 q=2,"{""p"": 1, ""q"": 2}",level,2022-07-27,2022-07-28,12032.419921875,12162.58984375,12162.58984375,12001.62716328084,12162.58984375,12001.62716328084,0.0171122499741613,-160.96268046915975,-1.323424390175204,1.323424390175204,fit_period,model_fit_period
NASDAQ,GARCH,2,f5f01a0430640286,p=1 q=2,"{""p"": 1, ""q"": 2}",level,2022-07-28,2022-07-29,12162.58984375,12390.6904296875,12390.6904296875,12142.103231247358,12390.6904296875,12142.103231247358,0.0171122499741613,-248.58719844014195,-2.006241700983336,2.006241700983336,fit_period,model_fit_period
NASDAQ,GARCH,2,f5f01a0430640286,p=1 q=2,"{""p"": 1, ""q"": 2}",level,2022-07-29,2022-08-01,12390.6904296875,12368.98046875,12368.98046875,12367.232524617748,12368.98046875,12367.232524617748,0.0171122499741613,-1.747944132252087,-0.01413167509374144,0.01413167509374144,fit_period,model_fit_period
NASDAQ,GARCH,2,f5f01a0430640286,p=1 q=2,"{""p"": 1, ""q"": 2}",level,2022-08-01,2022-08-02,12368.98046875,12348.759765625,12348.759765625,12353.102010100032,12348.759765625,12353.102010100032,0.0171122499741613,4.342244475032203,0.0351634055358306,0.0351634055358306,fit_period,model_fit_period
NASDAQ,GARCH,2,f5f01a0430640286,p=1 q=2,"{""p"": 1, ""q"": 2}",level,2022-08-02,2022-08-03,12348.759765625,12668.16015625,12668.16015625,12332.836121733912,12668.16015625,12332.836121733912,0.0171122499741613,-335.32403451608843,-2.6469829113318557,2.6469829113318557,fit_period,model_fit_period
NASDAQ,GARCH,2,f5f01a0430640286,p=1 q=2,"{""p"": 1, ""q"": 2}",level,2022-08-03,2022-08-04,12668.16015625,12720.580078125,12720.580078125,12641.932144047372,12720.580078125,12641.932144047372,0.0171122499741613,-78.64793407762772,-0.6182731730361494,0.6182731730361494,fit_period,model_fit_period
NASDAQ,GARCH,2,f5f01a0430640286,p=1 q=2,"{""p"": 1, ""q"": 2}",level,2022-08-04,2022-08-05,12720.580078125,12657.5498046875,12657.5498046875,12702.4524611352,12657.5498046875,12702.4524611352,0.0171122499741613,44.90265644770079,0.3547499882723897,0.3547499882723897,fit_period,model_fit_period
NASDAQ,GARCH,2,f5f01a0430640286,p=1 q=2,"{""p"": 1, ""q"": 2}",level,2022-08-05,2022-08-08,12657.5498046875,12644.4599609375,12644.4599609375,12642.92503647839,12644.4599609375,12642.92503647839,0.0171122499741613,-1.534924459110698,-0.012139106484994508,0.012139106484994508,fit_period,model_fit_period
NASDAQ,GARCH,2,f5f01a0430640286,p=1 q=2,"{""p"": 1, ""q"": 2}",level,2022-08-08,2022-08-09,12644.4599609375,12493.9296875,12493.9296875,12628.319961223026,12493.9296875,12628.319961223026,0.0171122499741613,134.39027372302553,1.075644549668637,1.075644549668637,fit_period,model_fit_period
NASDAQ,GARCH,2,f5f01a0430640286,p=1 q=2,"{""p"": 1, ""q"": 2}",level,2022-08-09,2022-08-10,12493.9296875,12854.7998046875,12854.7998046875,12481.959737392155,12854.7998046875,12481.959737392155,0.0171122499741613,-372.84006729534485,-2.9003957506937508,2.9003957506937508,fit_period,model_fit_period
NASDAQ,GARCH,2,f5f01a0430640286,p=1 q=2,"{""p"": 1, ""q"": 2}",level,2022-08-10,2022-08-11,12854.7998046875,12779.91015625,12779.91015625,12827.31356870507,12779.91015625,12827.31356870507,0.0171122499741613,47.40341245507079,0.37092132789281157,0.37092132789281157,fit_period,model_fit_period
NASDAQ,GARCH,2,f5f01a0430640286,p=1 q=2,"{""p"": 1, ""q"": 2}",level,2022-08-11,2022-08-12,12779.91015625,13047.1904296875,13047.1904296875,12765.645210708544,13047.1904296875,12765.645210708544,0.0171122499741613,-281.54521897895575,-2.1578992082335935,2.1578992082335935,fit_period,model_fit_period
NASDAQ,GARCH,2,f5f01a0430640286,p=1 q=2,"{""p"": 1, ""q"": 2}",level,2022-08-12,2022-08-15,13047.1904296875,13128.0498046875,13128.0498046875,13022.54378240544,13128.0498046875,13022.54378240544,0.0171122499741613,-105.50602228205935,-0.8036686625334661,0.8036686625334661,fit_period,model_fit_period
NASDAQ,GARCH,2,f5f01a0430640286,p=1 q=2,"{""p"": 1, ""q"": 2}",level,2022-08-15,2022-08-16,13128.0498046875,13102.5498046875,13102.5498046875,13109.059312555455,13102.5498046875,13109.059312555455,0.0171122499741613,6.509507867955108,0.04968122972237282,0.04968122972237282,fit_period,model_fit_period
NASDAQ,GARCH,2,f5f01a0430640286,p=1 q=2,"{""p"": 1, ""q"": 2}",level,2022-08-16,2022-08-17,13102.5498046875,12938.1201171875,12938.1201171875,13086.786338772476,12938.1201171875,13086.786338772476,0.0171122499741613,148.66622158497557,1.1490558152067363,1.1490558152067363,fit_period,model_fit_period
NASDAQ,GARCH,2,f5f01a0430640286,p=1 q=2,"{""p"": 1, ""q"": 2}",level,2022-08-17,2022-08-18,12938.1201171875,12965.33984375,12965.33984375,12926.57188612023,12965.33984375,12926.57188612023,0.0171122499741613,-38.767957629770535,-0.2990122750115093,0.2990122750115093,fit_period,model_fit_period
NASDAQ,GARCH,2,f5f01a0430640286,p=1 q=2,"{""p"": 1, ""q"": 2}",level,2022-08-18,2022-08-19,12965.33984375,12705.2197265625,12705.2197265625,12947.976820299296,12705.2197265625,12947.976820299296,0.0171122499741613,242.75709373679638,1.9106878823139903,1.9106878823139903,fit_period,model_fit_period
NASDAQ,GARCH,2,f5f01a0430640286,p=1 q=2,"{""p"": 1, ""q"": 2}",level,2022-08-19,2022-08-22,12705.2197265625,12381.5703125,12381.5703125,12696.574817607829,12381.5703125,12696.574817607829,0.0171122499741613,315.00450510782866,2.5441401789707654,2.5441401789707654,fit_period,model_fit_period
NASDAQ,GARCH,2,f5f01a0430640286,p=1 q=2,"{""p"": 1, ""q"": 2}",level,2022-08-22,2022-08-23,12381.5703125,12381.2998046875,12381.2998046875,12374.85293185738,12381.2998046875,12374.85293185738,0.0171122499741613,-6.446872830119901,-0.05206943480747592,0.05206943480747592,fit_period,model_fit_period
NASDAQ,GARCH,2,f5f01a0430640286,p=1 q=2,"{""p"": 1, ""q"": 2}",level,2022-08-23,2022-08-24,12381.2998046875,12431.5302734375,12431.5302734375,12364.77085634339,12431.5302734375,12364.77085634339,0.0171122499741613,-66.75941709411018,-0.5370168887152637,0.5370168887152637,fit_period,model_fit_period
NASDAQ,GARCH,2,f5f01a0430640286,p=1 q=2,"{""p"": 1, ""q"": 2}",level,2022-08-24,2022-08-25,12431.5302734375,12639.26953125,12639.26953125,12413.469086159565,12639.26953125,12413.469086159565,0.0171122499741613,-225.80044509043546,-1.7864991685805456,1.7864991685805456,fit_period,model_fit_period
NASDAQ,GARCH,2,f5f01a0430640286,p=1 q=2,"{""p"": 1, ""q"": 2}",level,2022-08-25,2022-08-26,12639.26953125,12141.7099609375,12141.7099609375,12616.429404722783,12141.7099609375,12616.429404722783,0.0171122499741613,474.71944378528315,3.9098236188523527,3.9098236188523527,fit_period,model_fit_period
NASDAQ,GARCH,2,f5f01a0430640286,p=1 q=2,"{""p"": 1, ""q"": 2}",level,2022-08-26,2022-08-29,12141.7099609375,12017.669921875,12017.669921875,12140.269149789814,12017.669921875,12140.269149789814,0.0171122499741613,122.59922791481404,1.0201580565268684,1.0201580565268684,fit_period,model_fit_period
NASDAQ,GARCH,2,f5f01a0430640286,p=1 q=2,"{""p"": 1, ""q"": 2}",level,2022-08-29,2022-08-30,12017.669921875,11883.1396484375,11883.1396484375,12004.896237438865,11883.1396484375,12004.896237438865,0.0171122499741613,121.75658900136477,1.0246163270274653,1.0246163270274653,fit_period,model_fit_period
NASDAQ,GARCH,2,f5f01a0430640286,p=1 q=2,"{""p"": 1, ""q"": 2}",level,2022-08-30,2022-08-31,11883.1396484375,11816.2001953125,11816.2001953125,11870.684245876851,11816.2001953125,11870.684245876851,0.0171122499741613,54.48405056435149,0.4610962040569131,0.4610962040569131,fit_period,model_fit_period
NASDAQ,GARCH,2,f5f01a0430640286,p=1 q=2,"{""p"": 1, ""q"": 2}",level,2022-08-31,2022-09-01,11816.2001953125,11785.1298828125,11785.1298828125,11801.694034657625,11785.1298828125,11801.694034657625,0.0171122499741613,16.564151845124798,0.14055128802001624,0.14055128802001624,fit_period,model_fit_period
NASDAQ,GARCH,2,f5f01a0430640286,p=1 q=2,"{""p"": 1, ""q"": 2}",level,2022-09-01,2022-09-02,11785.1298828125,11630.8603515625,11630.8603515625,11769.535424514102,11630.8603515625,11769.535424514102,0.0171122499741613,138.6750729516025,1.1923027941176574,1.1923027941176574,fit_period,model_fit_period
NASDAQ,GARCH,2,f5f01a0430640286,p=1 q=2,"{""p"": 1, ""q"": 2}",level,2022-09-02,2022-09-06,11630.8603515625,11544.91015625,11544.91015625,11619.003853446951,11544.91015625,11619.003853446951,0.0171122499741613,74.09369719695133,0.6417866938257606,0.6417866938257606,fit_period,model_fit_period
NASDAQ,GARCH,2,f5f01a0430640286,p=1 q=2,"{""p"": 1, ""q"": 2}",level,2022-09-06,2022-09-07,11544.91015625,11791.900390625,11791.900390625,11530.980796309155,11791.900390625,11530.980796309155,0.0171122499741613,-260.91959431584473,-2.2127018179638416,2.2127018179638416,fit_period,model_fit_period
NASDAQ,GARCH,2,f5f01a0430640286,p=1 q=2,"{""p"": 1, ""q"": 2}",level,2022-09-07,2022-09-08,11791.900390625,11862.1298828125,11862.1298828125,11767.869358919836,11862.1298828125,11767.869358919836,0.0171122499741613,-94.26052389266442,-0.7946340566481417,0.7946340566481417,fit_period,model_fit_period
NASDAQ,GARCH,2,f5f01a0430640286,p=1 q=2,"{""p"": 1, ""q"": 2}",level,2022-09-08,2022-09-09,11862.1298828125,12112.3095703125,12112.3095703125,11843.461909598223,12112.3095703125,11843.461909598223,0.0171122499741613,-268.84766071427657,-2.219623426511714,2.219623426511714,fit_period,model_fit_period
NASDAQ,GARCH,2,f5f01a0430640286,p=1 q=2,"{""p"": 1, ""q"": 2}",level,2022-09-09,2022-09-12,12112.3095703125,12266.41015625,12266.41015625,12088.181768117172,12266.41015625,12088.181768117172,0.0171122499741613,-178.2283881328276,-1.4529791998029382,1.4529791998029382,fit_period,model_fit_period
NASDAQ,GARCH,2,f5f01a0430640286,p=1 q=2,"{""p"": 1, ""q"": 2}",level,2022-09-12,2022-09-13,12266.41015625,11633.5703125,11633.5703125,12245.197468774462,11633.5703125,12245.197468774462,0.0171122499741613,611.6271562744623,5.2574329276824265,5.2574329276824265,fit_period,model_fit_period
NASDAQ,GARCH,2,f5f01a0430640286,p=1 q=2,"{""p"": 1, ""q"": 2}",level,2022-09-13,2022-09-14,11633.5703125,11719.6796875,11719.6796875,11636.234010137072,11719.6796875,11636.234010137072,0.0171122499741613,-83.44567736292811,-0.7120132937756803,0.7120132937756803,fit_period,model_fit_period
NASDAQ,GARCH,2,f5f01a0430640286,p=1 q=2,"{""p"": 1, ""q"": 2}",level,2022-09-14,2022-09-15,11719.6796875,11552.3603515625,11552.3603515625,11700.529906281878,11552.3603515625,11700.529906281878,0.0171122499741613,148.16955471937763,1.282591177995388,1.282591177995388,fit_period,model_fit_period
NASDAQ,GARCH,2,f5f01a0430640286,p=1 q=2,"{""p"": 1, ""q"": 2}",level,2022-09-15,2022-09-16,11552.3603515625,11448.400390625,11448.400390625,11540.899794677838,11448.400390625,11540.899794677838,0.0171122499741613,92.49940405283814,0.8079679334816516,0.8079679334816516,fit_period,model_fit_period
NASDAQ,GARCH,2,f5f01a0430640286,p=1 q=2,"{""p"": 1, ""q"": 2}",level,2022-09-16,2022-09-19,11448.400390625,11535.01953125,11535.01953125,11435.017460990224,11535.01953125,11435.017460990224,0.0171122499741613,-100.00207025977579,-0.8669432244033574,0.8669432244033574,fit_period,model_fit_period
NASDAQ,GARCH,2,f5f01a0430640286,p=1 q=2,"{""p"": 1, ""q"": 2}",level,2022-09-19,2022-09-20,11535.01953125,11425.0498046875,11425.0498046875,11515.854283346063,11425.0498046875,11515.854283346063,0.0171122499741613,90.80447865856331,0.7947840946943426,0.7947840946943426,fit_period,model_fit_period
NASDAQ,GARCH,2,f5f01a0430640286,p=1 q=2,"{""p"": 1, ""q"": 2}",level,2022-09-20,2022-09-21,11425.0498046875,11220.1904296875,11220.1904296875,11411.849216019187,11220.1904296875,11411.849216019187,0.0171122499741613,191.65878633168722,1.7081598350111533,1.7081598350111533,fit_period,model_fit_period
NASDAQ,GARCH,2,f5f01a0430640286,p=1 q=2,"{""p"": 1, ""q"": 2}",level,2022-09-21,2022-09-22,11220.1904296875,11066.8095703125,11066.8095703125,11209.868866805416,11066.8095703125,11209.868866805416,0.0171122499741613,143.05929649291647,1.2926877939300876,1.2926877939300876,fit_period,model_fit_period
NASDAQ,GARCH,2,f5f01a0430640286,p=1 q=2,"{""p"": 1, ""q"": 2}",level,2022-09-22,2022-09-23,11066.8095703125,10867.9296875,10867.9296875,11054.926109200613,10867.9296875,11054.926109200613,0.0171122499741613,186.9964217006127,1.720625980086078,1.720625980086078,fit_period,model_fit_period
NASDAQ,GARCH,2,f5f01a0430640286,p=1 q=2,"{""p"": 1, ""q"": 2}",level,2022-09-23,2022-09-26,10867.9296875,10802.919921875,10802.919921875,10857.426702171106,10802.919921875,10857.426702171106,0.0171122499741613,54.50678029610572,0.5045559968072529,0.5045559968072529,fit_period,model_fit_period
NASDAQ,GARCH,2,f5f01a0430640286,p=1 q=2,"{""p"": 1, ""q"": 2}",level,2022-09-26,2022-09-27,10802.919921875,10829.5,10829.5,10788.3552129995,10829.5,10788.3552129995,0.0171122499741613,-41.14478700049949,-0.37993247149452414,0.37993247149452414,fit_period,model_fit_period
NASDAQ,GARCH,2,f5f01a0430640286,p=1 q=2,"{""p"": 1, ""q"": 2}",level,2022-09-27,2022-09-28,10829.5,11051.6396484375,11051.6396484375,10812.15638398073,11051.6396484375,10812.15638398073,0.0171122499741613,-239.48326445677048,-2.1669478201872883,2.1669478201872883,fit_period,model_fit_period
NASDAQ,GARCH,2,f5f01a0430640286,p=1 q=2,"{""p"": 1, ""q"": 2}",level,2022-09-28,2022-09-29,11051.6396484375,10737.509765625,10737.509765625,11028.362602850895,10737.509765625,11028.362602850895,0.0171122499741613,290.8528372258952,2.7087550425987015,2.7087550425987015,fit_period,model_fit_period
NASDAQ,GARCH,2,f5f01a0430640286,p=1 q=2,"{""p"": 1, ""q"": 2}",level,2022-09-29,2022-09-30,10737.509765625,10575.6201171875,10575.6201171875,10730.503554995204,10575.6201171875,10730.503554995204,0.0171122499741613,154.88343780770447,1.4645329171382382,1.4645329171382382,fit_period,model_fit_period
NASDAQ,GARCH,2,f5f01a0430640286,p=1 q=2,"{""p"": 1, ""q"": 2}",level,2022-09-30,2022-10-03,10575.6201171875,10815.4296875,10815.4296875,10563.99481935816,10815.4296875,10563.99481935816,0.0171122499741613,-251.43486814183962,-2.3247792774468965,2.3247792774468965,fit_period,model_fit_period
NASDAQ,GARCH,2,f5f01a0430640286,p=1 q=2,"{""p"": 1, ""q"": 2}",level,2022-10-03,2022-10-04,10815.4296875,11176.41015625,11176.41015625,10791.616522731205,11176.41015625,10791.616522731205,0.0171122499741613,-384.7936335187951,-3.442909021226402,3.442909021226402,fit_period,model_fit_period
NASDAQ,GARCH,2,f5f01a0430640286,p=1 q=2,"{""p"": 1, ""q"": 2}",level,2022-10-04,2022-10-05,11176.41015625,11148.6396484375,11148.6396484375,11148.920572115278,11148.6396484375,11148.920572115278,0.0171122499741613,0.2809236777775368,0.0025198022954926944,0.0025198022954926944,fit_period,model_fit_period
NASDAQ,GARCH,2,f5f01a0430640286,p=1 q=2,"{""p"": 1, ""q"": 2}",level,2022-10-05,2022-10-06,11148.6396484375,11073.3095703125,11073.3095703125,11132.945071496644,11073.3095703125,11132.945071496644,0.0171122499741613,59.63550118414423,0.5385517383531548,0.5385517383531548,fit_period,model_fit_period
NASDAQ,GARCH,2,f5f01a0430640286,p=1 q=2,"{""p"": 1, ""q"": 2}",level,2022-10-06,2022-10-07,11073.3095703125,10652.400390625,10652.400390625,11059.05798775055,10652.400390625,11059.05798775055,0.0171122499741613,406.6575971255497,3.8175207672764753,3.8175207672764753,fit_period,model_fit_period
NASDAQ,GARCH,2,f5f01a0430640286,p=1 q=2,"{""p"": 1, ""q"": 2}",level,2022-10-07,2022-10-10,10652.400390625,10542.099609375,10542.099609375,10648.633946968735,10542.099609375,10648.633946968735,0.0171122499741613,106.53433759373547,1.0105609085593859,1.0105609085593859,fit_period,model_fit_period
NASDAQ,GARCH,2,f5f01a0430640286,p=1 q=2,"{""p"": 1, ""q"": 2}",level,2022-10-10,2022-10-11,10542.099609375,10426.1904296875,10426.1904296875,10528.909065163569,10426.1904296875,10528.909065163569,0.0171122499741613,102.71863547606881,0.9851981523720122,0.9851981523720122,fit_period,model_fit_period
NASDAQ,GARCH,2,f5f01a0430640286,p=1 q=2,"{""p"": 1, ""q"": 2}",level,2022-10-11,2022-10-12,10426.1904296875,10417.099609375,10417.099609375,10413.170048649676,10417.099609375,10413.170048649676,0.0171122499741613,-3.929560725324336,-0.037722215133547135,0.037722215133547135,fit_period,model_fit_period
NASDAQ,GARCH,2,f5f01a0430640286,p=1 q=2,"{""p"": 1, ""q"": 2}",level,2022-10-12,2022-10-13,10417.099609375,10649.150390625,10649.150390625,10400.83827617699,10649.150390625,10400.83827617699,0.0171122499741613,-248.3121144480101,-2.3317551667465617,2.3317551667465617,fit_period,model_fit_period
NASDAQ,GARCH,2,f5f01a0430640286,p=1 q=2,"{""p"": 1, ""q"": 2}",level,2022-10-13,2022-10-14,10649.150390625,10321.3896484375,10321.3896484375,10625.572633555028,10321.3896484375,10625.572633555028,0.0171122499741613,304.182985117528,2.947112699728148,2.947112699728148,fit_period,model_fit_period
NASDAQ,GARCH,2,f5f01a0430640286,p=1 q=2,"{""p"": 1, ""q"": 2}",level,2022-10-14,2022-10-17,10321.3896484375,10675.7998046875,10675.7998046875,10314.79700869004,10675.7998046875,10314.79700869004,0.0171122499741613,-361.00279599745954,-3.3815058600007792,3.3815058600007792,fit_period,model_fit_period
NASDAQ,GARCH,2,f5f01a0430640286,p=1 q=2,"{""p"": 1, ""q"": 2}",level,2022-10-17,2022-10-18,10675.7998046875,10772.400390625,10772.400390625,10648.509568947702,10772.400390625,10648.509568947702,0.0171122499741613,-123.89082167729794,-1.1500762799822923,1.1500762799822923,fit_period,model_fit_period
NASDAQ,GARCH,2,f5f01a0430640286,p=1 q=2,"{""p"": 1, ""q"": 2}",level,2022-10-18,2022-10-19,10772.400390625,10680.509765625,10680.509765625,10752.932297901723,10680.509765625,10752.932297901723,0.0171122499741613,72.42253227672336,0.678081232693722,0.678081232693722,fit_period,model_fit_period
NASDAQ,GARCH,2,f5f01a0430640286,p=1 q=2,"{""p"": 1, ""q"": 2}",level,2022-10-19,2022-10-20,10680.509765625,10614.83984375,10614.83984375,10666.760642944311,10614.83984375,10666.760642944311,0.0171122499741613,51.92079919431126,0.4891340798220534,0.4891340798220534,fit_period,model_fit_period
NASDAQ,GARCH,2,f5f01a0430640286,p=1 q=2,"{""p"": 1, ""q"": 2}",level,2022-10-20,2022-10-21,10614.83984375,10859.7197265625,10859.7197265625,10600.295164528923,10859.7197265625,10600.295164528923,0.0171122499741613,-259.4245620335769,-2.3888697734899487,2.3888697734899487,fit_period,model_fit_period
NASDAQ,GARCH,2,f5f01a0430640286,p=1 q=2,"{""p"": 1, ""q"": 2}",level,2022-10-21,2022-10-24,10859.7197265625,10952.6103515625,10952.6103515625,10835.75272456623,10952.6103515625,10835.75272456623,0.0171122499741613,-116.85762699627048,-1.0669385949587769,1.0669385949587769,fit_period,model_fit_period
NASDAQ,GARCH,2,f5f01a0430640286,p=1 q=2,"{""p"": 1, ""q"": 2}",level,2022-10-24,2022-10-25,10952.6103515625,11199.1201171875,11199.1201171875,10933.25482194153,11199.1201171875,10933.25482194153,0.0171122499741613,-265.86529524597063,-2.3739837814395988,2.3739837814395988,fit_period,model_fit_period
NASDAQ,GARCH,2,f5f01a0430640286,p=1 q=2,"{""p"": 1, ""q"": 2}",level,2022-10-25,2022-10-26,11199.1201171875,10970.990234375,10970.990234375,11175.10366327816,10970.990234375,11175.10366327816,0.0171122499741613,204.11342890315973,1.8604831883234991,1.8604831883234991,fit_period,model_fit_period
NASDAQ,GARCH,2,f5f01a0430640286,p=1 q=2,"{""p"": 1, ""q"": 2}",level,2022-10-26,2022-10-27,10970.990234375,10792.669921875,10792.669921875,10961.374716811386,10792.669921875,10961.374716811386,0.0171122499741613,168.70479493638595,1.5631423564103315,1.5631423564103315,fit_period,model_fit_period
NASDAQ,GARCH,2,f5f01a0430640286,p=1 q=2,"{""p"": 1, ""q"": 2}",level,2022-10-27,2022-10-28,10792.669921875,11102.4501953125,11102.4501953125,10781.543143181309,11102.4501953125,10781.543143181309,0.0171122499741613,-320.90705213119145,-2.8904164980328373,2.8904164980328373,fit_period,model_fit_period
NASDAQ,GARCH,2,f5f01a0430640286,p=1 q=2,"{""p"": 1, ""q"": 2}",level,2022-10-28,2022-10-31,11102.4501953125,10988.150390625,10988.150390625,11076.51406495268,10988.150390625,11076.51406495268,0.0171122499741613,88.3636743276802,0.8041724147047656,0.8041724147047656,fit_period,model_fit_period
NASDAQ,GARCH,2,f5f01a0430640286,p=1 q=2,"{""p"": 1, ""q"": 2}",level,2022-10-31,2022-11-01,10988.150390625,10890.849609375,10890.849609375,10975.0811798971,10890.849609375,10975.0811798971,0.0171122499741613,84.23157052210081,0.7734159734387762,0.7734159734387762,fit_period,model_fit_period
NASDAQ,GARCH,2,f5f01a0430640286,p=1 q=2,"{""p"": 1, ""q"": 2}",level,2022-11-01,2022-11-02,10890.849609375,10524.7998046875,10524.7998046875,10877.264635045663,10524.7998046875,10877.264635045663,0.0171122499741613,352.46483035816345,3.3488981918799428,3.3488981918799428,fit_period,model_fit_period
NASDAQ,GARCH,2,f5f01a0430640286,p=1 q=2,"{""p"": 1, ""q"": 2}",level,2022-11-02,2022-11-03,10524.7998046875,10342.9404296875,10342.9404296875,10519.368884896676,10342.9404296875,10519.368884896676,0.0171122499741613,176.4284552091758,1.7057862452999393,1.7057862452999393,fit_period,model_fit_period
NASDAQ,GARCH,2,f5f01a0430640286,p=1 q=2,"{""p"": 1, ""q"": 2}",level,2022-11-03,2022-11-04,10342.9404296875,10475.25,10475.25,10331.92102890451,10475.25,10331.92102890451,0.0171122499741613,-143.3289710954905,-1.3682630113409273,1.3682630113409273,fit_period,model_fit_period
NASDAQ,GARCH,2,f5f01a0430640286,p=1 q=2,"{""p"": 1, ""q"": 2}",level,2022-11-04,2022-11-07,10475.25,10564.51953125,10564.51953125,10454.698468898476,10564.51953125,10454.698468898476,0.0171122499741613,-109.82106235152423,-1.0395272783269693,1.0395272783269693,fit_period,model_fit_period
NASDAQ,GARCH,2,f5f01a0430640286,p=1 q=2,"{""p"": 1, ""q"": 2}",level,2022-11-07,2022-11-08,10564.51953125,10616.2001953125,10616.2001953125,10545.273868431705,10616.2001953125,10545.273868431705,0.0171122499741613,-70.92632688079539,-0.6680952278208954,0.6680952278208954,fit_period,model_fit_period
NASDAQ,GARCH,2,f5f01a0430640286,p=1 q=2,"{""p"": 1, ""q"": 2}",level,2022-11-08,2022-11-09,10616.2001953125,10353.169921875,10353.169921875,10598.095007980097,10353.169921875,10598.095007980097,0.0171122499741613,244.92508610509685,2.3657014030804198,2.3657014030804198,fit_period,model_fit_period
NASDAQ,GARCH,2,f5f01a0430640286,p=1 q=2,"{""p"": 1, ""q"": 2}",level,2022-11-09,2022-11-10,10353.169921875,11114.150390625,11114.150390625,10344.613309325929,11114.150390625,10344.613309325929,0.0171122499741613,-769.5370812990714,-6.923939790739118,6.923939790739118,fit_period,model_fit_period
NASDAQ,GARCH,2,f5f01a0430640286,p=1 q=2,"{""p"": 1, ""q"": 2}",level,2022-11-10,2022-11-11,11114.150390625,11323.330078125,11323.330078125,11074.5244951702,11323.330078125,11074.5244951702,0.0171122499741613,-248.80558295479932,-2.19728278905739,2.19728278905739,fit_period,model_fit_period
NASDAQ,GARCH,2,f5f01a0430640286,p=1 q=2,"{""p"": 1, ""q"": 2}",level,2022-11-11,2022-11-14,11323.330078125,11196.2197265625,11196.2197265625,11300.44624783998,11196.2197265625,11300.44624783998,0.0171122499741613,104.22652127748006,0.9309081442034188,0.9309081442034188,fit_period,model_fit_period
NASDAQ,GARCH,2,f5f01a0430640286,p=1 q=2,"{""p"": 1, ""q"": 2}",level,2022-11-14,2022-11-15,11196.2197265625,11358.41015625,11358.41015625,11183.53919779724,11358.41015625,11183.53919779724,0.0171122499741613,-174.87095845276053,-1.5395724933963337,1.5395724933963337,fit_period,model_fit_period
NASDAQ,GARCH,2,f5f01a0430640286,p=1 q=2,"{""p"": 1, ""q"": 2}",level,2022-11-15,2022-11-16,11358.41015625,11183.66015625,11183.66015625,11336.95201661876,11183.66015625,11336.95201661876,0.0171122499741613,153.29186036875944,1.3706770254735623,1.3706770254735623,fit_period,model_fit_period
NASDAQ,GARCH,2,f5f01a0430640286,p=1 q=2,"{""p"": 1, ""q"": 2}",level,2022-11-16,2022-11-17,11183.66015625,11144.9599609375,11144.9599609375,11172.42505149628,11144.9599609375,11172.42505149628,0.0171122499741613,27.465090558780503,0.24643507607962886,0.24643507607962886,fit_period,model_fit_period
NASDAQ,GARCH,2,f5f01a0430640286,p=1 q=2,"{""p"": 1, ""q"": 2}",level,2022-11-17,2022-11-18,11144.9599609375,11146.0595703125,11146.0595703125,11129.596999221973,11146.0595703125,11129.596999221973,0.0171122499741613,-16.46257109052749,-0.14769857443051448,0.14769857443051448,fit_period,model_fit_period
NASDAQ,GARCH,2,f5f01a0430640286,p=1 q=2,"{""p"": 1, ""q"": 2}",level,2022-11-18,2022-11-21,11146.0595703125,11024.509765625,11024.509765625,11129.489051546558,11024.509765625,11129.489051546558,0.0171122499741613,104.97928592155768,0.9522354114002293,0.9522354114002293,fit_period,model_fit_period
NASDAQ,GARCH,2,f5f01a0430640286,p=1 q=2,"{""p"": 1, ""q"": 2}",level,2022-11-21,2022-11-22,11024.509765625,11174.41015625,11174.41015625,11011.660525539775,11174.41015625,11011.660525539775,0.0171122499741613,-162.74963071022466,-1.456449409271026,1.456449409271026,fit_period,model_fit_period
NASDAQ,GARCH,2,f5f01a0430640286,p=1 q=2,"{""p"": 1, ""q"": 2}",level,2022-11-22,2022-11-23,11174.41015625,11285.3203125,11285.3203125,11153.324905969255,11285.3203125,11153.324905969255,0.0171122499741613,-131.99540653074473,-1.169620381838362,1.169620381838362,fit_period,model_fit_period
NASDAQ,GARCH,2,f5f01a0430640286,p=1 q=2,"{""p"": 1, ""q"": 2}",level,2022-11-23,2022-11-25,11285.3203125,11226.3603515625,11226.3603515625,11265.4180562763,11226.3603515625,11265.4180562763,0.0171122499741613,39.05770471379947,0.3479106628566699,0.3479106628566699,fit_period,model_fit_period
NASDAQ,GARCH,2,f5f01a0430640286,p=1 q=2,"{""p"": 1, ""q"": 2}",level,2022-11-25,2022-11-28,11226.3603515625,11049.5,11049.5,11211.612086904215,11049.5,11211.612086904215,0.0171122499741613,162.11208690421518,1.4671440961510944,1.4671440961510944,fit_period,model_fit_period
NASDAQ,GARCH,2,f5f01a0430640286,p=1 q=2,"{""p"": 1, ""q"": 2}",level,2022-11-28,2022-11-29,11049.5,10983.7802734375,10983.7802734375,11038.328924955174,10983.7802734375,11038.328924955174,0.0171122499741613,54.54865151767444,0.49662912184789015,0.49662912184789015,fit_period,model_fit_period
NASDAQ,GARCH,2,f5f01a0430640286,p=1 q=2,"{""p"": 1, ""q"": 2}",level,2022-11-29,2022-11-30,10983.7802734375,11468.0,11468.0,10969.237105329405,11468.0,10969.237105329405,0.0171122499741613,-498.7628946705954,-4.349170689488973,4.349170689488973,fit_period,model_fit_period
NASDAQ,GARCH,2,f5f01a0430640286,p=1 q=2,"{""p"": 1, ""q"": 2}",level,2022-11-30,2022-12-01,11468.0,11482.4501953125,11482.4501953125,11436.771240866108,11482.4501953125,11436.771240866108,0.0171122499741613,-45.6789544463918,-0.3978153936608355,0.3978153936608355,fit_period,model_fit_period
NASDAQ,GARCH,2,f5f01a0430640286,p=1 q=2,"{""p"": 1, ""q"": 2}",level,2022-12-01,2022-12-02,11482.4501953125,11461.5,11461.5,11465.47460937845,11461.5,11465.47460937845,0.0171122499741613,3.974609378450623,0.03467791631506018,0.03467791631506018,fit_period,model_fit_period
NASDAQ,GARCH,2,f5f01a0430640286,p=1 q=2,"{""p"": 1, ""q"": 2}",level,2022-12-02,2022-12-05,11461.5,11239.9404296875,11239.9404296875,11445.598489469645,11239.9404296875,11445.598489469645,0.0171122499741613,205.65805978214485,1.829707737942724,1.829707737942724,fit_period,model_fit_period
NASDAQ,GARCH,2,f5f01a0430640286,p=1 q=2,"{""p"": 1, ""q"": 2}",level,2022-12-05,2022-12-06,11239.9404296875,11014.8896484375,11014.8896484375,11230.12556372896,11014.8896484375,11230.12556372896,0.0171122499741613,215.2359152914596,1.9540451349141892,1.9540451349141892,fit_period,model_fit_period
NASDAQ,GARCH,2,f5f01a0430640286,p=1 q=2,"{""p"": 1, ""q"": 2}",level,2022-12-06,2022-12-07,11014.8896484375,10958.5498046875,10958.5498046875,11005.180708536014,10958.5498046875,11005.180708536014,0.0171122499741613,46.63090384851421,0.42552075484082685,0.42552075484082685,fit_period,model_fit_period
NASDAQ,GARCH,2,f5f01a0430640286,p=1 q=2,"{""p"": 1, ""q"": 2}",level,2022-12-07,2022-12-08,10958.5498046875,11082.0,11082.0,10943.722043634509,11082.0,10943.722043634509,0.0171122499741613,-138.27795636549126,-1.2477707666981706,1.2477707666981706,fit_period,model_fit_period
NASDAQ,GARCH,2,f5f01a0430640286,p=1 q=2,"{""p"": 1, ""q"": 2}",level,2022-12-08,2022-12-09,11082.0,11004.6201171875,11004.6201171875,11061.717269231229,11004.6201171875,11061.717269231229,0.0171122499741613,57.097152043728784,0.5188470972710084,0.5188470972710084,fit_period,model_fit_period
NASDAQ,GARCH,2,f5f01a0430640286,p=1 q=2,"{""p"": 1, ""q"": 2}",level,2022-12-09,2022-12-12,11004.6201171875,11143.740234375,11143.740234375,10990.430727295132,11143.740234375,10990.430727295132,0.0171122499741613,-153.30950707986813,-1.3757455204039628,1.3757455204039628,fit_period,model_fit_period
NASDAQ,GARCH,2,f5f01a0430640286,p=1 q=2,"{""p"": 1, ""q"": 2}",level,2022-12-12,2022-12-13,11143.740234375,11256.8095703125,11256.8095703125,11122.98206598064,11256.8095703125,11122.98206598064,0.0171122499741613,-133.82750433186084,-1.1888582061901725,1.1888582061901725,fit_period,model_fit_period
NASDAQ,GARCH,2,f5f01a0430640286,p=1 q=2,"{""p"": 1, ""q"": 2}",level,2022-12-13,2022-12-14,11256.8095703125,11170.8896484375,11170.8896484375,11236.841802896592,11170.8896484375,11236.841802896592,0.0171122499741613,65.95215445909162,0.5903930352433167,0.5903930352433167,fit_period,model_fit_period
NASDAQ,GARCH,2,f5f01a0430640286,p=1 q=2,"{""p"": 1, ""q"": 2}",level,2022-12-14,2022-12-15,11170.8896484375,10810.5302734375,10810.5302734375,11156.959369977,10810.5302734375,11156.959369977,0.0171122499741613,346.42909653949937,3.204552300183725,3.204552300183725,fit_period,model_fit_period
NASDAQ,GARCH,2,f5f01a0430640286,p=1 q=2,"{""p"": 1, ""q"": 2}",level,2022-12-15,2022-12-16,10810.5302734375,10705.41015625,10705.41015625,10804.926701581096,10705.41015625,10804.926701581096,0.0171122499741613,99.5165453310965,0.929591149508616,0.929591149508616,fit_period,model_fit_period
NASDAQ,GARCH,2,f5f01a0430640286,p=1 q=2,"{""p"": 1, ""q"": 2}",level,2022-12-16,2022-12-19,10705.41015625,10546.0302734375,10546.0302734375,10692.062426658798,10546.0302734375,10692.062426658798,0.0171122499741613,146.03215322129836,1.3847120616476183,1.3847120616476183,fit_period,model_fit_period
NASDAQ,GARCH,2,f5f01a0430640286,p=1 q=2,"{""p"": 1, ""q"": 2}",level,2022-12-19,2022-12-20,10546.0302734375,10547.1103515625,10547.1103515625,10534.328827365747,10547.1103515625,10534.328827365747,0.0171122499741613,-12.781524196752798,-0.12118508075398378,0.12118508075398378,fit_period,model_fit_period
NASDAQ,GARCH,2,f5f01a0430640286,p=1 q=2,"{""p"": 1, ""q"": 2}",level,2022-12-20,2022-12-21,10547.1103515625,10709.3701171875,10709.3701171875,10530.540425389883,10709.3701171875,10530.540425389883,0.0171122499741613,-178.82969179761676,-1.6698432292540946,1.6698432292540946,fit_period,model_fit_period
NASDAQ,GARCH,2,f5f01a0430640286,p=1 q=2,"{""p"": 1, ""q"": 2}",level,2022-12-21,2022-12-22,10709.3701171875,10476.1201171875,10476.1201171875,10687.909873849952,10476.1201171875,10687.909873849952,0.0171122499741613,211.78975666245242,2.021643072944367,2.021643072944367,fit_period,model_fit_period
NASDAQ,GARCH,2,f5f01a0430640286,p=1 q=2,"{""p"": 1, ""q"": 2}",level,2022-12-22,2022-12-23,10476.1201171875,10497.8603515625,10497.8603515625,10466.659947964345,10497.8603515625,10466.659947964345,0.0171122499741613,-31.20040359815539,-0.29720726465475916,0.29720726465475916,fit_period,model_fit_period
NASDAQ,GARCH,2,f5f01a0430640286,p=1 q=2,"{""p"": 1, ""q"": 2}",level,2022-12-23,2022-12-27,10497.8603515625,10353.23046875,10353.23046875,10480.663580169456,10353.23046875,10480.663580169456,0.0171122499741613,127.4331114194556,1.2308536142810436,1.2308536142810436,fit_period,model_fit_period
NASDAQ,GARCH,2,f5f01a0430640286,p=1 q=2,"{""p"": 1, ""q"": 2}",level,2022-12-27,2022-12-28,10353.23046875,10213.2900390625,10213.2900390625,10341.08149619832,10213.2900390625,10341.08149619832,0.0171122499741613,127.79145713581966,1.2512271427430246,1.2512271427430246,fit_period,model_fit_period
NASDAQ,GARCH,2,f5f01a0430640286,p=1 q=2,"{""p"": 1, ""q"": 2}",level,2022-12-28,2022-12-29,10213.2900390625,10478.08984375,10478.08984375,10200.998784853206,10478.08984375,10200.998784853206,0.0171122499741613,-277.0910588967945,-2.6444806546688904,2.6444806546688904,fit_period,model_fit_period
NASDAQ,GARCH,2,f5f01a0430640286,p=1 q=2,"{""p"": 1, ""q"": 2}",level,2022-12-29,2022-12-30,10478.08984375,10466.48046875,10466.48046875,10453.518455820364,10466.48046875,10453.518455820364,0.0171122499741613,-12.96201292963633,-0.1238430909830415,0.1238430909830415,fit_period,model_fit_period
NASDAQ,GARCH,2,f5f01a0430640286,p=1 q=2,"{""p"": 1, ""q"": 2}",level,2022-12-30,2023-01-03,10466.48046875,10386.98046875,10386.98046875,10450.2955504614,10386.98046875,10450.2955504614,0.0171122499741613,63.315081711400126,0.6095619598196823,0.6095619598196823,pure_test,held_out_pure_test
NASDAQ,GARCH,2,f5f01a0430640286,p=1 q=2,"{""p"": 1, ""q"": 2}",level,2023-01-03,2023-01-04,10386.98046875,10458.759765625,10458.759765625,10372.855404863189,10458.759765625,10372.855404863189,0.0171122499741613,-85.9043607618114,-0.821362787623776,0.821362787623776,pure_test,held_out_pure_test
NASDAQ,GARCH,2,f5f01a0430640286,p=1 q=2,"{""p"": 1, ""q"": 2}",level,2023-01-04,2023-01-05,10458.759765625,10305.240234375,10305.240234375,10440.044770130293,10305.240234375,10440.044770130293,0.0171122499741613,134.80453575529282,1.30811638243646,1.30811638243646,pure_test,held_out_pure_test
NASDAQ,GARCH,2,f5f01a0430640286,p=1 q=2,"{""p"": 1, ""q"": 2}",level,2023-01-05,2023-01-06,10305.240234375,10569.2900390625,10569.2900390625,10293.360980675729,10569.2900390625,10293.360980675729,0.0171122499741613,-275.92905838677143,-2.61066786290261,2.61066786290261,pure_test,held_out_pure_test
NASDAQ,GARCH,2,f5f01a0430640286,p=1 q=2,"{""p"": 1, ""q"": 2}",level,2023-01-06,2023-01-09,10569.2900390625,10635.650390625,10635.650390625,10544.741406716588,10635.650390625,10544.741406716588,0.0171122499741613,-90.90898390841176,-0.8547571664121758,0.8547571664121758,pure_test,held_out_pure_test
NASDAQ,GARCH,2,f5f01a0430640286,p=1 q=2,"{""p"": 1, ""q"": 2}",level,2023-01-09,2023-01-10,10635.650390625,10742.6298828125,10742.6298828125,10617.09981014864,10742.6298828125,10617.09981014864,0.0171122499741613,-125.53007266385976,-1.1685227363617878,1.1685227363617878,pure_test,held_out_pure_test
NASDAQ,GARCH,2,f5f01a0430640286,p=1 q=2,"{""p"": 1, ""q"": 2}",level,2023-01-10,2023-01-11,10742.6298828125,10931.669921875,10931.669921875,10722.846885995694,10931.669921875,10722.846885995694,0.0171122499741613,-208.8230358793062,-1.9102574206108929,1.9102574206108929,pure_test,held_out_pure_test
NASDAQ,GARCH,2,f5f01a0430640286,p=1 q=2,"{""p"": 1, ""q"": 2}",level,2023-01-11,2023-01-12,10931.669921875,11001.099609375,11001.099609375,10909.397144198269,11001.099609375,10909.397144198269,0.0171122499741613,-91.7024651767315,-0.8335754463906844,0.8335754463906844,pure_test,held_out_pure_test
NASDAQ,GARCH,2,f5f01a0430640286,p=1 q=2,"{""p"": 1, ""q"": 2}",level,2023-01-12,2023-01-13,11001.099609375,11079.16015625,11079.16015625,10982.455902857431,11079.16015625,10982.455902857431,0.0171122499741613,-96.70425339256872,-0.8728482306306918,0.8728482306306918,pure_test,held_out_pure_test
NASDAQ,GARCH,2,f5f01a0430640286,p=1 q=2,"{""p"": 1, ""q"": 2}",level,2023-01-13,2023-01-17,11079.16015625,11095.1103515625,11095.1103515625,11060.254582741596,11095.1103515625,11060.254582741596,0.0171122499741613,-34.855768820903904,-0.31415432308877617,0.31415432308877617,pure_test,held_out_pure_test
NASDAQ,GARCH,2,f5f01a0430640286,p=1 q=2,"{""p"": 1, ""q"": 2}",level,2023-01-17,2023-01-18,11095.1103515625,10957.009765625,10957.009765625,11078.089254461,10957.009765625,11078.089254461,0.0171122499741613,121.07948883599965,1.105041351846355,1.105041351846355,pure_test,held_out_pure_test
NASDAQ,GARCH,2,f5f01a0430640286,p=1 q=2,"{""p"": 1, ""q"": 2}",level,2023-01-18,2023-01-19,10957.009765625,10852.26953125,10852.26953125,10944.66268912438,10852.26953125,10944.66268912438,0.0171122499741613,92.39315787437954,0.8513717578459129,0.8513717578459129,pure_test,held_out_pure_test
NASDAQ,GARCH,2,f5f01a0430640286,p=1 q=2,"{""p"": 1, ""q"": 2}",level,2023-01-19,2023-01-20,10852.26953125,11140.4296875,11140.4296875,10838.910275718605,11140.4296875,10838.910275718605,0.0171122499741613,-301.5194117813953,-2.7065330533858307,2.7065330533858307,pure_test,held_out_pure_test
NASDAQ,GARCH,2,f5f01a0430640286,p=1 q=2,"{""p"": 1, ""q"": 2}",level,2023-01-20,2023-01-23,11140.4296875,11364.41015625,11364.41015625,11115.14952832259,11364.41015625,11115.14952832259,0.0171122499741613,-249.2606279274096,-2.193344172731442,2.193344172731442,pure_test,held_out_pure_test
NASDAQ,GARCH,2,f5f01a0430640286,p=1 q=2,"{""p"": 1, ""q"": 2}",level,2023-01-23,2023-01-24,11364.41015625,11334.26953125,11334.26953125,11341.077258742404,11334.26953125,11341.077258742404,0.0171122499741613,6.807727492403501,0.060063222192076375,0.060063222192076375,pure_test,held_out_pure_test
NASDAQ,GARCH,2,f5f01a0430640286,p=1 q=2,"{""p"": 1, ""q"": 2}",level,2023-01-24,2023-01-25,11334.26953125,11313.3603515625,11313.3603515625,11318.646865509276,11313.3603515625,11318.646865509276,0.0171122499741613,5.286513946775813,0.04672806118162485,0.04672806118162485,pure_test,held_out_pure_test
NASDAQ,GARCH,2,f5f01a0430640286,p=1 q=2,"{""p"": 1, ""q"": 2}",level,2023-01-25,2023-01-26,11313.3603515625,11512.41015625,11512.41015625,11297.45759658616,11512.41015625,11297.45759658616,0.0171122499741613,-214.95255966383957,-1.8671377821536652,1.8671377821536652,pure_test,held_out_pure_test
NASDAQ,GARCH,2,f5f01a0430640286,p=1 q=2,"{""p"": 1, ""q"": 2}",level,2023-01-26,2023-01-27,11512.41015625,11621.7099609375,11621.7099609375,11489.8336744936,11621.7099609375,11489.8336744936,0.0171122499741613,-131.87628644389952,-1.1347408160000347,1.1347408160000347,pure_test,held_out_pure_test
NASDAQ,GARCH,2,f5f01a0430640286,p=1 q=2,"{""p"": 1, ""q"": 2}",level,2023-01-27,2023-01-30,11621.7099609375,11393.8095703125,11393.8095703125,11601.856564033544,11393.8095703125,11601.856564033544,0.0171122499741613,208.0469937210437,1.8259651650061548,1.8259651650061548,pure_test,held_out_pure_test
NASDAQ,GARCH,2,f5f01a0430640286,p=1 q=2,"{""p"": 1, ""q"": 2}",level,2023-01-30,2023-01-31,11393.8095703125,11584.5498046875,11584.5498046875,11384.187089777304,11584.5498046875,11384.187089777304,0.0171122499741613,-200.3627149101958,-1.7295684190431144,1.7295684190431144,pure_test,held_out_pure_test
NASDAQ,GARCH,2,f5f01a0430640286,p=1 q=2,"{""p"": 1, ""q"": 2}",level,2023-01-31,2023-02-01,11584.5498046875,11816.3203125,11816.3203125,11562.225441761722,11816.3203125,11562.225441761722,0.0171122499741613,-254.09487073827768,-2.150372231103799,2.150372231103799,pure_test,held_out_pure_test
NASDAQ,GARCH,2,f5f01a0430640286,p=1 q=2,"{""p"": 1, ""q"": 2}",level,2023-02-01,2023-02-02,11816.3203125,12200.8203125,12200.8203125,11792.75105914426,12200.8203125,11792.75105914426,0.0171122499741613,-408.0692533557394,-3.3446050585440044,3.3446050585440044,pure_test,held_out_pure_test
NASDAQ,GARCH,2,f5f01a0430640286,p=1 q=2,"{""p"": 1, ""q"": 2}",level,2023-02-02,2023-02-03,12200.8203125,12006.9501953125,12006.9501953125,12172.617127481895,12006.9501953125,12172.617127481895,0.0171122499741613,165.6669321693953,1.3797586354116091,1.3797586354116091,pure_test,held_out_pure_test
NASDAQ,GARCH,2,f5f01a0430640286,p=1 q=2,"{""p"": 1, ""q"": 2}",level,2023-02-03,2023-02-06,12006.9501953125,11887.4501953125,11887.4501953125,11996.29520979544,11887.4501953125,11996.29520979544,0.0171122499741613,108.84501448294031,0.9156296152211048,0.9156296152211048,pure_test,held_out_pure_test
NASDAQ,GARCH,2,f5f01a0430640286,p=1 q=2,"{""p"": 1, ""q"": 2}",level,2023-02-06,2023-02-07,11887.4501953125,12113.7900390625,12113.7900390625,11874.538762557697,12113.7900390625,11874.538762557697,0.0171122499741613,-239.25127650480317,-1.975032386505843,1.975032386505843,pure_test,held_out_pure_test
NASDAQ,GARCH,2,f5f01a0430640286,p=1 q=2,"{""p"": 1, ""q"": 2}",level,2023-02-07,2023-02-08,12113.7900390625,11910.51953125,11910.51953125,12090.385556281102,11910.51953125,12090.385556281102,0.0171122499741613,179.86602503110225,1.5101442431556589,1.5101442431556589,pure_test,held_out_pure_test
NASDAQ,GARCH,2,f5f01a0430640286,p=1 q=2,"{""p"": 1, ""q"": 2}",level,2023-02-08,2023-02-09,11910.51953125,11789.580078125,11789.580078125,11900.14976090083,11789.580078125,11900.14976090083,0.0171122499741613,110.56968277582928,0.937859381276743,0.937859381276743,pure_test,held_out_pure_test
NASDAQ,GARCH,2,f5f01a0430640286,p=1 q=2,"{""p"": 1, ""q"": 2}",level,2023-02-09,2023-02-10,11789.580078125,11718.1201171875,11718.1201171875,11776.712319498334,11718.1201171875,11776.712319498334,0.0171122499741613,58.59220231083418,0.500013668787149,0.500013668787149,pure_test,held_out_pure_test
NASDAQ,GARCH,2,f5f01a0430640286,p=1 q=2,"{""p"": 1, ""q"": 2}",level,2023-02-10,2023-02-13,11718.1201171875,11891.7900390625,11891.7900390625,11703.751112257967,11891.7900390625,11703.751112257967,0.0171122499741613,-188.03892680453282,-1.5812499731903864,1.5812499731903864,pure_test,held_out_pure_test
NASDAQ,GARCH,2,f5f01a0430640286,p=1 q=2,"{""p"": 1, ""q"": 2}",level,2023-02-13,2023-02-14,11891.7900390625,11960.150390625,11960.150390625,11869.9836027038,11960.150390625,11869.9836027038,0.0171122499741613,-90.16678792120001,-0.7538934292321067,0.7538934292321067,pure_test,held_out_pure_test
NASDAQ,GARCH,2,f5f01a0430640286,p=1 q=2,"{""p"": 1, ""q"": 2}",level,2023-02-14,2023-02-15,11960.150390625,12070.58984375,12070.58984375,11941.53912859204,12070.58984375,11941.53912859204,0.0171122499741613,-129.05071515796044,-1.0691334626433462,1.0691334626433462,pure_test,held_out_pure_test
NASDAQ,GARCH,2,f5f01a0430640286,p=1 q=2,"{""p"": 1, ""q"": 2}",level,2023-02-15,2023-02-16,12070.58984375,11855.830078125,11855.830078125,12050.70186902546,11855.830078125,12050.70186902546,0.0171122499741613,194.87179090046084,1.6436790137538797,1.6436790137538797,pure_test,held_out_pure_test
NASDAQ,GARCH,2,f5f01a0430640286,p=1 q=2,"{""p"": 1, ""q"": 2}",level,2023-02-16,2023-02-17,11855.830078125,11787.26953125,11787.26953125,11845.808900799952,11787.26953125,11845.808900799952,0.0171122499741613,58.539369549951516,0.49663214533912176,0.49663214533912176,pure_test,held_out_pure_test
NASDAQ,GARCH,2,f5f01a0430640286,p=1 q=2,"{""p"": 1, ""q"": 2}",level,2023-02-17,2023-02-21,11787.26953125,11492.2998046875,11492.2998046875,11772.812555841196,11492.2998046875,11772.812555841196,0.0171122499741613,280.5127511536957,2.4408756812912213,2.4408756812912213,pure_test,held_out_pure_test
NASDAQ,GARCH,2,f5f01a0430640286,p=1 q=2,"{""p"": 1, ""q"": 2}",level,2023-02-21,2023-02-22,11492.2998046875,11507.0703125,11507.0703125,11484.712260004724,11507.0703125,11484.712260004724,0.0171122499741613,-22.358052495275842,-0.19429839123333195,0.19429839123333195,pure_test,held_out_pure_test
NASDAQ,GARCH,2,f5f01a0430640286,p=1 q=2,"{""p"": 1, ""q"": 2}",level,2023-02-22,2023-02-23,11507.0703125,11590.400390625,11590.400390625,11490.0850080354,11590.400390625,11490.0850080354,0.0171122499741613,-100.31538258960063,-0.8655040309974247,0.8655040309974247,pure_test,held_out_pure_test
NASDAQ,GARCH,2,f5f01a0430640286,p=1 q=2,"{""p"": 1, ""q"": 2}",level,2023-02-23,2023-02-24,11590.400390625,11394.9404296875,11394.9404296875,11571.334935437191,11394.9404296875,11571.334935437191,0.0171122499741613,176.39450574969123,1.5480072654888706,1.5480072654888706,pure_test,held_out_pure_test
NASDAQ,GARCH,2,f5f01a0430640286,p=1 q=2,"{""p"": 1, ""q"": 2}",level,2023-02-24,2023-02-27,11394.9404296875,11466.98046875,11466.98046875,11384.333681267191,11466.98046875,11384.333681267191,0.0171122499741613,-82.64678748280858,-0.7207371435578785,0.7207371435578785,pure_test,held_out_pure_test
NASDAQ,GARCH,2,f5f01a0430640286,p=1 q=2,"{""p"": 1, ""q"": 2}",level,2023-02-27,2023-02-28,11466.98046875,11455.5400390625,11455.5400390625,11448.25756213439,11455.5400390625,11448.25756213439,0.0171122499741613,-7.282476928110555,-0.06357165967975212,0.06357165967975212,pure_test,held_out_pure_test
NASDAQ,GARCH,2,f5f01a0430640286,p=1 q=2,"{""p"": 1, ""q"": 2}",level,2023-02-28,2023-03-01,11455.5400390625,11379.48046875,11379.48046875,11439.34999484163,11379.48046875,11439.34999484163,0.0171122499741613,59.86952609163018,0.5261182727633492,0.5261182727633492,pure_test,held_out_pure_test
NASDAQ,GARCH,2,f5f01a0430640286,p=1 q=2,"{""p"": 1, ""q"": 2}",level,2023-03-01,2023-03-02,11379.48046875,11462.98046875,11462.98046875,11365.25101954878,11462.98046875,11365.25101954878,0.0171122499741613,-97.72944920122063,-0.8525657831106617,0.8525657831106617,pure_test,held_out_pure_test
NASDAQ,GARCH,2,f5f01a0430640286,p=1 q=2,"{""p"": 1, ""q"": 2}",level,2023-03-02,2023-03-03,11462.98046875,11689.009765625,11689.009765625,11443.909858000256,11689.009765625,11443.909858000256,0.0171122499741613,-245.09990762474445,-2.096840643811706,2.096840643811706,pure_test,held_out_pure_test
NASDAQ,GARCH,2,f5f01a0430640286,p=1 q=2,"{""p"": 1, ""q"": 2}",level,2023-03-03,2023-03-06,11689.009765625,11675.740234375,11675.740234375,11665.614705077489,11675.740234375,11665.614705077489,0.0171122499741613,-10.125529297511093,-0.08672280381589965,0.08672280381589965,pure_test,held_out_pure_test
NASDAQ,GARCH,2,f5f01a0430640286,p=1 q=2,"{""p"": 1, ""q"": 2}",level,2023-03-06,2023-03-07,11675.740234375,11530.330078125,11530.330078125,11659.605686519126,11530.330078125,11659.605686519126,0.0171122499741613,129.2756083941258,1.1211787305151277,1.1211787305151277,pure_test,held_out_pure_test
NASDAQ,GARCH,2,f5f01a0430640286,p=1 q=2,"{""p"": 1, ""q"": 2}",level,2023-03-07,2023-03-08,11530.330078125,11576.0,11576.0,11518.2047796767,11576.0,11518.2047796767,0.0171122499741613,-57.79522032329987,-0.4992676254604343,0.4992676254604343,pure_test,held_out_pure_test
NASDAQ,GARCH,2,f5f01a0430640286,p=1 q=2,"{""p"": 1, ""q"": 2}",level,2023-03-08,2023-03-09,11576.0,11338.349609375,11338.349609375,11558.077183263726,11338.349609375,11558.077183263726,0.0171122499741613,219.7275738887256,1.9379149652172136,1.9379149652172136,pure_test,held_out_pure_test
NASDAQ,GARCH,2,f5f01a0430640286,p=1 q=2,"{""p"": 1, ""q"": 2}",level,2023-03-09,2023-03-10,11338.349609375,11138.8896484375,11138.8896484375,11329.022951428233,11138.8896484375,11329.022951428233,0.0171122499741613,190.13330299073277,1.706932279532939,1.706932279532939,pure_test,held_out_pure_test
NASDAQ,GARCH,2,f5f01a0430640286,p=1 q=2,"{""p"": 1, ""q"": 2}",level,2023-03-10,2023-03-13,11138.8896484375,11188.83984375,11188.83984375,11128.404263130393,11188.83984375,11128.404263130393,0.0171122499741613,-60.43558061960721,-0.5401416184660652,0.5401416184660652,pure_test,held_out_pure_test
NASDAQ,GARCH,2,f5f01a0430640286,p=1 q=2,"{""p"": 1, ""q"": 2}",level,2023-03-13,2023-03-14,11188.83984375,11428.150390625,11428.150390625,11170.787160186292,11428.150390625,11170.787160186292,0.0171122499741613,-257.36323043870834,-2.2520112322798482,2.2520112322798482,pure_test,held_out_pure_test
NASDAQ,GARCH,2,f5f01a0430640286,p=1 q=2,"{""p"": 1, ""q"": 2}",level,2023-03-14,2023-03-15,11428.150390625,11434.0498046875,11434.0498046875,11404.352366615689,11434.0498046875,11404.352366615689,0.0171122499741613,-29.69743807181112,-0.259728080418509,0.259728080418509,pure_test,held_out_pure_test
NASDAQ,GARCH,2,f5f01a0430640286,p=1 q=2,"{""p"": 1, ""q"": 2}",level,2023-03-15,2023-03-16,11434.0498046875,11717.2802734375,11717.2802734375,11417.33365611165,11717.2802734375,11417.33365611165,0.0171122499741613,-299.94661732584973,-2.5598655176475895,2.5598655176475895,pure_test,held_out_pure_test
NASDAQ,GARCH,2,f5f01a0430640286,p=1 q=2,"{""p"": 1, ""q"": 2}",level,2023-03-16,2023-03-17,11717.2802734375,11630.509765625,11630.509765625,11692.149684815617,11630.509765625,11692.149684815617,0.0171122499741613,61.63991919061664,0.52998467335283,0.52998467335283,pure_test,held_out_pure_test
NASDAQ,GARCH,2,f5f01a0430640286,p=1 q=2,"{""p"": 1, ""q"": 2}",level,2023-03-17,2023-03-20,11630.509765625,11675.5400390625,11675.5400390625,11616.605294603856,11675.5400390625,11616.605294603856,0.0171122499741613,-58.93474445864376,-0.504771036384335,0.504771036384335,pure_test,held_out_pure_test
NASDAQ,GARCH,2,f5f01a0430640286,p=1 q=2,"{""p"": 1, ""q"": 2}",level,2023-03-20,2023-03-21,11675.5400390625,11860.1103515625,11860.1103515625,11657.636629757655,11860.1103515625,11657.636629757655,0.0171122499741613,-202.4737218048449,-1.7071824443705128,1.7071824443705128,pure_test,held_out_pure_test
NASDAQ,GARCH,2,f5f01a0430640286,p=1 q=2,"{""p"": 1, ""q"": 2}",level,2023-03-21,2023-03-22,11860.1103515625,11669.9599609375,11669.9599609375,11837.973188868462,11669.9599609375,11837.973188868462,0.0171122499741613,168.01322793096188,1.4397069783730827,1.4397069783730827,pure_test,held_out_pure_test
NASDAQ,GARCH,2,f5f01a0430640286,p=1 q=2,"{""p"": 1, ""q"": 2}",level,2023-03-22,2023-03-23,11669.9599609375,11787.400390625,11787.400390625,11659.192116021472,11787.400390625,11659.192116021472,0.0171122499741613,-128.20827460352848,-1.0876721783837744,1.0876721783837744,pure_test,held_out_pure_test
NASDAQ,GARCH,2,f5f01a0430640286,p=1 q=2,"{""p"": 1, ""q"": 2}",level,2023-03-23,2023-03-24,11787.400390625,11823.9599609375,11823.9599609375,11767.300000822694,11823.9599609375,11767.300000822694,0.0171122499741613,-56.65996011480638,-0.47919614327173277,0.47919614327173277,pure_test,held_out_pure_test
NASDAQ,GARCH,2,f5f01a0430640286,p=1 q=2,"{""p"": 1, ""q"": 2}",level,2023-03-24,2023-03-27,11823.9599609375,11768.83984375,11768.83984375,11806.31355935822,11768.83984375,11806.31355935822,0.0171122499741613,37.47371560821921,0.31841469597464295,0.31841469597464295,pure_test,held_out_pure_test
NASDAQ,GARCH,2,f5f01a0430640286,p=1 q=2,"{""p"": 1, ""q"": 2}",level,2023-03-27,2023-03-28,11768.83984375,11716.080078125,11716.080078125,11753.975075243789,11716.080078125,11753.975075243789,0.0171122499741613,37.894997118788524,0.3234443334809735,0.3234443334809735,pure_test,held_out_pure_test
NASDAQ,GARCH,2,f5f01a0430640286,p=1 q=2,"{""p"": 1, ""q"": 2}",level,2023-03-28,2023-03-29,11716.080078125,11926.240234375,11926.240234375,11701.14369471532,11926.240234375,11701.14369471532,0.0171122499741613,-225.09653965968027,-1.887405714089882,1.887405714089882,pure_test,held_out_pure_test
NASDAQ,GARCH,2,f5f01a0430640286,p=1 q=2,"{""p"": 1, ""q"": 2}",level,2023-03-29,2023-03-30,11926.240234375,12013.4697265625,12013.4697265625,11903.326655905006,12013.4697265625,11903.326655905006,0.0171122499741613,-110.14307065749381,-0.9168298015848069,0.9168298015848069,pure_test,held_out_pure_test
NASDAQ,GARCH,2,f5f01a0430640286,p=1 q=2,"{""p"": 1, ""q"": 2}",level,2023-03-30,2023-03-31,12013.4697265625,12221.91015625,12221.91015625,11994.285960117122,12221.91015625,11994.285960117122,0.0171122499741613,-227.62419613287784,-1.8624273392852273,1.8624273392852273,pure_test,held_out_pure_test
NASDAQ,GARCH,2,f5f01a0430640286,p=1 q=2,"{""p"": 1, ""q"": 2}",level,2023-03-31,2023-04-03,12221.91015625,12189.4501953125,12189.4501953125,12199.048755622376,12189.4501953125,12199.048755622376,0.0171122499741613,9.59856030987612,0.07874481749445339,0.07874481749445339,pure_test,held_out_pure_test
NASDAQ,GARCH,2,f5f01a0430640286,p=1 q=2,"{""p"": 1, ""q"": 2}",level,2023-04-03,2023-04-04,12189.4501953125,12126.330078125,12126.330078125,12173.89790002926,12126.330078125,12173.89790002926,0.0171122499741613,47.5678219042602,0.39226890244451634,0.39226890244451634,pure_test,held_out_pure_test
NASDAQ,GARCH,2,f5f01a0430640286,p=1 q=2,"{""p"": 1, ""q"": 2}",level,2023-04-04,2023-04-05,12126.330078125,11996.8603515625,11996.8603515625,12111.708035845191,11996.8603515625,12111.708035845191,0.0171122499741613,114.84768428269126,0.9573145049382293,0.9573145049382293,pure_test,held_out_pure_test
NASDAQ,GARCH,2,f5f01a0430640286,p=1 q=2,"{""p"": 1, ""q"": 2}",level,2023-04-05,2023-04-06,11996.8603515625,12087.9599609375,12087.9599609375,11984.251408071044,12087.9599609375,11984.251408071044,0.0171122499741613,-103.70855286645565,-0.8579491758873461,0.8579491758873461,pure_test,held_out_pure_test
NASDAQ,GARCH,2,f5f01a0430640286,p=1 q=2,"{""p"": 1, ""q"": 2}",level,2023-04-06,2023-04-10,12087.9599609375,12084.3603515625,12084.3603515625,12068.65877212454,12084.3603515625,12068.65877212454,0.0171122499741613,-15.70157943796039,-0.1299330620832586,0.1299330620832586,pure_test,held_out_pure_test
NASDAQ,GARCH,2,f5f01a0430640286,p=1 q=2,"{""p"": 1, ""q"": 2}",level,2023-04-10,2023-04-11,12084.3603515625,12031.8798828125,12031.8798828125,12067.932410750836,12031.8798828125,12067.932410750836,0.0171122499741613,36.052527938336425,0.2996416876621029,0.2996416876621029,pure_test,held_out_pure_test
NASDAQ,GARCH,2,f5f01a0430640286,p=1 q=2,"{""p"": 1, ""q"": 2}",level,2023-04-11,2023-04-12,12031.8798828125,11929.33984375,11929.33984375,12016.935025318257,11929.33984375,12016.935025318257,0.0171122499741613,87.59518156825652,0.7342835623393632,0.7342835623393632,pure_test,held_out_pure_test
NASDAQ,GARCH,2,f5f01a0430640286,p=1 q=2,"{""p"": 1, ""q"": 2}",level,2023-04-12,2023-04-13,11929.33984375,12166.26953125,12166.26953125,11915.91383258041,12166.26953125,11915.91383258041,0.0171122499741613,-250.3556986695894,-2.0577852399745997,2.0577852399745997,pure_test,held_out_pure_test
NASDAQ,GARCH,2,f5f01a0430640286,p=1 q=2,"{""p"": 1, ""q"": 2}",level,2023-04-13,2023-04-14,12166.26953125,12123.4697265625,12123.4697265625,12142.543744367147,12123.4697265625,12142.543744367147,0.0171122499741613,19.074017804647156,0.1573313435414947,0.1573313435414947,pure_test,held_out_pure_test
NASDAQ,GARCH,2,f5f01a0430640286,p=1 q=2,"{""p"": 1, ""q"": 2}",level,2023-04-14,2023-04-17,12123.4697265625,12157.7197265625,12157.7197265625,12108.231150186137,12157.7197265625,12108.231150186137,0.0171122499741613,-49.4885763763632,-0.40705475606777874,0.40705475606777874,pure_test,held_out_pure_test
NASDAQ,GARCH,2,f5f01a0430640286,p=1 q=2,"{""p"": 1, ""q"": 2}",level,2023-04-17,2023-04-18,12157.7197265625,12153.41015625,12153.41015625,12140.14339914404,12153.41015625,12140.14339914404,0.0171122499741613,-13.266757105959186,-0.10916077821282645,0.10916077821282645,pure_test,held_out_pure_test
NASDAQ,GARCH,2,f5f01a0430640286,p=1 q=2,"{""p"": 1, ""q"": 2}",level,2023-04-18,2023-04-19,12153.41015625,12157.23046875,12157.23046875,12137.003756205742,12157.23046875,12137.003756205742,0.0171122499741613,-20.22671254425768,-0.16637598996128417,0.16637598996128417,pure_test,held_out_pure_test
NASDAQ,GARCH,2,f5f01a0430640286,p=1 q=2,"{""p"": 1, ""q"": 2}",level,2023-04-19,2023-04-20,12157.23046875,12059.5595703125,12059.5595703125,12140.577401733724,12059.5595703125,12140.577401733724,0.0171122499741613,81.0178314212244,0.6718141815118127,0.6718141815118127,pure_test,held_out_pure_test
NASDAQ,GARCH,2,f5f01a0430640286,p=1 q=2,"{""p"": 1, ""q"": 2}",level,2023-04-20,2023-04-21,12059.5595703125,12072.4599609375,12072.4599609375,12045.985825626694,12072.4599609375,12045.985825626694,0.0171122499741613,-26.47413531080565,-0.21929362695314147,0.21929362695314147,pure_test,held_out_pure_test
NASDAQ,GARCH,2,f5f01a0430640286,p=1 q=2,"{""p"": 1, ""q"": 2}",level,2023-04-21,2023-04-24,12072.4599609375,12037.2001953125,12037.2001953125,12055.531397283885,12037.2001953125,12055.531397283885,0.0171122499741613,18.33120197138487,0.15228792139324365,0.15228792139324365,pure_test,held_out_pure_test
NASDAQ,GARCH,2,f5f01a0430640286,p=1 q=2,"{""p"": 1, ""q"": 2}",level,2023-04-24,2023-04-25,12037.2001953125,11799.16015625,11799.16015625,12021.732848282569,11799.16015625,12021.732848282569,0.0171122499741613,222.57269203256874,1.8863435116157168,1.8863435116157168,pure_test,held_out_pure_test
NASDAQ,GARCH,2,f5f01a0430640286,p=1 q=2,"{""p"": 1, ""q"": 2}",level,2023-04-25,2023-04-26,11799.16015625,11854.349609375,11854.349609375,11789.845320540087,11854.349609375,11789.845320540087,0.0171122499741613,-64.50428883491259,-0.5441402604146197,0.5441402604146197,pure_test,held_out_pure_test
NASDAQ,GARCH,2,f5f01a0430640286,p=1 q=2,"{""p"": 1, ""q"": 2}",level,2023-04-26,2023-04-27,11854.349609375,12142.240234375,12142.240234375,11836.137962651548,12142.240234375,11836.137962651548,0.0171122499741613,-306.10227172345185,-2.5209703136729935,2.5209703136729935,pure_test,held_out_pure_test
NASDAQ,GARCH,2,f5f01a0430640286,p=1 q=2,"{""p"": 1, ""q"": 2}",level,2023-04-27,2023-04-28,12142.240234375,12226.580078125,12226.580078125,12116.968252985493,12226.580078125,12116.968252985493,0.0171122499741613,-109.61182513950735,-0.8965043735788201,0.8965043735788201,pure_test,held_out_pure_test
NASDAQ,GARCH,2,f5f01a0430640286,p=1 q=2,"{""p"": 1, ""q"": 2}",level,2023-04-28,2023-05-01,12226.580078125,12212.599609375,12212.599609375,12207.48398586223,12212.599609375,12207.48398586223,0.0171122499741613,-5.115623512769162,-0.041888080149963765,0.041888080149963765,pure_test,held_out_pure_test
NASDAQ,GARCH,2,f5f01a0430640286,p=1 q=2,"{""p"": 1, ""q"": 2}",level,2023-05-01,2023-05-02,12212.599609375,12080.509765625,12080.509765625,12196.4866319162,12080.509765625,12196.4866319162,0.0171122499741613,115.97686629119926,0.9600328838871565,0.9600328838871565,pure_test,held_out_pure_test
NASDAQ,GARCH,2,f5f01a0430640286,p=1 q=2,"{""p"": 1, ""q"": 2}",level,2023-05-02,2023-05-03,12080.509765625,12025.330078125,12025.330078125,12067.980318528247,12025.330078125,12067.980318528247,0.0171122499741613,42.65024040324715,0.35467001842079343,0.35467001842079343,pure_test,held_out_pure_test
NASDAQ,GARCH,2,f5f01a0430640286,p=1 q=2,"{""p"": 1, ""q"": 2}",level,2023-05-03,2023-05-04,12025.330078125,11966.400390625,11966.400390625,12010.467117028433,11966.400390625,12010.467117028433,0.0171122499741613,44.06672640343277,0.36825381873363155,0.36825381873363155,pure_test,held_out_pure_test
NASDAQ,GARCH,2,f5f01a0430640286,p=1 q=2,"{""p"": 1, ""q"": 2}",level,2023-05-04,2023-05-05,11966.400390625,12235.41015625,12235.41015625,11951.65120744706,12235.41015625,11951.65120744706,0.0171122499741613,-283.7589488029407,-2.3191617214237246,2.3191617214237246,pure_test,held_out_pure_test
NASDAQ,GARCH,2,f5f01a0430640286,p=1 q=2,"{""p"": 1, ""q"": 2}",level,2023-05-05,2023-05-08,12235.41015625,12256.919921875,12256.919921875,12210.711034828906,12256.919921875,12210.711034828906,0.0171122499741613,-46.20888704609388,-0.3770024389538892,0.3770024389538892,pure_test,held_out_pure_test
NASDAQ,GARCH,2,f5f01a0430640286,p=1 q=2,"{""p"": 1, ""q"": 2}",level,2023-05-08,2023-05-09,12256.919921875,12179.5498046875,12179.5498046875,12239.730143083205,12179.5498046875,12239.730143083205,0.0171122499741613,60.180338395704894,0.49410971144880494,0.49410971144880494,pure_test,held_out_pure_test
NASDAQ,GARCH,2,f5f01a0430640286,p=1 q=2,"{""p"": 1, ""q"": 2}",level,2023-05-09,2023-05-10,12179.5498046875,12306.4404296875,12306.4404296875,12165.360118498467,12306.4404296875,12165.360118498467,0.0171122499741613,-141.08031118903273,-1.146394133990987,1.146394133990987,pure_test,held_out_pure_test
NASDAQ,GARCH,2,f5f01a0430640286,p=1 q=2,"{""p"": 1, ""q"": 2}",level,2023-05-10,2023-05-11,12306.4404296875,12328.509765625,12328.509765625,12286.053313604323,12328.509765625,12286.053313604323,0.0171122499741613,-42.45645202067681,-0.344376188426732,0.344376188426732,pure_test,held_out_pure_test
NASDAQ,GARCH,2,f5f01a0430640286,p=1 q=2,"{""p"": 1, ""q"": 2}",level,2023-05-11,2023-05-12,12328.509765625,12284.740234375,12284.740234375,12311.30300903441,12284.740234375,12311.30300903441,0.0171122499741613,26.562774659409115,0.21622577403046347,0.21622577403046347,pure_test,held_out_pure_test
NASDAQ,GARCH,2,f5f01a0430640286,p=1 q=2,"{""p"": 1, ""q"": 2}",level,2023-05-12,2023-05-15,12284.740234375,12365.2099609375,12365.2099609375,12269.531080257282,12365.2099609375,12269.531080257282,0.0171122499741613,-95.67888068021784,-0.7737748164606475,0.7737748164606475,pure_test,held_out_pure_test
NASDAQ,GARCH,2,f5f01a0430640286,p=1 q=2,"{""p"": 1, ""q"": 2}",level,2023-05-15,2023-05-16,12365.2099609375,12343.0498046875,12343.0498046875,12346.231291042312,12343.0498046875,12346.231291042312,0.0171122499741613,3.181486354811568,0.02577552878060445,0.02577552878060445,pure_test,held_out_pure_test
NASDAQ,GARCH,2,f5f01a0430640286,p=1 q=2,"{""p"": 1, ""q"": 2}",level,2023-05-16,2023-05-17,12343.0498046875,12500.5703125,12500.5703125,12327.1850053137,12500.5703125,12327.1850053137,0.0171122499741613,-173.38530718629954,-1.3870191747405487,1.3870191747405487,pure_test,held_out_pure_test
NASDAQ,GARCH,2,f5f01a0430640286,p=1 q=2,"{""p"": 1, ""q"": 2}",level,2023-05-17,2023-05-18,12500.5703125,12688.83984375,12688.83984375,12479.253861933048,12688.83984375,12479.253861933048,0.0171122499741613,-209.58598181695197,-1.6517347874020603,1.6517347874020603,pure_test,held_out_pure_test
NASDAQ,GARCH,2,f5f01a0430640286,p=1 q=2,"{""p"": 1, ""q"": 2}",level,2023-05-18,2023-05-19,12688.83984375,12657.900390625,12657.900390625,12666.590443879984,12657.900390625,12666.590443879984,0.0171122499741613,8.690053254984377,0.06865319671357673,0.06865319671357673,pure_test,held_out_pure_test
NASDAQ,GARCH,2,f5f01a0430640286,p=1 q=2,"{""p"": 1, ""q"": 2}",level,2023-05-19,2023-05-22,12657.900390625,12720.7802734375,12720.7802734375,12642.301961951316,12720.7802734375,12642.301961951316,0.0171122499741613,-78.47831148618388,-0.6169300137198024,0.6169300137198024,pure_test,held_out_pure_test
NASDAQ,GARCH,2,f5f01a0430640286,p=1 q=2,"{""p"": 1, ""q"": 2}",level,2023-05-22,2023-05-23,12720.7802734375,12560.25,12560.25,12702.335293091866,12560.25,12702.335293091866,0.0171122499741613,142.08529309186633,1.131229817016909,1.131229817016909,pure_test,held_out_pure_test
NASDAQ,GARCH,2,f5f01a0430640286,p=1 q=2,"{""p"": 1, ""q"": 2}",level,2023-05-23,2023-05-24,12560.25,12484.16015625,12484.16015625,12548.58345767516,12484.16015625,12548.58345767516,0.0171122499741613,64.42330142516039,0.5160403312585498,0.5160403312585498,pure_test,held_out_pure_test
NASDAQ,GARCH,2,f5f01a0430640286,p=1 q=2,"{""p"": 1, ""q"": 2}",level,2023-05-24,2023-05-25,12484.16015625,12698.08984375,12698.08984375,12469.931625568435,12698.08984375,12469.931625568435,0.0171122499741613,-228.15821818156473,-1.7967916512566195,1.7967916512566195,pure_test,held_out_pure_test
NASDAQ,GARCH,2,f5f01a0430640286,p=1 q=2,"{""p"": 1, ""q"": 2}",level,2023-05-25,2023-05-26,12698.08984375,12975.6904296875,12975.6904296875,12675.061894768054,12975.6904296875,12675.061894768054,0.0171122499741613,-300.6285349194459,-2.3168596426408894,2.3168596426408894,pure_test,held_out_pure_test
NASDAQ,GARCH,2,f5f01a0430640286,p=1 q=2,"{""p"": 1, ""q"": 2}",level,2023-05-26,2023-05-30,12975.6904296875,13017.4296875,13017.4296875,12950.730656091888,13017.4296875,12950.730656091888,0.0171122499741613,-66.6990314081122,-0.5123824979992787,0.5123824979992787,pure_test,held_out_pure_test
NASDAQ,GARCH,2,f5f01a0430640286,p=1 q=2,"{""p"": 1, ""q"": 2}",level,2023-05-30,2023-05-31,13017.4296875,12935.2900390625,12935.2900390625,12999.626130170618,12935.2900390625,12999.626130170618,0.0171122499741613,64.33609110811813,0.4973687556586165,0.4973687556586165,pure_test,held_out_pure_test
NASDAQ,GARCH,2,f5f01a0430640286,p=1 q=2,"{""p"": 1, ""q"": 2}",level,2023-05-31,2023-06-01,12935.2900390625,13100.98046875,13100.98046875,12921.24506416372,13100.98046875,12921.24506416372,0.0171122499741613,-179.7354045862794,-1.3719233076868211,1.3719233076868211,pure_test,held_out_pure_test
NASDAQ,GARCH,2,f5f01a0430640286,p=1 q=2,"{""p"": 1, ""q"": 2}",level,2023-06-01,2023-06-02,13100.98046875,13240.76953125,13240.76953125,13079.41613639471,13240.76953125,13079.41613639471,0.0171122499741613,-161.3533948552904,-1.2186104023219695,1.2186104023219695,pure_test,held_out_pure_test
NASDAQ,GARCH,2,f5f01a0430640286,p=1 q=2,"{""p"": 1, ""q"": 2}",level,2023-06-02,2023-06-05,13240.76953125,13229.4296875,13229.4296875,13219.991066534218,13229.4296875,13219.991066534218,0.0171122499741613,-9.43862096578232,-0.07134563763319687,0.07134563763319687,pure_test,held_out_pure_test
NASDAQ,GARCH,2,f5f01a0430640286,p=1 q=2,"{""p"": 1, ""q"": 2}",level,2023-06-05,2023-06-06,13229.4296875,13276.419921875,13276.419921875,13213.2365914235,13276.419921875,13213.2365914235,0.0171122499741613,-63.1833304515003,-0.47590638759019493,0.47590638759019493,pure_test,held_out_pure_test
NASDAQ,GARCH,2,f5f01a0430640286,p=1 q=2,"{""p"": 1, ""q"": 2}",level,2023-06-06,2023-06-07,13276.419921875,13104.900390625,13104.900390625,13258.457045829877,13104.900390625,13258.457045829877,0.0171122499741613,153.55665520487673,1.1717498846059775,1.1717498846059775,pure_test,held_out_pure_test
NASDAQ,GARCH,2,f5f01a0430640286,p=1 q=2,"{""p"": 1, ""q"": 2}",level,2023-06-07,2023-06-08,13104.900390625,13238.51953125,13238.51953125,13093.567270935131,13238.51953125,13093.567270935131,0.0171122499741613,-144.9522603148689,-1.0949280240339858,1.0949280240339858,pure_test,held_out_pure_test
NASDAQ,GARCH,2,f5f01a0430640286,p=1 q=2,"{""p"": 1, ""q"": 2}",level,2023-06-08,2023-06-09,13238.51953125,13259.1396484375,13259.1396484375,13217.928266765955,13259.1396484375,13217.928266765955,0.0171122499741613,-41.211381671544586,-0.3108149002443086,0.3108149002443086,pure_test,held_out_pure_test
NASDAQ,GARCH,2,f5f01a0430640286,p=1 q=2,"{""p"": 1, ""q"": 2}",level,2023-06-09,2023-06-12,13259.1396484375,13461.919921875,13461.919921875,13241.976862271713,13461.919921875,13241.976862271713,0.0171122499741613,-219.9430596032871,-1.633816430937832,1.633816430937832,pure_test,held_out_pure_test
NASDAQ,GARCH,2,f5f01a0430640286,p=1 q=2,"{""p"": 1, ""q"": 2}",level,2023-06-12,2023-06-13,13461.919921875,13573.3203125,13573.3203125,13439.2302547933,13573.3203125,13439.2302547933,0.0171122499741613,-134.09005770670046,-0.9878943001382917,0.9878943001382917,pure_test,held_out_pure_test
NASDAQ,GARCH,2,f5f01a0430640286,p=1 q=2,"{""p"": 1, ""q"": 2}",level,2023-06-13,2023-06-14,13573.3203125,13626.48046875,13626.48046875,13553.403182183814,13626.48046875,13553.403182183814,0.0171122499741613,-73.07728656618565,-0.5362887851619198,0.5362887851619198,pure_test,held_out_pure_test
NASDAQ,GARCH,2,f5f01a0430640286,p=1 q=2,"{""p"": 1, ""q"": 2}",level,2023-06-14,2023-06-15,13626.48046875,13782.8203125,13782.8203125,13608.330392473135,13782.8203125,13608.330392473135,0.0171122499741613,-174.48992002686464,-1.2659957546469294,1.2659957546469294,pure_test,held_out_pure_test
NASDAQ,GARCH,2,f5f01a0430640286,p=1 q=2,"{""p"": 1, ""q"": 2}",level,2023-06-15,2023-06-16,13782.8203125,13689.5703125,13689.5703125,13761.539684199615,13689.5703125,13761.539684199615,0.0171122499741613,71.9693716996153,0.5257241100832784,0.5257241100832784,pure_test,held_out_pure_test
NASDAQ,GARCH,2,f5f01a0430640286,p=1 q=2,"{""p"": 1, ""q"": 2}",level,2023-06-16,2023-06-20,13689.5703125,13667.2900390625,13667.2900390625,13675.862434314817,13667.2900390625,13675.862434314817,0.0171122499741613,8.57239525231671,0.06272198239604146,0.06272198239604146,pure_test,held_out_pure_test
NASDAQ,GARCH,2,f5f01a0430640286,p=1 q=2,"{""p"": 1, ""q"": 2}",level,2023-06-20,2023-06-21,13667.2900390625,13502.2001953125,13502.2001953125,13651.428884137656,13502.2001953125,13651.428884137656,0.0171122499741613,149.2286888251565,1.1052175694814803,1.1052175694814803,pure_test,held_out_pure_test
NASDAQ,GARCH,2,f5f01a0430640286,p=1 q=2,"{""p"": 1, ""q"": 2}",level,2023-06-21,2023-06-22,13502.2001953125,13630.6103515625,13630.6103515625,13490.671993899656,13630.6103515625,13490.671993899656,0.0171122499741613,-139.93835766284428,-1.026647773309747,1.026647773309747,pure_test,held_out_pure_test
NASDAQ,GARCH,2,f5f01a0430640286,p=1 q=2,"{""p"": 1, ""q"": 2}",level,2023-06-22,2023-06-23,13630.6103515625,13492.51953125,13492.51953125,13610.177131718548,13492.51953125,13610.177131718548,0.0171122499741613,117.65760046854848,0.8720209757417207,0.8720209757417207,pure_test,held_out_pure_test
NASDAQ,GARCH,2,f5f01a0430640286,p=1 q=2,"{""p"": 1, ""q"": 2}",level,2023-06-23,2023-06-26,13492.51953125,13335.7802734375,13335.7802734375,13480.172158452717,13335.7802734375,13480.172158452717,0.0171122499741613,144.39188501521676,1.0827404325401169,1.0827404325401169,pure_test,held_out_pure_test
NASDAQ,GARCH,2,f5f01a0430640286,p=1 q=2,"{""p"": 1, ""q"": 2}",level,2023-06-26,2023-06-27,13335.7802734375,13555.669921875,13555.669921875,13323.998708748048,13555.669921875,13323.998708748048,0.0171122499741613,-231.67121312695235,-1.7090355140110105,1.7090355140110105,pure_test,held_out_pure_test
NASDAQ,GARCH,2,f5f01a0430640286,p=1 q=2,"{""p"": 1, ""q"": 2}",level,2023-06-27,2023-06-28,13555.669921875,13591.75,13591.75,13532.46114303957,13591.75,13532.46114303957,0.0171122499741613,-59.28885696042926,-0.43621209160284186,0.43621209160284186,pure_test,held_out_pure_test
NASDAQ,GARCH,2,f5f01a0430640286,p=1 q=2,"{""p"": 1, ""q"": 2}",level,2023-06-28,2023-06-29,13591.75,13591.330078125,13591.330078125,13574.118146586878,13591.330078125,13574.118146586878,0.0171122499741613,-17.21193153812237,-0.1266390518012999,0.1266390518012999,pure_test,held_out_pure_test
NASDAQ,GARCH,2,f5f01a0430640286,p=1 q=2,"{""p"": 1, ""q"": 2}",level,2023-06-29,2023-06-30,13591.330078125,13787.919921875,13787.919921875,13574.805663119834,13787.919921875,13574.805663119834,0.0171122499741613,-213.1142587551658,-1.5456592434733598,1.5456592434733598,pure_test,held_out_pure_test
NASDAQ,GARCH,2,f5f01a0430640286,p=1 q=2,"{""p"": 1, ""q"": 2}",level,2023-06-30,2023-07-03,13787.919921875,13816.76953125,13816.76953125,13765.418077248032,13816.76953125,13765.418077248032,0.0171122499741613,-51.351454001967795,-0.3716603500248299,0.3716603500248299,pure_test,held_out_pure_test
NASDAQ,GARCH,2,f5f01a0430640286,p=1 q=2,"{""p"": 1, ""q"": 2}",level,2023-07-03,2023-07-05,13816.76953125,13791.650390625,13791.650390625,13799.357055886228,13791.650390625,13799.357055886228,0.0171122499741613,7.706665261228409,0.05587920983312544,0.05587920983312544,pure_test,held_out_pure_test
NASDAQ,GARCH,2,f5f01a0430640286,p=1 q=2,"{""p"": 1, ""q"": 2}",level,2023-07-05,2023-07-06,13791.650390625,13679.0400390625,13679.0400390625,13775.875369140116,13679.0400390625,13775.875369140116,0.0171122499741613,96.83533007761616,0.7079102758752713,0.7079102758752713,pure_test,held_out_pure_test
NASDAQ,GARCH,2,f5f01a0430640286,p=1 q=2,"{""p"": 1, ""q"": 2}",level,2023-07-06,2023-07-07,13679.0400390625,13660.7197265625,13660.7197265625,13665.919569011889,13660.7197265625,13665.919569011889,0.0171122499741613,5.199842449388598,0.03806419100508882,0.03806419100508882,pure_test,held_out_pure_test
NASDAQ,GARCH,2,f5f01a0430640286,p=1 q=2,"{""p"": 1, ""q"": 2}",level,2023-07-07,2023-07-10,13660.7197265625,13685.48046875,13685.48046875,13644.738423340776,13685.48046875,13644.738423340776,0.0171122499741613,-40.742045409224374,-0.2977027039880439,0.2977027039880439,pure_test,held_out_pure_test
NASDAQ,GARCH,2,f5f01a0430640286,p=1 q=2,"{""p"": 1, ""q"": 2}",level,2023-07-10,2023-07-11,13685.48046875,13760.7001953125,13760.7001953125,13668.192052799062,13760.7001953125,13668.192052799062,0.0171122499741613,-92.50814251343763,-0.6722633383506893,0.6722633383506893,pure_test,held_out_pure_test
NASDAQ,GARCH,2,f5f01a0430640286,p=1 q=2,"{""p"": 1, ""q"": 2}",level,2023-07-11,2023-07-12,13760.7001953125,13918.9599609375,13918.9599609375,13741.880814503387,13918.9599609375,13741.880814503387,0.0171122499741613,-177.07914643411277,-1.2722153589856706,1.2722153589856706,pure_test,held_out_pure_test
NASDAQ,GARCH,2,f5f01a0430640286,p=1 q=2,"{""p"": 1, ""q"": 2}",level,2023-07-12,2023-07-13,13918.9599609375,14138.5703125,14138.5703125,13897.621080713152,14138.5703125,13897.621080713152,0.0171122499741613,-240.94923178684803,-1.7041979949968724,1.7041979949968724,pure_test,held_out_pure_test
NASDAQ,GARCH,2,f5f01a0430640286,p=1 q=2,"{""p"": 1, ""q"": 2}",level,2023-07-13,2023-07-14,14138.5703125,14113.7001953125,14113.7001953125,14115.370007749136,14113.7001953125,14115.370007749136,0.0171122499741613,1.669812436635766,0.011831145720314728,0.011831145720314728,pure_test,held_out_pure_test
NASDAQ,GARCH,2,f5f01a0430640286,p=1 q=2,"{""p"": 1, ""q"": 2}",level,2023-07-14,2023-07-17,14113.7001953125,14244.9501953125,14244.9501953125,14097.917618262709,14244.9501953125,14097.917618262709,0.0171122499741613,-147.03257704979114,-1.0321733318391964,1.0321733318391964,pure_test,held_out_pure_test
NASDAQ,GARCH,2,f5f01a0430640286,p=1 q=2,"{""p"": 1, ""q"": 2}",level,2023-07-17,2023-07-18,14244.9501953125,14353.6396484375,14353.6396484375,14224.43081239892,14353.6396484375,14224.43081239892,0.0171122499741613,-129.20883603858056,-0.900181690520884,0.900181690520884,pure_test,held_out_pure_test
NASDAQ,GARCH,2,f5f01a0430640286,p=1 q=2,"{""p"": 1, ""q"": 2}",level,2023-07-18,2023-07-19,14353.6396484375,14358.01953125,14358.01953125,14333.804770074988,14358.01953125,14333.804770074988,0.0171122499741613,-24.214761175011517,-0.16864973001539996,0.16864973001539996,pure_test,held_out_pure_test
NASDAQ,GARCH,2,f5f01a0430640286,p=1 q=2,"{""p"": 1, ""q"": 2}",level,2023-07-19,2023-07-20,14358.01953125,14063.3095703125,14063.3095703125,14341.349486434929,14063.3095703125,14341.349486434929,0.0171122499741613,278.0399161224286,1.9770589186870209,1.9770589186870209,pure_test,held_out_pure_test
NASDAQ,GARCH,2,f5f01a0430640286,p=1 q=2,"{""p"": 1, ""q"": 2}",level,2023-07-20,2023-07-21,14063.3095703125,14032.8095703125,14032.8095703125,14055.714144138488,14032.8095703125,14055.714144138488,0.0171122499741613,22.904573825988336,0.16322158232977624,0.16322158232977624,pure_test,held_out_pure_test
NASDAQ,GARCH,2,f5f01a0430640286,p=1 q=2,"{""p"": 1, ""q"": 2}",level,2023-07-21,2023-07-24,14032.8095703125,14058.8701171875,14058.8701171875,14017.197808288978,14058.8701171875,14017.197808288978,0.0171122499741613,-41.672308898521806,-0.2964129304215979,0.2964129304215979,pure_test,held_out_pure_test
NASDAQ,GARCH,2,f5f01a0430640286,p=1 q=2,"{""p"": 1, ""q"": 2}",level,2023-07-24,2023-07-25,14058.8701171875,14144.5595703125,14144.5595703125,14041.542264150708,14144.5595703125,14041.542264150708,0.0171122499741613,-103.01730616179157,-0.7283175248383896,0.7283175248383896,pure_test,held_out_pure_test
NASDAQ,GARCH,2,f5f01a0430640286,p=1 q=2,"{""p"": 1, ""q"": 2}",level,2023-07-25,2023-07-26,14144.5595703125,14127.2802734375,14127.2802734375,14125.422529850892,14127.2802734375,14125.422529850892,0.0171122499741613,-1.8577435866081942,-0.013150044103684802,0.013150044103684802,pure_test,held_out_pure_test
NASDAQ,GARCH,2,f5f01a0430640286,p=1 q=2,"{""p"": 1, ""q"": 2}",level,2023-07-26,2023-07-27,14127.2802734375,14050.1103515625,14050.1103515625,14111.26738499149,14050.1103515625,14111.26738499149,0.0171122499741613,61.15703342898996,0.4352779579570259,0.4352779579570259,pure_test,held_out_pure_test
NASDAQ,GARCH,2,f5f01a0430640286,p=1 q=2,"{""p"": 1, ""q"": 2}",level,2023-07-27,2023-07-28,14050.1103515625,14316.66015625,14316.66015625,14035.914591291876,14316.66015625,14035.914591291876,0.0171122499741613,-280.7455649581243,-1.9609710777102132,1.9609710777102132,pure_test,held_out_pure_test
NASDAQ,GARCH,2,f5f01a0430640286,p=1 q=2,"{""p"": 1, ""q"": 2}",level,2023-07-28,2023-07-31,14316.66015625,14346.01953125,14346.01953125,14292.035671958338,14346.01953125,14292.035671958338,0.0171122499741613,-53.98385929166216,-0.3762985208131696,0.3762985208131696,pure_test,held_out_pure_test
NASDAQ,GARCH,2,f5f01a0430640286,p=1 q=2,"{""p"": 1, ""q"": 2}",level,2023-07-31,2023-08-01,14346.01953125,14283.91015625,14283.91015625,14328.591589200414,14283.91015625,14328.591589200414,0.0171122499741613,44.68143295041409,0.31280953507582443,0.31280953507582443,pure_test,held_out_pure_test
NASDAQ,GARCH,2,f5f01a0430640286,p=1 q=2,"{""p"": 1, ""q"": 2}",level,2023-08-01,2023-08-02,14283.91015625,13973.4501953125,13973.4501953125,14269.25744726556,13973.4501953125,14269.25744726556,0.0171122499741613,295.8072519530597,2.1169235072114865,2.1169235072114865,pure_test,held_out_pure_test
NASDAQ,GARCH,2,f5f01a0430640286,p=1 q=2,"{""p"": 1, ""q"": 2}",level,2023-08-02,2023-08-03,13973.4501953125,13959.7197265625,13959.7197265625,13966.332636396715,13959.7197265625,13966.332636396715,0.0171122499741613,6.612909834215316,0.04737136535508157,0.04737136535508157,pure_test,held_out_pure_test
NASDAQ,GARCH,2,f5f01a0430640286,p=1 q=2,"{""p"": 1, ""q"": 2}",level,2023-08-03,2023-08-04,13959.7197265625,13909.240234375,13909.240234375,13943.599163909124,13909.240234375,13943.599163909124,0.0171122499741613,34.3589295341244,0.24702233159515408,0.24702233159515408,pure_test,held_out_pure_test
NASDAQ,GARCH,2,f5f01a0430640286,p=1 q=2,"{""p"": 1, ""q"": 2}",level,2023-08-04,2023-08-07,13909.240234375,13994.400390625,13994.400390625,13894.23466569449,13994.400390625,13894.23466569449,0.0171122499741613,-100.1657249305099,-0.7157557461169397,0.7157557461169397,pure_test,held_out_pure_test
NASDAQ,GARCH,2,f5f01a0430640286,p=1 q=2,"{""p"": 1, ""q"": 2}",level,2023-08-07,2023-08-08,13994.400390625,13884.3203125,13884.3203125,13975.27940944253,13884.3203125,13975.27940944253,0.0171122499741613,90.95909694252987,0.6551209918474709,0.6551209918474709,pure_test,held_out_pure_test
NASDAQ,GARCH,2,f5f01a0430640286,p=1 q=2,"{""p"": 1, ""q"": 2}",level,2023-08-08,2023-08-09,13884.3203125,13722.01953125,13722.01953125,13871.12307198398,13722.01953125,13871.12307198398,0.0171122499741613,149.10354073398048,1.0866005575521722,1.0866005575521722,pure_test,held_out_pure_test
NASDAQ,GARCH,2,f5f01a0430640286,p=1 q=2,"{""p"": 1, ""q"": 2}",level,2023-08-09,2023-08-10,13722.01953125,13737.990234375,13737.990234375,13710.406707510178,13737.990234375,13710.406707510178,0.0171122499741613,-27.58352686482249,-0.20078283936906133,0.20078283936906133,pure_test,held_out_pure_test
NASDAQ,GARCH,2,f5f01a0430640286,p=1 q=2,"{""p"": 1, ""q"": 2}",level,2023-08-10,2023-08-11,13737.990234375,13644.849609375,13644.849609375,13720.968515050508,13644.849609375,13720.968515050508,0.0171122499741613,76.11890567550836,0.5578581505450171,0.5578581505450171,pure_test,held_out_pure_test
NASDAQ,GARCH,2,f5f01a0430640286,p=1 q=2,"{""p"": 1, ""q"": 2}",level,2023-08-11,2023-08-14,13644.849609375,13788.330078125,13788.330078125,13631.13841266719,13788.330078125,13631.13841266719,0.0171122499741613,-157.1916654578108,-1.1400341054149354,1.1400341054149354,pure_test,held_out_pure_test
NASDAQ,GARCH,2,f5f01a0430640286,p=1 q=2,"{""p"": 1, ""q"": 2}",level,2023-08-14,2023-08-15,13788.330078125,13631.0498046875,13631.0498046875,13767.43961327057,13631.0498046875,13767.43961327057,0.0171122499741613,136.38980858306968,1.0005818373297075,1.0005818373297075,pure_test,held_out_pure_test
NASDAQ,GARCH,2,f5f01a0430640286,p=1 q=2,"{""p"": 1, ""q"": 2}",level,2023-08-15,2023-08-16,13631.0498046875,13474.6298828125,13474.6298828125,13619.284654833184,13474.6298828125,13619.284654833184,0.0171122499741613,144.6547720206836,1.0735342883532355,1.0735342883532355,pure_test,held_out_pure_test
NASDAQ,GARCH,2,f5f01a0430640286,p=1 q=2,"{""p"": 1, ""q"": 2}",level,2023-08-16,2023-08-17,13474.6298828125,13316.9296875,13316.9296875,13462.838629222166,13316.9296875,13462.838629222166,0.0171122499741613,145.90894172216576,1.0956650304996647,1.0956650304996647,pure_test,held_out_pure_test
NASDAQ,GARCH,2,f5f01a0430640286,p=1 q=2,"{""p"": 1, ""q"": 2}",level,2023-08-17,2023-08-18,13316.9296875,13290.7802734375,13290.7802734375,13305.177278402196,13290.7802734375,13305.177278402196,0.0171122499741613,14.397004964695952,0.10832324866185107,0.10832324866185107,pure_test,held_out_pure_test
NASDAQ,GARCH,2,f5f01a0430640286,p=1 q=2,"{""p"": 1, ""q"": 2}",level,2023-08-18,2023-08-21,13290.7802734375,13497.58984375,13497.58984375,13275.036511250571,13497.58984375,13275.036511250571,0.0171122499741613,-222.5533324994285,-1.6488375708236598,1.6488375708236598,pure_test,held_out_pure_test
NASDAQ,GARCH,2,f5f01a0430640286,p=1 q=2,"{""p"": 1, ""q"": 2}",level,2023-08-21,2023-08-22,13497.58984375,13505.8701171875,13505.8701171875,13474.777924665112,13505.8701171875,13474.777924665112,0.0171122499741613,-31.09219252238836,-0.23021243542702663,0.23021243542702663,pure_test,held_out_pure_test
NASDAQ,GARCH,2,f5f01a0430640286,p=1 q=2,"{""p"": 1, ""q"": 2}",level,2023-08-22,2023-08-23,13505.8701171875,13721.0302734375,13721.0302734375,13489.08173148519,13721.0302734375,13489.08173148519,0.0171122499741613,-231.94854195230982,-1.6904600990593126,1.6904600990593126,pure_test,held_out_pure_test
NASDAQ,GARCH,2,f5f01a0430640286,p=1 q=2,"{""p"": 1, ""q"": 2}",level,2023-08-23,2023-08-24,13721.0302734375,13463.9697265625,13463.9697265625,13697.964991076004,13463.9697265625,13697.964991076004,0.0171122499741613,233.99526451350357,1.7379366506734202,1.7379366506734202,pure_test,held_out_pure_test
NASDAQ,GARCH,2,f5f01a0430640286,p=1 q=2,"{""p"": 1, ""q"": 2}",level,2023-08-24,2023-08-25,13463.9697265625,13590.650390625,13590.650390625,13455.231987863284,13590.650390625,13455.231987863284,0.0171122499741613,-135.4184027617157,-0.9964085519787118,0.9964085519787118,pure_test,held_out_pure_test
NASDAQ,GARCH,2,f5f01a0430640286,p=1 q=2,"{""p"": 1, ""q"": 2}",level,2023-08-25,2023-08-28,13590.650390625,13705.1298828125,13705.1298828125,13570.26964492008,13705.1298828125,13570.26964492008,0.0171122499741613,-134.86023789242063,-0.9840128407797714,0.9840128407797714,pure_test,held_out_pure_test
NASDAQ,GARCH,2,f5f01a0430640286,p=1 q=2,"{""p"": 1, ""q"": 2}",level,2023-08-28,2023-08-29,13705.1298828125,13943.759765625,13943.759765625,13685.119330158444,13943.759765625,13685.119330158444,0.0171122499741613,-258.6404354665556,-1.8548830431242198,1.8548830431242198,pure_test,held_out_pure_test
NASDAQ,GARCH,2,f5f01a0430640286,p=1 q=2,"{""p"": 1, ""q"": 2}",level,2023-08-29,2023-08-30,13943.759765625,14019.3095703125,14019.3095703125,13919.982393493106,14019.3095703125,13919.982393493106,0.0171122499741613,-99.32717681939357,-0.708502628615394,0.708502628615394,pure_test,held_out_pure_test
NASDAQ,GARCH,2,f5f01a0430640286,p=1 q=2,"{""p"": 1, ""q"": 2}",level,2023-08-30,2023-08-31,14019.3095703125,14034.9697265625,14034.9697265625,14000.480174676177,14034.9697265625,14000.480174676177,0.0171122499741613,-34.48955188632317,-0.24574012312294802,0.24574012312294802,pure_test,held_out_pure_test
NASDAQ,GARCH,2,f5f01a0430640286,p=1 q=2,"{""p"": 1, ""q"": 2}",level,2023-08-31,2023-09-01,14034.9697265625,14031.8095703125,14031.8095703125,14017.957429471897,14031.8095703125,14017.957429471897,0.0171122499741613,-13.85214084060317,-0.09871956123115111,0.09871956123115111,pure_test,held_out_pure_test
NASDAQ,GARCH,2,f5f01a0430640286,p=1 q=2,"{""p"": 1, ""q"": 2}",level,2023-09-01,2023-09-05,14031.8095703125,14020.9501953125,14020.9501953125,14015.368296150997,14020.9501953125,14015.368296150997,0.0171122499741613,-5.5818991615033156,-0.039811133223834304,0.039811133223834304,pure_test,held_out_pure_test
NASDAQ,GARCH,2,f5f01a0430640286,p=1 q=2,"{""p"": 1, ""q"": 2}",level,2023-09-05,2023-09-06,14020.9501953125,13872.4697265625,13872.4697265625,14004.742521440176,13872.4697265625,14004.742521440176,0.0171122499741613,132.27279487767555,0.9534913211913839,0.9534913211913839,pure_test,held_out_pure_test
NASDAQ,GARCH,2,f5f01a0430640286,p=1 q=2,"{""p"": 1, ""q"": 2}",level,2023-09-06,2023-09-07,13872.4697265625,13748.830078125,13748.830078125,13860.437583785077,13748.830078125,13860.437583785077,0.0171122499741613,111.60750566007664,0.8117600190408139,0.8117600190408139,pure_test,held_out_pure_test
NASDAQ,GARCH,2,f5f01a0430640286,p=1 q=2,"{""p"": 1, ""q"": 2}",level,2023-09-07,2023-09-08,13748.830078125,13761.5302734375,13761.5302734375,13736.044245525678,13761.5302734375,13736.044245525678,0.0171122499741613,-25.48602791182202,-0.1851976299540985,0.1851976299540985,pure_test,held_out_pure_test
NASDAQ,GARCH,2,f5f01a0430640286,p=1 q=2,"{""p"": 1, ""q"": 2}",level,2023-09-08,2023-09-11,13761.5302734375,13917.8896484375,13917.8896484375,13744.607783865476,13917.8896484375,13744.607783865476,0.0171122499741613,-173.28186457202355,-1.2450297347448587,1.2450297347448587,pure_test,held_out_pure_test
NASDAQ,GARCH,2,f5f01a0430640286,p=1 q=2,"{""p"": 1, ""q"": 2}",level,2023-09-11,2023-09-12,13917.8896484375,13773.6103515625,13773.6103515625,13896.60842754379,13773.6103515625,13896.60842754379,0.0171122499741613,122.99807598128973,0.8929980799648266,0.8929980799648266,pure_test,held_out_pure_test
NASDAQ,GARCH,2,f5f01a0430640286,p=1 q=2,"{""p"": 1, ""q"": 2}",level,2023-09-12,2023-09-13,13773.6103515625,13813.58984375,13813.58984375,13761.450741960614,13813.58984375,13761.450741960614,0.0171122499741613,-52.13910178938568,-0.37744787835130467,0.37744787835130467,pure_test,held_out_pure_test
NASDAQ,GARCH,2,f5f01a0430640286,p=1 q=2,"{""p"": 1, ""q"": 2}",level,2023-09-13,2023-09-14,13813.58984375,13926.0498046875,13926.0498046875,13795.839679079309,13926.0498046875,13795.839679079309,0.0171122499741613,-130.21012560819145,-0.9350112015566884,0.9350112015566884,pure_test,held_out_pure_test
NASDAQ,GARCH,2,f5f01a0430640286,p=1 q=2,"{""p"": 1, ""q"": 2}",level,2023-09-14,2023-09-15,13926.0498046875,13708.330078125,13708.330078125,13906.100526183369,13708.330078125,13906.100526183369,0.0171122499741613,197.77044805836886,1.4427026992438712,1.4427026992438712,pure_test,held_out_pure_test
NASDAQ,GARCH,2,f5f01a0430640286,p=1 q=2,"{""p"": 1, ""q"": 2}",level,2023-09-15,2023-09-18,13708.330078125,13710.240234375,13710.240234375,13698.398708318537,13710.240234375,13698.398708318537,0.0171122499741613,-11.841526056463408,-0.0863699384841831,0.0863699384841831,pure_test,held_out_pure_test
NASDAQ,GARCH,2,f5f01a0430640286,p=1 q=2,"{""p"": 1, ""q"": 2}",level,2023-09-18,2023-09-19,13710.240234375,13678.1904296875,13678.1904296875,13693.64512298602,13678.1904296875,13693.64512298602,0.0171122499741613,15.454693298519487,0.1129878500958447,0.1129878500958447,pure_test,held_out_pure_test
NASDAQ,GARCH,2,f5f01a0430640286,p=1 q=2,"{""p"": 1, ""q"": 2}",level,2023-09-19,2023-09-20,13678.1904296875,13469.1298828125,13469.1298828125,13662.62568994441,13469.1298828125,13662.62568994441,0.0171122499741613,193.49580713191062,1.4365872837771358,1.4365872837771358,pure_test,held_out_pure_test
NASDAQ,GARCH,2,f5f01a0430640286,p=1 q=2,"{""p"": 1, ""q"": 2}",level,2023-09-20,2023-09-21,13469.1298828125,13223.98046875,13223.98046875,13458.935786754875,13223.98046875,13458.935786754875,0.0171122499741613,234.95531800487515,1.776736728854866,1.776736728854866,pure_test,held_out_pure_test
NASDAQ,GARCH,2,f5f01a0430640286,p=1 q=2,"{""p"": 1, ""q"": 2}",level,2023-09-21,2023-09-22,13223.98046875,13211.8095703125,13211.8095703125,13214.881337010816,13211.8095703125,13214.881337010816,0.0171122499741613,3.0717666983164236,0.02325015874599657,0.02325015874599657,pure_test,held_out_pure_test
NASDAQ,GARCH,2,f5f01a0430640286,p=1 q=2,"{""p"": 1, ""q"": 2}",level,2023-09-22,2023-09-25,13211.8095703125,13271.3203125,13271.3203125,13195.64168908203,13271.3203125,13195.64168908203,0.0171122499741613,-75.67862341797081,-0.5702418571473298,0.5702418571473298,pure_test,held_out_pure_test
NASDAQ,GARCH,2,f5f01a0430640286,p=1 q=2,"{""p"": 1, ""q"": 2}",level,2023-09-25,2023-09-26,13271.3203125,13063.6103515625,13063.6103515625,13252.977554503132,13063.6103515625,13252.977554503132,0.0171122499741613,189.3672029406316,1.4495778566909105,1.4495778566909105,pure_test,held_out_pure_test
NASDAQ,GARCH,2,f5f01a0430640286,p=1 q=2,"{""p"": 1, ""q"": 2}",level,2023-09-26,2023-09-27,13063.6103515625,13092.849609375,13092.849609375,13053.375277676369,13092.849609375,13053.375277676369,0.0171122499741613,-39.47433169863143,-0.3014953419335562,0.3014953419335562,pure_test,held_out_pure_test
NASDAQ,GARCH,2,f5f01a0430640286,p=1 q=2,"{""p"": 1, ""q"": 2}",level,2023-09-27,2023-09-28,13092.849609375,13201.2802734375,13201.2802734375,13075.42531177437,13201.2802734375,13075.42531177437,0.0171122499741613,-125.85496166312987,-0.9533542130482949,0.9533542130482949,pure_test,held_out_pure_test
NASDAQ,GARCH,2,f5f01a0430640286,p=1 q=2,"{""p"": 1, ""q"": 2}",level,2023-09-28,2023-09-29,13201.2802734375,13219.3203125,13219.3203125,13181.45324693656,13219.3203125,13181.45324693656,0.0171122499741613,-37.86706556343961,-0.2864524398250117,0.2864524398250117,pure_test,held_out_pure_test
NASDAQ,GARCH,2,f5f01a0430640286,p=1 q=2,"{""p"": 1, ""q"": 2}",level,2023-09-29,2023-10-02,13219.3203125,13307.76953125,13307.76953125,13202.2358079126,13307.76953125,13202.2358079126,0.0171122499741613,-105.53372333739935,-0.7930233769797377,0.7930233769797377,pure_test,held_out_pure_test
NASDAQ,GARCH,2,f5f01a0430640286,p=1 q=2,"{""p"": 1, ""q"": 2}",level,2023-10-02,2023-10-03,13307.76953125,13059.4697265625,13059.4697265625,13288.548757351402,13059.4697265625,13288.548757351402,0.0171122499741613,229.07903078890195,1.7541219941186685,1.7541219941186685,pure_test,held_out_pure_test
NASDAQ,GARCH,2,f5f01a0430640286,p=1 q=2,"{""p"": 1, ""q"": 2}",level,2023-10-03,2023-10-04,13059.4697265625,13236.009765625,13236.009765625,13050.466180126828,13236.009765625,13050.466180126828,0.0171122499741613,-185.54358549817152,-1.4018090707370388,1.4018090707370388,pure_test,held_out_pure_test
NASDAQ,GARCH,2,f5f01a0430640286,p=1 q=2,"{""p"": 1, ""q"": 2}",level,2023-10-04,2023-10-05,13236.009765625,13219.830078125,13219.830078125,13214.11624767702,13219.830078125,13214.11624767702,0.0171122499741613,-5.71383044797949,-0.04322166332103034,0.04322166332103034,pure_test,held_out_pure_test
NASDAQ,GARCH,2,f5f01a0430640286,p=1 q=2,"{""p"": 1, ""q"": 2}",level,2023-10-05,2023-10-06,13219.830078125,13431.33984375,13431.33984375,13203.783826674726,13431.33984375,13203.783826674726,0.0171122499741613,-227.5560170752742,-1.6942168072767718,1.6942168072767718,pure_test,held_out_pure_test
NASDAQ,GARCH,2,f5f01a0430640286,p=1 q=2,"{""p"": 1, ""q"": 2}",level,2023-10-06,2023-10-09,13431.33984375,13484.240234375,13484.240234375,13408.385317081167,13484.240234375,13408.385317081167,0.0171122499741613,-75.85491729383284,-0.5625449856674758,0.5625449856674758,pure_test,held_out_pure_test
NASDAQ,GARCH,2,f5f01a0430640286,p=1 q=2,"{""p"": 1, ""q"": 2}",level,2023-10-09,2023-10-10,13484.240234375,13562.83984375,13562.83984375,13466.098039589377,13562.83984375,13466.098039589377,0.0171122499741613,-96.74180416062336,-0.7132857519157665,0.7132857519157665,pure_test,held_out_pure_test
NASDAQ,GARCH,2,f5f01a0430640286,p=1 q=2,"{""p"": 1, ""q"": 2}",level,2023-10-10,2023-10-11,13562.83984375,13659.6796875,13659.6796875,13543.917914665792,13659.6796875,13543.917914665792,0.0171122499741613,-115.76177283420839,-0.847470625099227,0.847470625099227,pure_test,held_out_pure_test
NASDAQ,GARCH,2,f5f01a0430640286,p=1 q=2,"{""p"": 1, ""q"": 2}",level,2023-10-11,2023-10-12,13659.6796875,13574.2197265625,13574.2197265625,13640.204335508475,13574.2197265625,13640.204335508475,0.0171122499741613,65.9846089459752,0.4861024079111836,0.4861024079111836,pure_test,held_out_pure_test
NASDAQ,GARCH,2,f5f01a0430640286,p=1 q=2,"{""p"": 1, ""q"": 2}",level,2023-10-12,2023-10-13,13574.2197265625,13407.23046875,13407.23046875,13560.27549252917,13407.23046875,13560.27549252917,0.0171122499741613,153.04502377917015,1.1415110983278192,1.1415110983278192,pure_test,held_out_pure_test
NASDAQ,GARCH,2,f5f01a0430640286,p=1 q=2,"{""p"": 1, ""q"": 2}",level,2023-10-13,2023-10-16,13407.23046875,13567.98046875,13567.98046875,13395.759897038126,13567.98046875,13395.759897038126,0.0171122499741613,-172.22057171187407,-1.2693161823790606,1.2693161823790606,pure_test,held_out_pure_test
NASDAQ,GARCH,2,f5f01a0430640286,p=1 q=2,"{""p"": 1, ""q"": 2}",level,2023-10-16,2023-10-17,13567.98046875,13533.75,13533.75,13546.566032876566,13533.75,13546.566032876566,0.0171122499741613,12.816032876566169,0.09469683477651182,0.09469683477651182,pure_test,held_out_pure_test
NASDAQ,GARCH,2,f5f01a0430640286,p=1 q=2,"{""p"": 1, ""q"": 2}",level,2023-10-17,2023-10-18,13533.75,13314.2998046875,13314.2998046875,13518.251423301776,13314.2998046875,13518.251423301776,0.0171122499741613,203.9516186142755,1.5318238405783176,1.5318238405783176,pure_test,held_out_pure_test
NASDAQ,GARCH,2,f5f01a0430640286,p=1 q=2,"{""p"": 1, ""q"": 2}",level,2023-10-18,2023-10-19,13314.2998046875,13186.1796875,13186.1796875,13304.420938649731,13186.1796875,13304.420938649731,0.0171122499741613,118.2412511497314,0.8967058992971226,0.8967058992971226,pure_test,held_out_pure_test
NASDAQ,GARCH,2,f5f01a0430640286,p=1 q=2,"{""p"": 1, ""q"": 2}",level,2023-10-19,2023-10-20,13186.1796875,12983.8095703125,12983.8095703125,13173.529795809704,12983.8095703125,13173.529795809704,0.0171122499741613,189.7202254972035,1.4612061619495644,1.4612061619495644,pure_test,held_out_pure_test
NASDAQ,GARCH,2,f5f01a0430640286,p=1 q=2,"{""p"": 1, ""q"": 2}",level,2023-10-20,2023-10-23,12983.8095703125,13018.330078125,13018.330078125,12973.412481410993,13018.330078125,12973.412481410993,0.0171122499741613,-44.91759671400723,-0.34503347544923063,0.34503347544923063,pure_test,held_out_pure_test
NASDAQ,GARCH,2,f5f01a0430640286,p=1 q=2,"{""p"": 1, ""q"": 2}",level,2023-10-23,2023-10-24,13018.330078125,13139.8701171875,13139.8701171875,13000.745543288973,13139.8701171875,13000.745543288973,0.0171122499741613,-139.12457389852716,-1.0587971772761011,1.0587971772761011,pure_test,held_out_pure_test
NASDAQ,GARCH,2,f5f01a0430640286,p=1 q=2,"{""p"": 1, ""q"": 2}",level,2023-10-24,2023-10-25,13139.8701171875,12821.2197265625,12821.2197265625,13119.64534204603,12821.2197265625,13119.64534204603,0.0171122499741613,298.4256154835293,2.3275914604697308,2.3275914604697308,pure_test,held_out_pure_test
NASDAQ,GARCH,2,f5f01a0430640286,p=1 q=2,"{""p"": 1, ""q"": 2}",level,2023-10-25,2023-10-26,12821.2197265625,12595.6103515625,12595.6103515625,12814.350671658049,12595.6103515625,12814.350671658049,0.0171122499741613,218.74032009554867,1.7366393052037663,1.7366393052037663,pure_test,held_out_pure_test
NASDAQ,GARCH,2,f5f01a0430640286,p=1 q=2,"{""p"": 1, ""q"": 2}",level,2023-10-26,2023-10-27,12595.6103515625,12643.009765625,12643.009765625,12585.918359830142,12643.009765625,12585.918359830142,0.0171122499741613,-57.091405794857565,-0.4515649900871154,0.4515649900871154,pure_test,held_out_pure_test
NASDAQ,GARCH,2,f5f01a0430640286,p=1 q=2,"{""p"": 1, ""q"": 2}",level,2023-10-27,2023-10-30,12643.009765625,12789.48046875,12789.48046875,12625.034474749693,12789.48046875,12625.034474749693,0.0171122499741613,-164.4459940003071,-1.2857910405517785,1.2857910405517785,pure_test,held_out_pure_test
NASDAQ,GARCH,2,f5f01a0430640286,p=1 q=2,"{""p"": 1, ""q"": 2}",level,2023-10-30,2023-10-31,12789.48046875,12851.240234375,12851.240234375,12768.499277857332,12851.240234375,12768.499277857332,0.0171122499741613,-82.74095651766766,-0.6438363536022688,0.6438363536022688,pure_test,held_out_pure_test
NASDAQ,GARCH,2,f5f01a0430640286,p=1 q=2,"{""p"": 1, ""q"": 2}",level,2023-10-31,2023-11-01,12851.240234375,13061.4697265625,13061.4697265625,12832.829239256622,13061.4697265625,12832.829239256622,0.0171122499741613,-228.6404873058782,-1.7504958637304249,1.7504958637304249,pure_test,held_out_pure_test
NASDAQ,GARCH,2,f5f01a0430640286,p=1 q=2,"{""p"": 1, ""q"": 2}",level,2023-11-01,2023-11-02,13061.4697265625,13294.1904296875,13294.1904296875,13038.554044386196,13294.1904296875,13038.554044386196,0.0171122499741613,-255.63638530130447,-1.9229180344102652,1.9229180344102652,pure_test,held_out_pure_test
NASDAQ,GARCH,2,f5f01a0430640286,p=1 q=2,"{""p"": 1, ""q"": 2}",level,2023-11-02,2023-11-03,13294.1904296875,13478.2802734375,13478.2802734375,13270.59234666644,13478.2802734375,13270.59234666644,0.0171122499741613,-207.6879267710592,-1.5409082060740564,1.5409082060740564,pure_test,held_out_pure_test
NASDAQ,GARCH,2,f5f01a0430640286,p=1 q=2,"{""p"": 1, ""q"": 2}",level,2023-11-03,2023-11-06,13478.2802734375,13518.7802734375,13518.7802734375,13456.157688539286,13518.7802734375,13456.157688539286,0.0171122499741613,-62.62258489821397,-0.4632265902069474,0.4632265902069474,pure_test,held_out_pure_test
NASDAQ,GARCH,2,f5f01a0430640286,p=1 q=2,"{""p"": 1, ""q"": 2}",level,2023-11-06,2023-11-07,13518.7802734375,13639.8603515625,13639.8603515625,13501.014316154664,13639.8603515625,13501.014316154664,0.0171122499741613,-138.8460354078361,-1.0179432327687339,1.0179432327687339,pure_test,held_out_pure_test
NASDAQ,GARCH,2,f5f01a0430640286,p=1 q=2,"{""p"": 1, ""q"": 2}",level,2023-11-07,2023-11-08,13639.8603515625,13650.41015625,13650.41015625,13619.64953199386,13650.41015625,13619.64953199386,0.0171122499741613,-30.760624256139636,-0.22534578744548217,0.22534578744548217,pure_test,held_out_pure_test
NASDAQ,GARCH,2,f5f01a0430640286,p=1 q=2,"{""p"": 1, ""q"": 2}",level,2023-11-08,2023-11-09,13650.41015625,13521.4501953125,13521.4501953125,13633.552911203187,13521.4501953125,13633.552911203187,0.0171122499741613,112.10271589068725,0.8290731709350972,0.8290731709350972,pure_test,held_out_pure_test
NASDAQ,GARCH,2,f5f01a0430640286,p=1 q=2,"{""p"": 1, ""q"": 2}",level,2023-11-09,2023-11-10,13521.4501953125,13798.1103515625,13798.1103515625,13508.825785135228,13798.1103515625,13508.825785135228,0.0171122499741613,-289.2845664272718,-2.096552057177258,2.096552057177258,pure_test,held_out_pure_test
NASDAQ,GARCH,2,f5f01a0430640286,p=1 q=2,"{""p"": 1, ""q"": 2}",level,2023-11-10,2023-11-13,13798.1103515625,13767.740234375,13767.740234375,13773.179111335545,13767.740234375,13773.179111335545,0.0171122499741613,5.438876960544803,0.03950450014276948,0.03950450014276948,pure_test,held_out_pure_test
NASDAQ,GARCH,2,f5f01a0430640286,p=1 q=2,"{""p"": 1, ""q"": 2}",level,2023-11-13,2023-11-14,13767.740234375,14094.3798828125,14094.3798828125,13752.12453160586,14094.3798828125,13752.12453160586,0.0171122499741613,-342.2553512066406,-2.4283108164553346,2.4283108164553346,pure_test,held_out_pure_test
NASDAQ,GARCH,2,f5f01a0430640286,p=1 q=2,"{""p"": 1, ""q"": 2}",level,2023-11-14,2023-11-15,14094.3798828125,14103.83984375,14103.83984375,14067.932225893526,14103.83984375,14067.932225893526,0.0171122499741613,-35.907617856473735,-0.2545946228422744,0.2545946228422744,pure_test,held_out_pure_test
NASDAQ,GARCH,2,f5f01a0430640286,p=1 q=2,"{""p"": 1, ""q"": 2}",level,2023-11-15,2023-11-16,14103.83984375,14113.669921875,14113.669921875,14087.015665410789,14113.669921875,14087.015665410789,0.0171122499741613,-26.654256464211358,-0.18885418613127336,0.18885418613127336,pure_test,held_out_pure_test
NASDAQ,GARCH,2,f5f01a0430640286,p=1 q=2,"{""p"": 1, ""q"": 2}",level,2023-11-16,2023-11-17,14113.669921875,14125.48046875,14125.48046875,14096.834513892258,14125.48046875,14096.834513892258,0.0171122499741613,-28.645954857742254,-0.202796322016204,0.202796322016204,pure_test,held_out_pure_test
NASDAQ,GARCH,2,f5f01a0430640286,p=1 q=2,"{""p"": 1, ""q"": 2}",level,2023-11-17,2023-11-20,14125.48046875,14284.5302734375,14284.5302734375,14108.584971803984,14284.5302734375,14108.584971803984,0.0171122499741613,-175.94530163351556,-1.2317191973801964,1.2317191973801964,pure_test,held_out_pure_test
NASDAQ,GARCH,2,f5f01a0430640286,p=1 q=2,"{""p"": 1, ""q"": 2}",level,2023-11-20,2023-11-21,14284.5302734375,14199.98046875,14199.98046875,14263.167422813109,14199.98046875,14263.167422813109,0.0171122499741613,63.186954063108715,0.44497916178240315,0.44497916178240315,pure_test,held_out_pure_test
NASDAQ,GARCH,2,f5f01a0430640286,p=1 q=2,"{""p"": 1, ""q"": 2}",level,2023-11-21,2023-11-22,14199.98046875,14265.8603515625,14265.8603515625,14186.00861986767,14265.8603515625,14186.00861986767,0.0171122499741613,-79.85173169482914,-0.5597400347893018,0.5597400347893018,pure_test,held_out_pure_test
NASDAQ,GARCH,2,f5f01a0430640286,p=1 q=2,"{""p"": 1, ""q"": 2}",level,2023-11-22,2023-11-24,14265.8603515625,14250.849609375,14250.849609375,14247.324348881964,14250.849609375,14247.324348881964,0.0171122499741613,-3.525260493035603,-0.024737195252671047,0.024737195252671047,pure_test,held_out_pure_test
NASDAQ,GARCH,2,f5f01a0430640286,p=1 q=2,"{""p"": 1, ""q"": 2}",level,2023-11-24,2023-11-27,14250.849609375,14241.01953125,14241.01953125,14234.767891214156,14241.01953125,14234.767891214156,0.0171122499741613,-6.251640035843593,-0.043898823550696006,0.043898823550696006,pure_test,held_out_pure_test
NASDAQ,GARCH,2,f5f01a0430640286,p=1 q=2,"{""p"": 1, ""q"": 2}",level,2023-11-27,2023-11-28,14241.01953125,14281.759765625,14281.759765625,14224.780627709386,14281.759765625,14224.780627709386,0.0171122499741613,-56.97913791561405,-0.39896440530219573,0.39896440530219573,pure_test,held_out_pure_test
NASDAQ,GARCH,2,f5f01a0430640286,p=1 q=2,"{""p"": 1, ""q"": 2}",level,2023-11-28,2023-11-29,14281.759765625,14258.490234375,14258.490234375,14263.986519444252,14258.490234375,14263.986519444252,0.0171122499741613,5.496285069251826,0.03854745473683559,0.03854745473683559,pure_test,held_out_pure_test
NASDAQ,GARCH,2,f5f01a0430640286,p=1 q=2,"{""p"": 1, ""q"": 2}",level,2023-11-29,2023-11-30,14258.490234375,14226.2197265625,14226.2197265625,14242.659094302127,14226.2197265625,14242.659094302127,0.0171122499741613,16.439367739627414,0.11555682433986755,0.11555682433986755,pure_test,held_out_pure_test
NASDAQ,GARCH,2,f5f01a0430640286,p=1 q=2,"{""p"": 1, ""q"": 2}",level,2023-11-30,2023-12-01,14226.2197265625,14305.0302734375,14305.0302734375,14210.661683123995,14305.0302734375,14210.661683123995,0.0171122499741613,-94.36859031350468,-0.6596881552130257,0.6596881552130257,pure_test,held_out_pure_test
NASDAQ,GARCH,2,f5f01a0430640286,p=1 q=2,"{""p"": 1, ""q"": 2}",level,2023-12-01,2023-12-04,14305.0302734375,14185.490234375,14185.490234375,14286.10194434537,14185.490234375,14286.10194434537,0.0171122499741613,100.6117099703697,0.709257898796915,0.709257898796915,pure_test,held_out_pure_test
NASDAQ,GARCH,2,f5f01a0430640286,p=1 q=2,"{""p"": 1, ""q"": 2}",level,2023-12-04,2023-12-05,14185.490234375,14229.91015625,14229.91015625,14172.580016436514,14229.91015625,14172.580016436514,0.0171122499741613,-57.33013981348631,-0.40288476303770626,0.40288476303770626,pure_test,held_out_pure_test
NASDAQ,GARCH,2,f5f01a0430640286,p=1 q=2,"{""p"": 1, ""q"": 2}",level,2023-12-05,2023-12-06,14229.91015625,14146.7099609375,14146.7099609375,14212.0252654866,14146.7099609375,14212.0252654866,0.0171122499741613,65.31530454909989,0.46169960880976074,0.46169960880976074,pure_test,held_out_pure_test
NASDAQ,GARCH,2,f5f01a0430640286,p=1 q=2,"{""p"": 1, ""q"": 2}",level,2023-12-06,2023-12-07,14146.7099609375,14339.990234375,14339.990234375,14132.697163856332,14339.990234375,14132.697163856332,0.0171122499741613,-207.29307051866817,-1.4455593562522597,1.4455593562522597,pure_test,held_out_pure_test
NASDAQ,GARCH,2,f5f01a0430640286,p=1 q=2,"{""p"": 1, ""q"": 2}",level,2023-12-07,2023-12-08,14339.990234375,14403.9697265625,14403.9697265625,14317.588804687151,14403.9697265625,14317.588804687151,0.0171122499741613,-86.38092187534858,-0.5997021898487657,0.5997021898487657,pure_test,held_out_pure_test
NASDAQ,GARCH,2,f5f01a0430640286,p=1 q=2,"{""p"": 1, ""q"": 2}",level,2023-12-08,2023-12-11,14403.9697265625,14432.490234375,14432.490234375,14385.491383212602,14432.490234375,14385.491383212602,0.0171122499741613,-46.99885116239784,-0.3256461663868441,0.3256461663868441,pure_test,held_out_pure_test
NASDAQ,GARCH,2,f5f01a0430640286,p=1 q=2,"{""p"": 1, ""q"": 2}",level,2023-12-11,2023-12-12,14432.490234375,14533.400390625,14533.400390625,14415.087744208771,14533.400390625,14415.087744208771,0.0171122499741613,-118.31264641622874,-0.8140740861481267,0.8140740861481267,pure_test,held_out_pure_test
NASDAQ,GARCH,2,f5f01a0430640286,p=1 q=2,"{""p"": 1, ""q"": 2}",level,2023-12-12,2023-12-13,14533.400390625,14733.9599609375,14733.9599609375,14513.801542184305,14733.9599609375,14513.801542184305,0.0171122499741613,-220.1584187531953,-1.4942243588069783,1.4942243588069783,pure_test,held_out_pure_test
NASDAQ,GARCH,2,f5f01a0430640286,p=1 q=2,"{""p"": 1, ""q"": 2}",level,2023-12-13,2023-12-14,14733.9599609375,14761.5595703125,14761.5595703125,14711.337671716989,14761.5595703125,14711.337671716989,0.0171122499741613,-50.22189859551145,-0.340220817158876,0.340220817158876,pure_test,held_out_pure_test
NASDAQ,GARCH,2,f5f01a0430640286,p=1 q=2,"{""p"": 1, ""q"": 2}",level,2023-12-14,2023-12-15,14761.5595703125,14813.919921875,14813.919921875,14744.185020921605,14813.919921875,14744.185020921605,0.0171122499741613,-69.73490095339548,-0.4707390165544322,0.4707390165544322,pure_test,held_out_pure_test
NASDAQ,GARCH,2,f5f01a0430640286,p=1 q=2,"{""p"": 1, ""q"": 2}",level,2023-12-15,2023-12-18,14813.919921875,14904.8095703125,14904.8095703125,14795.794112294843,14904.8095703125,14795.794112294843,0.0171122499741613,-109.01545801765678,-0.7314112770336529,0.7314112770336529,pure_test,held_out_pure_test
NASDAQ,GARCH,2,f5f01a0430640286,p=1 q=2,"{""p"": 1, ""q"": 2}",level,2023-12-18,2023-12-19,14904.8095703125,15003.2197265625,15003.2197265625,14885.514751877798,15003.2197265625,14885.514751877798,0.0171122499741613,-117.70497468470239,-0.7845314327851323,0.7845314327851323,pure_test,held_out_pure_test
NASDAQ,GARCH,2,f5f01a0430640286,p=1 q=2,"{""p"": 1, ""q"": 2}",level,2023-12-19,2023-12-20,15003.2197265625,14777.9404296875,14777.9404296875,14983.696730067551,14777.9404296875,14983.696730067551,0.0171122499741613,205.75630038005147,1.3923205426292442,1.3923205426292442,pure_test,held_out_pure_test
NASDAQ,GARCH,2,f5f01a0430640286,p=1 q=2,"{""p"": 1, ""q"": 2}",level,2023-12-20,2023-12-21,14777.9404296875,14963.8701171875,14963.8701171875,14768.23842312793,14963.8701171875,14768.23842312793,0.0171122499741613,-195.63169405956978,-1.3073602786412002,1.3073602786412002,pure_test,held_out_pure_test
NASDAQ,GARCH,2,f5f01a0430640286,p=1 q=2,"{""p"": 1, ""q"": 2}",level,2023-12-21,2023-12-22,14963.8701171875,14992.9697265625,14992.9697265625,14941.69170999796,14992.9697265625,14941.69170999796,0.0171122499741613,-51.27801656453994,-0.34201374043791033,0.34201374043791033,pure_test,held_out_pure_test
NASDAQ,GARCH,2,f5f01a0430640286,p=1 q=2,"{""p"": 1, ""q"": 2}",level,2023-12-22,2023-12-26,14992.9697265625,15074.5703125,15074.5703125,14975.549666004154,15074.5703125,14975.549666004154,0.0171122499741613,-99.02064649584645,-0.6568720994570402,0.6568720994570402,pure_test,held_out_pure_test
NASDAQ,GARCH,2,f5f01a0430640286,p=1 q=2,"{""p"": 1, ""q"": 2}",level,2023-12-26,2023-12-27,15074.5703125,15099.1796875,15099.1796875,15055.557331451226,15099.1796875,15055.557331451226,0.0171122499741613,-43.622356048774236,-0.2889054700427694,0.2889054700427694,pure_test,held_out_pure_test
NASDAQ,GARCH,2,f5f01a0430640286,p=1 q=2,"{""p"": 1, ""q"": 2}",level,2023-12-27,2023-12-28,15099.1796875,15095.1396484375,15095.1396484375,15081.89586414734,15095.1396484375,15081.89586414734,0.0171122499741613,-13.243784290159965,-0.08773542079506917,0.08773542079506917,pure_test,held_out_pure_test
NASDAQ,GARCH,2,f5f01a0430640286,p=1 q=2,"{""p"": 1, ""q"": 2}",level,2023-12-28,2023-12-29,15095.1396484375,15011.349609375,15011.349609375,15078.725070605342,15011.349609375,15078.725070605342,0.0171122499741613,67.3754612303419,0.44883013841916036,0.44883013841916036,pure_test,held_out_pure_test
NASDAQ,GARCH,2,f5f01a0430640286,p=1 q=2,"{""p"": 1, ""q"": 2}",level,2023-12-29,2024-01-02,15011.349609375,14765.9404296875,14765.9404296875,14997.354708612282,14765.9404296875,14997.354708612282,0.0171122499741613,231.41427892478168,1.567216663420328,1.567216663420328,pure_test,held_out_pure_test
NASDAQ,GARCH,2,f5f01a0430640286,p=1 q=2,"{""p"": 1, ""q"": 2}",level,2024-01-02,2024-01-03,14765.9404296875,14592.2099609375,14592.2099609375,14756.849179439554,14592.2099609375,14756.849179439554,0.0171122499741613,164.63921850205406,1.1282678836364315,1.1282678836364315,pure_test,held_out_pure_test
NASDAQ,GARCH,2,f5f01a0430640286,p=1 q=2,"{""p"": 1, ""q"": 2}",level,2024-01-03,2024-01-04,14592.2099609375,14510.2998046875,14510.2998046875,14580.943922812156,14510.2998046875,14580.943922812156,0.0171122499741613,70.6441181246555,0.48685498628935414,0.48685498628935414,pure_test,held_out_pure_test
NASDAQ,GARCH,2,f5f01a0430640286,p=1 q=2,"{""p"": 1, ""q"": 2}",level,2024-01-04,2024-01-05,14510.2998046875,14524.0703125,14524.0703125,14496.247866817135,14524.0703125,14496.247866817135,0.0171122499741613,-27.82244568286478,-0.1915609404542724,0.1915609404542724,pure_test,held_out_pure_test
NASDAQ,GARCH,2,f5f01a0430640286,p=1 q=2,"{""p"": 1, ""q"": 2}",level,2024-01-05,2024-01-08,14524.0703125,14843.76953125,14843.76953125,14507.115348813702,14843.76953125,14507.115348813702,0.0171122499741613,-336.65418243629756,-2.2679830869615216,2.2679830869615216,pure_test,held_out_pure_test
NASDAQ,GARCH,2,f5f01a0430640286,p=1 q=2,"{""p"": 1, ""q"": 2}",level,2024-01-08,2024-01-09,14843.76953125,14857.7099609375,14857.7099609375,14817.532452369482,14857.7099609375,14817.532452369482,0.0171122499741613,-40.17750856801831,-0.27041521656869905,0.27041521656869905,pure_test,held_out_pure_test
NASDAQ,GARCH,2,f5f01a0430640286,p=1 q=2,"{""p"": 1, ""q"": 2}",level,2024-01-09,2024-01-10,14857.7099609375,14969.650390625,14969.650390625,14840.749841689263,14969.650390625,14840.749841689263,0.0171122499741613,-128.90054893573688,-0.8610792207710012,0.8610792207710012,pure_test,held_out_pure_test
NASDAQ,GARCH,2,f5f01a0430640286,p=1 q=2,"{""p"": 1, ""q"": 2}",level,2024-01-10,2024-01-11,14969.650390625,14970.1904296875,14970.1904296875,14949.716875103344,14970.1904296875,14949.716875103344,0.0171122499741613,-20.473554584155863,-0.1367621519600352,0.1367621519600352,pure_test,held_out_pure_test
NASDAQ,GARCH,2,f5f01a0430640286,p=1 q=2,"{""p"": 1, ""q"": 2}",level,2024-01-11,2024-01-12,14970.1904296875,14972.759765625,14972.759765625,14953.636888720352,14972.759765625,14953.636888720352,0.0171122499741613,-19.122876904648365,-0.12771778352145444,0.12771778352145444,pure_test,held_out_pure_test
NASDAQ,GARCH,2,f5f01a0430640286,p=1 q=2,"{""p"": 1, ""q"": 2}",level,2024-01-12,2024-01-16,14972.759765625,14944.349609375,14944.349609375,14956.144654211264,14944.349609375,14956.144654211264,0.0171122499741613,11.795044836264424,0.0789264514319517,0.0789264514319517,pure_test,held_out_pure_test
NASDAQ,GARCH,2,f5f01a0430640286,p=1 q=2,"{""p"": 1, ""q"": 2}",level,2024-01-16,2024-01-17,14944.349609375,14855.6201171875,14855.6201171875,14928.674439865576,14855.6201171875,14928.674439865576,0.0171122499741613,73.05432267807555,0.49176218900181706,0.49176218900181706,pure_test,held_out_pure_test
NASDAQ,GARCH,2,f5f01a0430640286,p=1 q=2,"{""p"": 1, ""q"": 2}",level,2024-01-17,2024-01-18,14855.6201171875,15055.650390625,15055.650390625,14841.775083276973,15055.650390625,14841.775083276973,0.0171122499741613,-213.8753073480275,-1.420565048994532,1.420565048994532,pure_test,held_out_pure_test
NASDAQ,GARCH,2,f5f01a0430640286,p=1 q=2,"{""p"": 1, ""q"": 2}",level,2024-01-18,2024-01-19,15055.650390625,15310.9697265625,15310.9697265625,15033.044160683628,15310.9697265625,15033.044160683628,0.0171122499741613,-277.92556587887157,-1.815205508483944,1.815205508483944,pure_test,held_out_pure_test
NASDAQ,GARCH,2,f5f01a0430640286,p=1 q=2,"{""p"": 1, ""q"": 2}",level,2024-01-19,2024-01-22,15310.9697265625,15360.2900390625,15360.2900390625,15286.685983433388,15360.2900390625,15286.685983433388,0.0171122499741613,-73.60405562911183,-0.47918402218923317,0.47918402218923317,pure_test,held_out_pure_test
NASDAQ,GARCH,2,f5f01a0430640286,p=1 q=2,"{""p"": 1, ""q"": 2}",level,2024-01-22,2024-01-23,15360.2900390625,15425.9404296875,15425.9404296875,15342.256466633564,15425.9404296875,15342.256466633564,0.0171122499741613,-83.68396305393617,-0.5424885661614826,0.5424885661614826,pure_test,held_out_pure_test
NASDAQ,GARCH,2,f5f01a0430640286,p=1 q=2,"{""p"": 1, ""q"": 2}",level,2024-01-23,2024-01-24,15425.9404296875,15481.919921875,15481.919921875,15407.411389978548,15481.919921875,15407.411389978548,0.0171122499741613,-74.50853189645204,-0.48126157655147195,0.48126157655147195,pure_test,held_out_pure_test
NASDAQ,GARCH,2,f5f01a0430640286,p=1 q=2,"{""p"": 1, ""q"": 2}",level,2024-01-24,2024-01-25,15481.919921875,15510.5,15510.5,15463.684304751505,15510.5,15463.684304751505,0.0171122499741613,-46.8156952484951,-0.3018322765126534,0.3018322765126534,pure_test,held_out_pure_test
NASDAQ,GARCH,2,f5f01a0430640286,p=1 q=2,"{""p"": 1, ""q"": 2}",level,2024-01-25,2024-01-26,15510.5,15455.3603515625,15455.3603515625,15493.095702424129,15455.3603515625,15493.095702424129,0.0171122499741613,37.73535086162883,0.24415704327342894,0.24415704327342894,pure_test,held_out_pure_test
NASDAQ,GARCH,2,f5f01a0430640286,p=1 q=2,"{""p"": 1, ""q"": 2}",level,2024-01-26,2024-01-29,15455.3603515625,15628.0400390625,15628.0400390625,15440.496175649614,15628.0400390625,15440.496175649614,0.0171122499741613,-187.5438634128859,-1.2000472416510162,1.2000472416510162,pure_test,held_out_pure_test
NASDAQ,GARCH,2,f5f01a0430640286,p=1 q=2,"{""p"": 1, ""q"": 2}",level,2024-01-29,2024-01-30,15628.0400390625,15509.900390625,15509.900390625,15606.263647185437,15509.900390625,15606.263647185437,0.0171122499741613,96.36325656043664,0.6213015824310752,0.6213015824310752,pure_test,held_out_pure_test
NASDAQ,GARCH,2,f5f01a0430640286,p=1 q=2,"{""p"": 1, ""q"": 2}",level,2024-01-30,2024-01-31,15509.900390625,15164.009765625,15164.009765625,15496.947683745027,15164.009765625,15496.947683745027,0.0171122499741613,332.93791812002746,2.1955796868105293,2.1955796868105293,pure_test,held_out_pure_test
NASDAQ,GARCH,2,f5f01a0430640286,p=1 q=2,"{""p"": 1, ""q"": 2}",level,2024-01-31,2024-02-01,15164.009765625,15361.6396484375,15361.6396484375,15157.967200632564,15361.6396484375,15157.967200632564,0.0171122499741613,-203.67244780493638,-1.325850966863767,1.325850966863767,pure_test,held_out_pure_test
NASDAQ,GARCH,2,f5f01a0430640286,p=1 q=2,"{""p"": 1, ""q"": 2}",level,2024-02-01,2024-02-02,15361.6396484375,15628.9501953125,15628.9501953125,15339.106248215914,15628.9501953125,15339.106248215914,0.0171122499741613,-289.8439470965859,-1.8545324124426292,1.8545324124426292,pure_test,held_out_pure_test
NASDAQ,GARCH,2,f5f01a0430640286,p=1 q=2,"{""p"": 1, ""q"": 2}",level,2024-02-02,2024-02-05,15628.9501953125,15597.6796875,15597.6796875,15604.302629510785,15597.6796875,15604.302629510785,0.0171122499741613,6.6229420107847545,0.042461072053507985,0.042461072053507985,pure_test,held_out_pure_test
NASDAQ,GARCH,2,f5f01a0430640286,p=1 q=2,"{""p"": 1, ""q"": 2}",level,2024-02-05,2024-02-06,15597.6796875,15609.0,15609.0,15582.091303283196,15609.0,15582.091303283196,0.0171122499741613,-26.908696716804116,-0.17239218858866112,0.17239218858866112,pure_test,held_out_pure_test
NASDAQ,GARCH,2,f5f01a0430640286,p=1 q=2,"{""p"": 1, ""q"": 2}",level,2024-02-06,2024-02-07,15609.0,15756.6396484375,15756.6396484375,15592.119377146471,15756.6396484375,15592.119377146471,0.0171122499741613,-164.52027129102862,-1.0441329811546665,1.0441329811546665,pure_test,held_out_pure_test
NASDAQ,GARCH,2,f5f01a0430640286,p=1 q=2,"{""p"": 1, ""q"": 2}",level,2024-02-07,2024-02-08,15756.6396484375,15793.7099609375,15793.7099609375,15735.62299083426,15793.7099609375,15735.62299083426,0.0171122499741613,-58.086970103240674,-0.36778546805599743,0.36778546805599743,pure_test,held_out_pure_test
NASDAQ,GARCH,2,f5f01a0430640286,p=1 q=2,"{""p"": 1, ""q"": 2}",level,2024-02-08,2024-02-09,15793.7099609375,15990.66015625,15990.66015625,15776.04806304274,15990.66015625,15776.04806304274,0.0171122499741613,-214.61209320726084,-1.3421090255825305,1.3421090255825305,pure_test,held_out_pure_test
NASDAQ,GARCH,2,f5f01a0430640286,p=1 q=2,"{""p"": 1, ""q"": 2}",level,2024-02-09,2024-02-12,15990.66015625,15942.5498046875,15942.5498046875,15968.147378276164,15942.5498046875,15968.147378276164,0.0171122499741613,25.59757358866409,0.16056135249543194,0.16056135249543194,pure_test,held_out_pure_test
NASDAQ,GARCH,2,f5f01a0430640286,p=1 q=2,"{""p"": 1, ""q"": 2}",level,2024-02-12,2024-02-13,15942.5498046875,15655.599609375,15655.599609375,15927.472354436524,15655.599609375,15927.472354436524,0.0171122499741613,271.87274506152426,1.7365846843625168,1.7365846843625168,pure_test,held_out_pure_test
NASDAQ,GARCH,2,f5f01a0430640286,p=1 q=2,"{""p"": 1, ""q"": 2}",level,2024-02-13,2024-02-14,15655.599609375,15859.150390625,15859.150390625,15647.768745872496,15859.150390625,15647.768745872496,0.0171122499741613,-211.38164475250414,-1.3328686565546448,1.3328686565546448,pure_test,held_out_pure_test
NASDAQ,GARCH,2,f5f01a0430640286,p=1 q=2,"{""p"": 1, ""q"": 2}",level,2024-02-14,2024-02-15,15859.150390625,15906.169921875,15906.169921875,15836.437345736584,15906.169921875,15836.437345736584,0.0171122499741613,-69.73257613841633,-0.43839954232172784,0.43839954232172784,pure_test,held_out_pure_test
NASDAQ,GARCH,2,f5f01a0430640286,p=1 q=2,"{""p"": 1, ""q"": 2}",level,2024-02-15,2024-02-16,15906.169921875,15775.650390625,15775.650390625,15888.206156939888,15775.650390625,15888.206156939888,0.0171122499741613,112.55576631488839,0.7134778188402104,0.7134778188402104,pure_test,held_out_pure_test
NASDAQ,GARCH,2,f5f01a0430640286,p=1 q=2,"{""p"": 1, ""q"": 2}",level,2024-02-16,2024-02-20,15775.650390625,15630.7802734375,15630.7802734375,15763.073299024823,15630.7802734375,15763.073299024823,0.0171122499741613,132.29302558732343,0.8463622626193422,0.8463622626193422,pure_test,held_out_pure_test
NASDAQ,GARCH,2,f5f01a0430640286,p=1 q=2,"{""p"": 1, ""q"": 2}",level,2024-02-20,2024-02-21,15630.7802734375,15580.8701171875,15580.8701171875,15618.638589783732,15580.8701171875,15618.638589783732,0.0171122499741613,37.76847259623173,0.24240284600388742,0.24240284600388742,pure_test,held_out_pure_test
NASDAQ,GARCH,2,f5f01a0430640286,p=1 q=2,"{""p"": 1, ""q"": 2}",level,2024-02-21,2024-02-22,15580.8701171875,16041.6201171875,16041.6201171875,15565.847274411532,16041.6201171875,15565.847274411532,0.0171122499741613,-475.77284277596846,-2.965865288545328,2.965865288545328,pure_test,held_out_pure_test
NASDAQ,GARCH,2,f5f01a0430640286,p=1 q=2,"{""p"": 1, ""q"": 2}",level,2024-02-22,2024-02-23,16041.6201171875,15996.8203125,15996.8203125,16011.103447824007,15996.8203125,16011.103447824007,0.0171122499741613,14.283135324007162,0.08928733988995453,0.08928733988995453,pure_test,held_out_pure_test
NASDAQ,GARCH,2,f5f01a0430640286,p=1 q=2,"{""p"": 1, ""q"": 2}",level,2024-02-23,2024-02-26,15996.8203125,15976.25,15976.25,15981.642417680236,15976.25,15981.642417680236,0.0171122499741613,5.392417680235667,0.03375271218362048,0.03375271218362048,pure_test,held_out_pure_test
NASDAQ,GARCH,2,f5f01a0430640286,p=1 q=2,"{""p"": 1, ""q"": 2}",level,2024-02-26,2024-02-27,15976.25,16035.2998046875,16035.2998046875,15960.336963529451,16035.2998046875,15960.336963529451,0.0171122499741613,-74.96284115804883,-0.4674863711381025,0.4674863711381025,pure_test,held_out_pure_test
NASDAQ,GARCH,2,f5f01a0430640286,p=1 q=2,"{""p"": 1, ""q"": 2}",level,2024-02-27,2024-02-28,16035.2998046875,15947.740234375,15947.740234375,16016.971031893128,15947.740234375,16016.971031893128,0.0171122499741613,69.23079751812838,0.4341103911945025,0.4341103911945025,pure_test,held_out_pure_test
NASDAQ,GARCH,2,f5f01a0430640286,p=1 q=2,"{""p"": 1, ""q"": 2}",level,2024-02-28,2024-02-29,15947.740234375,16091.919921875,16091.919921875,15933.859704124234,16091.919921875,15933.859704124234,0.0171122499741613,-158.06021775076624,-0.9822334346562506,0.9822334346562506,pure_test,held_out_pure_test
NASDAQ,GARCH,2,f5f01a0430640286,p=1 q=2,"{""p"": 1, ""q"": 2}",level,2024-02-29,2024-03-01,16091.919921875,16274.9404296875,16274.9404296875,16071.008242179492,16274.9404296875,16071.008242179492,0.0171122499741613,-203.9321875080077,-1.2530441410157804,1.2530441410157804,pure_test,held_out_pure_test
NASDAQ,GARCH,2,f5f01a0430640286,p=1 q=2,"{""p"": 1, ""q"": 2}",level,2024-03-01,2024-03-04,16274.9404296875,16207.509765625,16207.509765625,16252.850289273894,16207.509765625,16252.850289273894,0.0171122499741613,45.340523648894305,0.2797500930405632,0.2797500930405632,pure_test,held_out_pure_test
NASDAQ,GARCH,2,f5f01a0430640286,p=1 q=2,"{""p"": 1, ""q"": 2}",level,2024-03-04,2024-03-05,16207.509765625,15939.58984375,15939.58984375,16193.018508692276,15939.58984375,16193.018508692276,0.0171122499741613,253.42866494227565,1.5899321590238182,1.5899321590238182,pure_test,held_out_pure_test
NASDAQ,GARCH,2,f5f01a0430640286,p=1 q=2,"{""p"": 1, ""q"": 2}",level,2024-03-05,2024-03-06,15939.58984375,16031.5400390625,16031.5400390625,15931.181586940138,16031.5400390625,15931.181586940138,0.0171122499741613,-100.358452122362,-0.6260063092992206,0.6260063092992206,pure_test,held_out_pure_test
NASDAQ,GARCH,2,f5f01a0430640286,p=1 q=2,"{""p"": 1, ""q"": 2}",level,2024-03-06,2024-03-07,16031.5400390625,16273.3798828125,16273.3798828125,16012.213042810186,16273.3798828125,16012.213042810186,0.0171122499741613,-261.1668400023136,-1.604871525663522,1.604871525663522,pure_test,held_out_pure_test
NASDAQ,GARCH,2,f5f01a0430640286,p=1 q=2,"{""p"": 1, ""q"": 2}",level,2024-03-07,2024-03-08,16273.3798828125,16085.1103515625,16085.1103515625,16249.505117967448,16085.1103515625,16249.505117967448,0.0171122499741613,164.3947664049483,1.0220307030034088,1.0220307030034088,pure_test,held_out_pure_test
NASDAQ,GARCH,2,f5f01a0430640286,p=1 q=2,"{""p"": 1, ""q"": 2}",level,2024-03-08,2024-03-11,16085.1103515625,16019.26953125,16019.26953125,16074.28543990916,16019.26953125,16074.28543990916,0.0171122499741613,55.01590865915932,0.34343581367324916,0.34343581367324916,pure_test,held_out_pure_test
NASDAQ,GARCH,2,f5f01a0430640286,p=1 q=2,"{""p"": 1, ""q"": 2}",level,2024-03-11,2024-03-12,16019.26953125,16265.6396484375,16265.6396484375,16004.730037220526,16265.6396484375,16004.730037220526,0.0171122499741613,-260.90961121697364,-1.6040538021020094,1.6040538021020094,pure_test,held_out_pure_test
NASDAQ,GARCH,2,f5f01a0430640286,p=1 q=2,"{""p"": 1, ""q"": 2}",level,2024-03-12,2024-03-13,16265.6396484375,16177.76953125,16177.76953125,16241.627431570443,16177.76953125,16241.627431570443,0.0171122499741613,63.85790032044315,0.39472623340993457,0.39472623340993457,pure_test,held_out_pure_test
NASDAQ,GARCH,2,f5f01a0430640286,p=1 q=2,"{""p"": 1, ""q"": 2}",level,2024-03-13,2024-03-14,16177.76953125,16128.5302734375,16128.5302734375,16163.89842323312,16128.5302734375,16163.89842323312,0.0171122499741613,35.36814979562041,0.2192893536856805,0.2192893536856805,pure_test,held_out_pure_test
NASDAQ,GARCH,2,f5f01a0430640286,p=1 q=2,"{""p"": 1, ""q"": 2}",level,2024-03-14,2024-03-15,16128.5302734375,15973.169921875,15973.169921875,16113.487075080777,15973.169921875,16113.487075080777,0.0171122499741613,140.31715320577678,0.8784552715088486,0.8784552715088486,pure_test,held_out_pure_test
NASDAQ,GARCH,2,f5f01a0430640286,p=1 q=2,"{""p"": 1, ""q"": 2}",level,2024-03-15,2024-03-18,15973.169921875,16103.4501953125,16103.4501953125,15961.34652009672,16103.4501953125,15961.34652009672,0.0171122499741613,-142.10367521577973,-0.8824424175705168,0.8824424175705168,pure_test,held_out_pure_test
NASDAQ,GARCH,2,f5f01a0430640286,p=1 q=2,"{""p"": 1, ""q"": 2}",level,2024-03-18,2024-03-19,16103.4501953125,16166.7900390625,16166.7900390625,16082.960234657568,16166.7900390625,16082.960234657568,0.0171122499741613,-83.82980440493156,-0.5185309155520695,0.5185309155520695,pure_test,held_out_pure_test
NASDAQ,GARCH,2,f5f01a0430640286,p=1 q=2,"{""p"": 1, ""q"": 2}",level,2024-03-19,2024-03-20,16166.7900390625,16369.41015625,16369.41015625,16148.331103144032,16369.41015625,16148.331103144032,0.0171122499741613,-221.07905310596834,-1.3505621216385626,1.3505621216385626,pure_test,held_out_pure_test
NASDAQ,GARCH,2,f5f01a0430640286,p=1 q=2,"{""p"": 1, ""q"": 2}",level,2024-03-20,2024-03-21,16369.41015625,16401.83984375,16401.83984375,16346.725348433576,16401.83984375,16346.725348433576,0.0171122499741613,-55.11449531642393,-0.33602629852178184,0.33602629852178184,pure_test,held_out_pure_test
NASDAQ,GARCH,2,f5f01a0430640286,p=1 q=2,"{""p"": 1, ""q"": 2}",level,2024-03-21,2024-03-22,16401.83984375,16428.8203125,16428.8203125,16384.31874602954,16428.8203125,16384.31874602954,0.0171122499741613,-44.50156647045878,-0.27087499664598197,0.27087499664598197,pure_test,held_out_pure_test
NASDAQ,GARCH,2,f5f01a0430640286,p=1 q=2,"{""p"": 1, ""q"": 2}",level,2024-03-22,2024-03-25,16428.8203125,16384.470703125,16384.470703125,16411.464548317545,16384.470703125,16411.464548317545,0.0171122499741613,26.99384519254454,0.16475262266113985,0.16475262266113985,pure_test,held_out_pure_test
NASDAQ,GARCH,2,f5f01a0430640286,p=1 q=2,"{""p"": 1, ""q"": 2}",level,2024-03-25,2024-03-26,16384.470703125,16315.7001953125,16315.7001953125,16369.27914902907,16315.7001953125,16369.27914902907,0.0171122499741613,53.57895371656923,0.328388932593665,0.328388932593665,pure_test,held_out_pure_test
NASDAQ,GARCH,2,f5f01a0430640286,p=1 q=2,"{""p"": 1, ""q"": 2}",level,2024-03-26,2024-03-27,16315.7001953125,16399.51953125,16399.51953125,16301.249590281954,16399.51953125,16301.249590281954,0.0171122499741613,-98.26994096804628,-0.5992245125278739,0.5992245125278739,pure_test,held_out_pure_test
NASDAQ,GARCH,2,f5f01a0430640286,p=1 q=2,"{""p"": 1, ""q"": 2}",level,2024-03-27,2024-03-28,16399.51953125,16379.4599609375,16379.4599609375,16380.439231599372,16379.4599609375,16380.439231599372,0.0171122499741613,0.9792706618718512,0.005978650481806247,0.005978650481806247,pure_test,held_out_pure_test
NASDAQ,GARCH,2,f5f01a0430640286,p=1 q=2,"{""p"": 1, ""q"": 2}",level,2024-03-28,2024-04-01,16379.4599609375,16396.830078125,16396.830078125,16363.531428151471,16396.830078125,16363.531428151471,0.0171122499741613,-33.29864997352888,-0.20307980149134183,0.20307980149134183,pure_test,held_out_pure_test
NASDAQ,GARCH,2,f5f01a0430640286,p=1 q=2,"{""p"": 1, ""q"": 2}",level,2024-04-01,2024-04-02,16396.830078125,16240.4501953125,16240.4501953125,16379.765899488688,16240.4501953125,16379.765899488688,0.0171122499741613,139.31570417618786,0.8578315410024699,0.8578315410024699,pure_test,held_out_pure_test
NASDAQ,GARCH,2,f5f01a0430640286,p=1 q=2,"{""p"": 1, ""q"": 2}",level,2024-04-02,2024-04-03,16240.4501953125,16277.4599609375,16277.4599609375,16228.657726905849,16277.4599609375,16228.657726905849,0.0171122499741613,-48.802234031651096,-0.29981480002878985,0.29981480002878985,pure_test,held_out_pure_test
NASDAQ,GARCH,2,f5f01a0430640286,p=1 q=2,"{""p"": 1, ""q"": 2}",level,2024-04-03,2024-04-04,16277.4599609375,16049.080078125,16049.080078125,16259.799900082053,16049.080078125,16259.799900082053,0.0171122499741613,210.71982195705277,1.3129713412313597,1.3129713412313597,pure_test,held_out_pure_test
NASDAQ,GARCH,2,f5f01a0430640286,p=1 q=2,"{""p"": 1, ""q"": 2}",level,2024-04-04,2024-04-05,16049.080078125,16248.51953125,16248.51953125,16039.47214575596,16248.51953125,16039.47214575596,0.0171122499741613,-209.0473854940392,-1.2865626624751156,1.2865626624751156,pure_test,held_out_pure_test
NASDAQ,GARCH,2,f5f01a0430640286,p=1 q=2,"{""p"": 1, ""q"": 2}",level,2024-04-05,2024-04-08,16248.51953125,16253.9599609375,16253.9599609375,16225.931227256744,16253.9599609375,16225.931227256744,0.0171122499741613,-28.028733680755977,-0.17244249246409074,0.17244249246409074,pure_test,held_out_pure_test
NASDAQ,GARCH,2,f5f01a0430640286,p=1 q=2,"{""p"": 1, ""q"": 2}",level,2024-04-08,2024-04-09,16253.9599609375,16306.6396484375,16306.6396484375,16237.257738304816,16306.6396484375,16237.257738304816,0.0171122499741613,-69.38191013268442,-0.42548257414477536,0.42548257414477536,pure_test,held_out_pure_test
NASDAQ,GARCH,2,f5f01a0430640286,p=1 q=2,"{""p"": 1, ""q"": 2}",level,2024-04-09,2024-04-10,16306.6396484375,16170.3603515625,16170.3603515625,16288.50414995646,16170.3603515625,16288.50414995646,0.0171122499741613,118.14379839395951,0.7306194532798002,0.7306194532798002,pure_test,held_out_pure_test
NASDAQ,GARCH,2,f5f01a0430640286,p=1 q=2,"{""p"": 1, ""q"": 2}",level,2024-04-10,2024-04-11,16170.3603515625,16442.19921875,16442.19921875,16157.958015734212,16442.19921875,16157.958015734212,0.0171122499741613,-284.2412030157884,-1.7287298325132296,1.7287298325132296,pure_test,held_out_pure_test
NASDAQ,GARCH,2,f5f01a0430640286,p=1 q=2,"{""p"": 1, ""q"": 2}",level,2024-04-11,2024-04-12,16442.19921875,16175.08984375,16175.08984375,16417.41426018561,16175.08984375,16417.41426018561,0.0171122499741613,242.32441643561106,1.49813335676305,1.49813335676305,pure_test,held_out_pure_test
NASDAQ,GARCH,2,f5f01a0430640286,p=1 q=2,"{""p"": 1, ""q"": 2}",level,2024-04-12,2024-04-15,16175.08984375,15885.01953125,15885.01953125,16166.656994317102,15885.01953125,16166.656994317102,0.0171122499741613,281.63746306710163,1.7729752394263467,1.7729752394263467,pure_test,held_out_pure_test
NASDAQ,GARCH,2,f5f01a0430640286,p=1 q=2,"{""p"": 1, ""q"": 2}",level,2024-04-15,2024-04-16,15885.01953125,15865.25,15865.25,15877.283334531354,15865.25,15877.283334531354,0.0171122499741613,12.03333453135383,0.07584711574890929,0.07584711574890929,pure_test,held_out_pure_test
NASDAQ,GARCH,2,f5f01a0430640286,p=1 q=2,"{""p"": 1, ""q"": 2}",level,2024-04-16,2024-04-17,15865.25,15683.3701171875,15683.3701171875,15849.312667203078,15683.3701171875,15849.312667203078,0.0171122499741613,165.94255001557758,1.058079665120701,1.058079665120701,pure_test,held_out_pure_test
NASDAQ,GARCH,2,f5f01a0430640286,p=1 q=2,"{""p"": 1, ""q"": 2}",level,2024-04-17,2024-04-18,15683.3701171875,15601.5,15601.5,15672.351338627504,15601.5,15672.351338627504,0.0171122499741613,70.85133862750445,0.45413158111402396,0.45413158111402396,pure_test,held_out_pure_test
NASDAQ,GARCH,2,f5f01a0430640286,p=1 q=2,"{""p"": 1, ""q"": 2}",level,2024-04-18,2024-04-19,15601.5,15282.009765625,15282.009765625,15587.446847313318,15282.009765625,15587.446847313318,0.0171122499741613,305.43708168831836,1.9986708971706162,1.9986708971706162,pure_test,held_out_pure_test
NASDAQ,GARCH,2,f5f01a0430640286,p=1 q=2,"{""p"": 1, ""q"": 2}",level,2024-04-19,2024-04-22,15282.009765625,15451.3095703125,15451.3095703125,15275.166192233572,15451.3095703125,15275.166192233572,0.0171122499741613,-176.14337807892844,-1.1399899618694,1.1399899618694,pure_test,held_out_pure_test
NASDAQ,GARCH,2,f5f01a0430640286,p=1 q=2,"{""p"": 1, ""q"": 2}",level,2024-04-22,2024-04-23,15451.3095703125,15696.6396484375,15696.6396484375,15429.635726710532,15696.6396484375,15429.635726710532,0.0171122499741613,-267.00392172696775,-1.7010260011514393,1.7010260011514393,pure_test,held_out_pure_test
NASDAQ,GARCH,2,f5f01a0430640286,p=1 q=2,"{""p"": 1, ""q"": 2}",level,2024-04-23,2024-04-24,15696.6396484375,15712.75,15712.75,15672.65898716506,15712.75,15672.65898716506,0.0171122499741613,-40.09101283494056,-0.2551495622022915,0.2551495622022915,pure_test,held_out_pure_test
NASDAQ,GARCH,2,f5f01a0430640286,p=1 q=2,"{""p"": 1, ""q"": 2}",level,2024-04-24,2024-04-25,15712.75,15611.759765625,15611.759765625,15695.724043633229,15611.759765625,15695.724043633229,0.0171122499741613,83.96427800822858,0.5378271205089041,0.5378271205089041,pure_test,held_out_pure_test
NASDAQ,GARCH,2,f5f01a0430640286,p=1 q=2,"{""p"": 1, ""q"": 2}",level,2024-04-25,2024-04-26,15611.759765625,15927.900390625,15927.900390625,15598.286732174978,15927.900390625,15598.286732174978,0.0171122499741613,-329.61365845002183,-2.0694105962894462,2.0694105962894462,pure_test,held_out_pure_test
NASDAQ,GARCH,2,f5f01a0430640286,p=1 q=2,"{""p"": 1, ""q"": 2}",level,2024-04-26,2024-04-29,15927.900390625,15983.080078125,15983.080078125,15901.771282248512,15983.080078125,15901.771282248512,0.0171122499741613,-81.30879587648815,-0.5087179409666488,0.5087179409666488,pure_test,held_out_pure_test
NASDAQ,GARCH,2,f5f01a0430640286,p=1 q=2,"{""p"": 1, ""q"": 2}",level,2024-04-29,2024-04-30,15983.080078125,15657.8203125,15657.8203125,15964.868727698213,15657.8203125,15964.868727698213,0.0171122499741613,307.04841519821275,1.9609907961013506,1.9609907961013506,pure_test,held_out_pure_test
NASDAQ,GARCH,2,f5f01a0430640286,p=1 q=2,"{""p"": 1, ""q"": 2}",level,2024-04-30,2024-05-01,15657.8203125,15605.48046875,15605.48046875,15651.151791177124,15605.48046875,15651.151791177124,0.0171122499741613,45.67132242712432,0.29266207162657515,0.29266207162657515,pure_test,held_out_pure_test
NASDAQ,GARCH,2,f5f01a0430640286,p=1 q=2,"{""p"": 1, ""q"": 2}",level,2024-05-01,2024-05-02,15605.48046875,15840.9599609375,15840.9599609375,15590.531344583807,15840.9599609375,15590.531344583807,0.0171122499741613,-250.42861635369263,-1.580892931812396,1.580892931812396,pure_test,held_out_pure_test
NASDAQ,GARCH,2,f5f01a0430640286,p=1 q=2,"{""p"": 1, ""q"": 2}",level,2024-05-02,2024-05-03,15840.9599609375,16156.330078125,16156.330078125,15817.278174109118,16156.330078125,15817.278174109118,0.0171122499741613,-339.0519040158815,-2.0985700488686088,2.0985700488686088,pure_test,held_out_pure_test
NASDAQ,GARCH,2,f5f01a0430640286,p=1 q=2,"{""p"": 1, ""q"": 2}",level,2024-05-03,2024-05-06,16156.330078125,16349.25,16349.25,16130.22434755523,16349.25,16130.22434755523,0.0171122499741613,-219.02565244477046,-1.3396678896265606,1.3396678896265606,pure_test,held_out_pure_test
NASDAQ,GARCH,2,f5f01a0430640286,p=1 q=2,"{""p"": 1, ""q"": 2}",level,2024-05-06,2024-05-07,16349.25,16332.5595703125,16332.5595703125,16326.85950365902,16332.5595703125,16326.85950365902,0.0171122499741613,-5.700066653480462,-0.03490002059347395,0.03490002059347395,pure_test,held_out_pure_test
NASDAQ,GARCH,2,f5f01a0430640286,p=1 q=2,"{""p"": 1, ""q"": 2}",level,2024-05-07,2024-05-08,16332.5595703125,16302.759765625,16302.759765625,16316.528815177706,16302.759765625,16316.528815177706,0.0171122499741613,13.769049552705837,0.0844583969257672,0.0844583969257672,pure_test,held_out_pure_test
NASDAQ,GARCH,2,f5f01a0430640286,p=1 q=2,"{""p"": 1, ""q"": 2}",level,2024-05-08,2024-05-09,16302.759765625,16346.259765625,16346.259765625,16287.126759130737,16346.259765625,16287.126759130737,0.0171122499741613,-59.1330064942631,-0.36175251918249535,0.36175251918249535,pure_test,held_out_pure_test
NASDAQ,GARCH,2,f5f01a0430640286,p=1 q=2,"{""p"": 1, ""q"": 2}",level,2024-05-09,2024-05-10,16346.259765625,16340.8701171875,16340.8701171875,16328.402786007264,16340.8701171875,16328.402786007264,0.0171122499741613,-12.467331180236215,-0.07629539364077648,0.07629539364077648,pure_test,held_out_pure_test
NASDAQ,GARCH,2,f5f01a0430640286,p=1 q=2,"{""p"": 1, ""q"": 2}",level,2024-05-10,2024-05-13,16340.8701171875,16388.240234375,16388.240234375,16324.49648755418,16388.240234375,16324.49648755418,0.0171122499741613,-63.74374682082089,-0.38896029048387876,0.38896029048387876,pure_test,held_out_pure_test
NASDAQ,GARCH,2,f5f01a0430640286,p=1 q=2,"{""p"": 1, ""q"": 2}",level,2024-05-13,2024-05-14,16388.240234375,16511.1796875,16511.1796875,16370.26583238968,16511.1796875,16370.26583238968,0.0171122499741613,-140.91385511032058,-0.8534451067539481,0.8534451067539481,pure_test,held_out_pure_test
NASDAQ,GARCH,2,f5f01a0430640286,p=1 q=2,"{""p"": 1, ""q"": 2}",level,2024-05-14,2024-05-15,16511.1796875,16742.390625,16742.390625,16490.91245304671,16742.390625,16490.91245304671,0.0171122499741613,-251.47817195329117,-1.5020445860209475,1.5020445860209475,pure_test,held_out_pure_test
NASDAQ,GARCH,2,f5f01a0430640286,p=1 q=2,"{""p"": 1, ""q"": 2}",level,2024-05-15,2024-05-16,16742.390625,16698.3203125,16698.3203125,16718.838349443053,16698.3203125,16718.838349443053,0.0171122499741613,20.51803694305272,0.12287485542898206,0.12287485542898206,pure_test,held_out_pure_test
NASDAQ,GARCH,2,f5f01a0430640286,p=1 q=2,"{""p"": 1, ""q"": 2}",level,2024-05-16,2024-05-17,16698.3203125,16685.970703125,16685.970703125,16683.120284319506,16685.970703125,16683.120284319506,0.0171122499741613,-2.850418805493973,-0.017082726897993044,0.017082726897993044,pure_test,held_out_pure_test
NASDAQ,GARCH,2,f5f01a0430640286,p=1 q=2,"{""p"": 1, ""q"": 2}",level,2024-05-17,2024-05-20,16685.970703125,16794.869140625,16794.869140625,16669.808244123462,16794.869140625,16669.808244123462,0.0171122499741613,-125.06089650153808,-0.7446375166986511,0.7446375166986511,pure_test,held_out_pure_test
NASDAQ,GARCH,2,f5f01a0430640286,p=1 q=2,"{""p"": 1, ""q"": 2}",level,2024-05-20,2024-05-21,16794.869140625,16832.619140625,16832.619140625,16775.027921513898,16832.619140625,16775.027921513898,0.0171122499741613,-57.591219111101964,-0.3421405702224163,0.3421405702224163,pure_test,held_out_pure_test
NASDAQ,GARCH,2,f5f01a0430640286,p=1 q=2,"{""p"": 1, ""q"": 2}",level,2024-05-21,2024-05-22,16832.619140625,16801.5390625,16801.5390625,16814.93662048249,16801.5390625,16814.93662048249,0.0171122499741613,13.39755798249098,0.0797400638873227,0.0797400638873227,pure_test,held_out_pure_test
NASDAQ,GARCH,2,f5f01a0430640286,p=1 q=2,"{""p"": 1, ""q"": 2}",level,2024-05-22,2024-05-23,16801.5390625,16736.029296875,16736.029296875,16785.944900498267,16736.029296875,16785.944900498267,0.0171122499741613,49.91560362326709,0.2982523676185693,0.2982523676185693,pure_test,held_out_pure_test
NASDAQ,GARCH,2,f5f01a0430640286,p=1 q=2,"{""p"": 1, ""q"": 2}",level,2024-05-23,2024-05-24,16736.029296875,16920.7890625,16920.7890625,16721.479758388647,16920.7890625,16721.479758388647,0.0171122499741613,-199.3093041113534,-1.1778960388618307,1.1778960388618307,pure_test,held_out_pure_test
NASDAQ,GARCH,2,f5f01a0430640286,p=1 q=2,"{""p"": 1, ""q"": 2}",level,2024-05-24,2024-05-28,16920.7890625,17019.880859375,17019.880859375,16898.646151650697,17019.880859375,16898.646151650697,0.0171122499741613,-121.23470772430301,-0.7123123171424771,0.7123123171424771,pure_test,held_out_pure_test
NASDAQ,GARCH,2,f5f01a0430640286,p=1 q=2,"{""p"": 1, ""q"": 2}",level,2024-05-28,2024-05-29,17019.880859375,16920.580078125,16920.580078125,17000.33718137297,16920.580078125,17000.33718137297,0.0171122499741613,79.75710324796819,0.4713615188115124,0.4713615188115124,pure_test,held_out_pure_test
NASDAQ,GARCH,2,f5f01a0430640286,p=1 q=2,"{""p"": 1, ""q"": 2}",level,2024-05-29,2024-05-30,16920.580078125,16737.080078125,16737.080078125,16907.055785352266,16737.080078125,16907.055785352266,0.0171122499741613,169.97570722726596,1.0155636851461356,1.0155636851461356,pure_test,held_out_pure_test
NASDAQ,GARCH,2,f5f01a0430640286,p=1 q=2,"{""p"": 1, ""q"": 2}",level,2024-05-30,2024-05-31,16737.080078125,16735.01953125,16735.01953125,16726.11045518141,16735.01953125,16726.11045518141,0.0171122499741613,-8.909076068590366,-0.053236125909229305,0.053236125909229305,pure_test,held_out_pure_test
NASDAQ,GARCH,2,f5f01a0430640286,p=1 q=2,"{""p"": 1, ""q"": 2}",level,2024-05-31,2024-06-03,16735.01953125,16828.669921875,16828.669921875,16718.544894084233,16828.669921875,16718.544894084233,0.0171122499741613,-110.12502779076749,-0.6543893742167931,0.6543893742167931,pure_test,held_out_pure_test
NASDAQ,GARCH,2,f5f01a0430640286,p=1 q=2,"{""p"": 1, ""q"": 2}",level,2024-06-03,2024-06-04,16828.669921875,16857.05078125,16857.05078125,16809.291340373642,16857.05078125,16809.291340373642,0.0171122499741613,-47.759440876357985,-0.28332026459504134,0.28332026459504134,pure_test,held_out_pure_test
NASDAQ,GARCH,2,f5f01a0430640286,p=1 q=2,"{""p"": 1, ""q"": 2}",level,2024-06-04,2024-06-05,16857.05078125,17187.900390625,17187.900390625,16839.652528126055,17187.900390625,16839.652528126055,0.0171122499741613,-348.2478624989453,-2.0261221823748423,2.0261221823748423,pure_test,held_out_pure_test
NASDAQ,GARCH,2,f5f01a0430640286,p=1 q=2,"{""p"": 1, ""q"": 2}",level,2024-06-05,2024-06-06,17187.900390625,17173.119140625,17173.119140625,17161.32500021457,17173.119140625,17161.32500021457,0.0171122499741613,-11.794140410431282,-0.06867791642189729,0.06867791642189729,pure_test,held_out_pure_test
NASDAQ,GARCH,2,f5f01a0430640286,p=1 q=2,"{""p"": 1, ""q"": 2}",level,2024-06-06,2024-06-07,17173.119140625,17133.130859375,17133.130859375,17157.030459492573,17133.130859375,17157.030459492573,0.0171122499741613,23.899600117572845,0.1394934779506183,0.1394934779506183,pure_test,held_out_pure_test
NASDAQ,GARCH,2,f5f01a0430640286,p=1 q=2,"{""p"": 1, ""q"": 2}",level,2024-06-07,2024-06-10,17133.130859375,17192.529296875,17192.529296875,17117.806979189336,17192.529296875,17117.806979189336,0.0171122499741613,-74.72231768566417,-0.43462085418255514,0.43462085418255514,pure_test,held_out_pure_test
NASDAQ,GARCH,2,f5f01a0430640286,p=1 q=2,"{""p"": 1, ""q"": 2}",level,2024-06-10,2024-06-11,17192.529296875,17343.55078125,17343.55078125,17174.189946289756,17343.55078125,17174.189946289756,0.0171122499741613,-169.36083496024366,-0.9765061208996405,0.9765061208996405,pure_test,held_out_pure_test
NASDAQ,GARCH,2,f5f01a0430640286,p=1 q=2,"{""p"": 1, ""q"": 2}",level,2024-06-11,2024-06-12,17343.55078125,17608.439453125,17608.439453125,17322.431516112334,17608.439453125,17322.431516112334,0.0171122499741613,-286.00793701266593,-1.6242662376415624,1.6242662376415624,pure_test,held_out_pure_test
NASDAQ,GARCH,2,f5f01a0430640286,p=1 q=2,"{""p"": 1, ""q"": 2}",level,2024-06-12,2024-06-13,17608.439453125,17667.560546875,17667.560546875,17583.865368895727,17667.560546875,17583.865368895727,0.0171122499741613,-83.69517797927256,-0.47372232152376226,0.47372232152376226,pure_test,held_out_pure_test
NASDAQ,GARCH,2,f5f01a0430640286,p=1 q=2,"{""p"": 1, ""q"": 2}",level,2024-06-13,2024-06-14,17667.560546875,17688.880859375,17688.880859375,17649.229611114988,17688.880859375,17649.229611114988,0.0171122499741613,-39.651248260011926,-0.22415916854907755,0.22415916854907755,pure_test,held_out_pure_test
NASDAQ,GARCH,2,f5f01a0430640286,p=1 q=2,"{""p"": 1, ""q"": 2}",level,2024-06-14,2024-06-17,17688.880859375,17857.01953125,17857.01953125,17671.69682873847,17857.01953125,17671.69682873847,0.0171122499741613,-185.32270251153022,-1.0378143014695889,1.0378143014695889,pure_test,held_out_pure_test
NASDAQ,GARCH,2,f5f01a0430640286,p=1 q=2,"{""p"": 1, ""q"": 2}",level,2024-06-17,2024-06-18,17857.01953125,17862.23046875,17862.23046875,17835.380917321272,17862.23046875,17835.380917321272,0.0171122499741613,-26.849551428727864,-0.1503146624140876,0.1503146624140876,pure_test,held_out_pure_test
NASDAQ,GARCH,2,f5f01a0430640286,p=1 q=2,"{""p"": 1, ""q"": 2}",level,2024-06-18,2024-06-20,17862.23046875,17721.58984375,17721.58984375,17845.5352090889,17721.58984375,17845.5352090889,0.0171122499741613,123.94536533889914,0.6994031936847462,0.6994031936847462,pure_test,held_out_pure_test
NASDAQ,GARCH,2,f5f01a0430640286,p=1 q=2,"{""p"": 1, ""q"": 2}",level,2024-06-20,2024-06-21,17721.58984375,17689.359375,17689.359375,17709.319834011447,17689.359375,17709.319834011447,0.0171122499741613,19.9604590114468,0.11283878962658478,0.11283878962658478,pure_test,held_out_pure_test
NASDAQ,GARCH,2,f5f01a0430640286,p=1 q=2,"{""p"": 1, ""q"": 2}",level,2024-06-21,2024-06-24,17689.359375,17496.8203125,17496.8203125,17673.800116745177,17496.8203125,17673.800116745177,0.0171122499741613,176.97980424517664,1.0114969524990751,1.0114969524990751,pure_test,held_out_pure_test
NASDAQ,GARCH,2,f5f01a0430640286,p=1 q=2,"{""p"": 1, ""q"": 2}",level,2024-06-24,2024-06-25,17496.8203125,17717.650390625,17717.650390625,17486.124941747763,17717.650390625,17486.124941747763,0.0171122499741613,-231.52544887723707,-1.3067502957375483,1.3067502957375483,pure_test,held_out_pure_test
NASDAQ,GARCH,2,f5f01a0430640286,p=1 q=2,"{""p"": 1, ""q"": 2}",level,2024-06-25,2024-06-26,17717.650390625,17805.16015625,17805.16015625,17694.413078420916,17805.16015625,17694.413078420916,0.0171122499741613,-110.74707782908445,-0.6219942806311113,0.6219942806311113,pure_test,held_out_pure_test
NASDAQ,GARCH,2,f5f01a0430640286,p=1 q=2,"{""p"": 1, ""q"": 2}",level,2024-06-26,2024-06-27,17805.16015625,17858.6796875,17858.6796875,17785.96788609039,17858.6796875,17785.96788609039,0.0171122499741613,-72.7118014096086,-0.4071510474567864,0.4071510474567864,pure_test,held_out_pure_test
NASDAQ,GARCH,2,f5f01a0430640286,p=1 q=2,"{""p"": 1, ""q"": 2}",level,2024-06-27,2024-06-28,17858.6796875,17732.599609375,17732.599609375,17840.518707505937,17732.599609375,17840.518707505937,0.0171122499741613,107.91909813093662,0.6085915235681584,0.6085915235681584,pure_test,held_out_pure_test
NASDAQ,GARCH,2,f5f01a0430640286,p=1 q=2,"{""p"": 1, ""q"": 2}",level,2024-06-28,2024-07-01,17732.599609375,17879.30078125,17879.30078125,17719.887821311782,17879.30078125,17719.887821311782,0.0171122499741613,-159.41295993821768,-0.8916062316340349,0.8916062316340349,pure_test,held_out_pure_test
NASDAQ,GARCH,2,f5f01a0430640286,p=1 q=2,"{""p"": 1, ""q"": 2}",level,2024-07-01,2024-07-02,17879.30078125,18028.759765625,18028.759765625,17858.312597756085,18028.759765625,17858.312597756085,0.0171122499741613,-170.44716786891513,-0.9454181545749066,0.9454181545749066,pure_test,held_out_pure_test
NASDAQ,GARCH,2,f5f01a0430640286,p=1 q=2,"{""p"": 1, ""q"": 2}",level,2024-07-02,2024-07-03,18028.759765625,18188.30078125,18188.30078125,18007.687907953426,18188.30078125,18007.687907953426,0.0171122499741613,-180.61287329657353,-0.9930167499910941,0.9930167499910941,pure_test,held_out_pure_test
NASDAQ,GARCH,2,f5f01a0430640286,p=1 q=2,"{""p"": 1, ""q"": 2}",level,2024-07-03,2024-07-05,18188.30078125,18352.759765625,18352.759765625,18166.923026903456,18352.759765625,18166.923026903456,0.0171122499741613,-185.83673872154395,-1.012581982736019,1.012581982736019,pure_test,held_out_pure_test
NASDAQ,GARCH,2,f5f01a0430640286,p=1 q=2,"{""p"": 1, ""q"": 2}",level,2024-07-05,2024-07-08,18352.759765625,18403.740234375,18403.740234375,18331.232796278924,18403.740234375,18331.232796278924,0.0171122499741613,-72.50743809607593,-0.39398207740752933,0.39398207740752933,pure_test,held_out_pure_test
NASDAQ,GARCH,2,f5f01a0430640286,p=1 q=2,"{""p"": 1, ""q"": 2}",level,2024-07-08,2024-07-09,18403.740234375,18429.2890625,18429.2890625,18385.656291513336,18429.2890625,18385.656291513336,0.0171122499741613,-43.63277098666367,-0.23675775467349866,0.23675775467349866,pure_test,held_out_pure_test
NASDAQ,GARCH,2,f5f01a0430640286,p=1 q=2,"{""p"": 1, ""q"": 2}",level,2024-07-09,2024-07-10,18429.2890625,18647.44921875,18647.44921875,18411.976735408352,18647.44921875,18411.976735408352,0.0171122499741613,-235.4724833416476,-1.2627597511024733,1.2627597511024733,pure_test,held_out_pure_test
NASDAQ,GARCH,2,f5f01a0430640286,p=1 q=2,"{""p"": 1, ""q"": 2}",level,2024-07-10,2024-07-11,18647.44921875,18283.41015625,18283.41015625,18624.292914053603,18283.41015625,18624.292914053603,0.0171122499741613,340.88275780360345,1.864437514065592,1.864437514065592,pure_test,held_out_pure_test
NASDAQ,GARCH,2,f5f01a0430640286,p=1 q=2,"{""p"": 1, ""q"": 2}",level,2024-07-11,2024-07-12,18283.41015625,18398.44921875,18398.44921875,18277.918228976247,18398.44921875,18277.918228976247,0.0171122499741613,-120.53098977375339,-0.6551149411599285,0.6551149411599285,pure_test,held_out_pure_test
NASDAQ,GARCH,2,f5f01a0430640286,p=1 q=2,"{""p"": 1, ""q"": 2}",level,2024-07-12,2024-07-15,18398.44921875,18472.5703125,18472.5703125,18378.42168829715,18472.5703125,18378.42168829715,0.0171122499741613,-94.14862420285135,-0.5096671584416326,0.5096671584416326,pure_test,held_out_pure_test
NASDAQ,GARCH,2,f5f01a0430640286,p=1 q=2,"{""p"": 1, ""q"": 2}",level,2024-07-15,2024-07-16,18472.5703125,18509.33984375,18509.33984375,18453.78426506549,18509.33984375,18453.78426506549,0.0171122499741613,-55.55557868451069,-0.3001488932263027,0.3001488932263027,pure_test,held_out_pure_test
NASDAQ,GARCH,2,f5f01a0430640286,p=1 q=2,"{""p"": 1, ""q"": 2}",level,2024-07-16,2024-07-17,18509.33984375,17996.919921875,17996.919921875,18491.687071792465,17996.919921875,18491.687071792465,0.0171122499741613,494.76714991746485,2.7491768150620173,2.7491768150620173,pure_test,held_out_pure_test
NASDAQ,GARCH,2,f5f01a0430640286,p=1 q=2,"{""p"": 1, ""q"": 2}",level,2024-07-17,2024-07-18,17996.919921875,17871.220703125,17871.220703125,17995.929985359537,17871.220703125,17995.929985359537,0.0171122499741613,124.70928223453666,0.6978218461189376,0.6978218461189376,pure_test,held_out_pure_test
NASDAQ,GARCH,2,f5f01a0430640286,p=1 q=2,"{""p"": 1, ""q"": 2}",level,2024-07-18,2024-07-19,17871.220703125,17726.939453125,17726.939453125,17858.497359491925,17726.939453125,17858.497359491925,0.0171122499741613,131.55790636692473,0.7421354753018745,0.7421354753018745,pure_test,held_out_pure_test
NASDAQ,GARCH,2,f5f01a0430640286,p=1 q=2,"{""p"": 1, ""q"": 2}",level,2024-07-19,2024-07-22,17726.939453125,18007.5703125,18007.5703125,17714.779902782448,18007.5703125,17714.779902782448,0.0171122499741613,-292.7904097175524,-1.6259295653801291,1.6259295653801291,pure_test,held_out_pure_test
NASDAQ,GARCH,2,f5f01a0430640286,p=1 q=2,"{""p"": 1, ""q"": 2}",level,2024-07-22,2024-07-23,18007.5703125,17997.349609375,17997.349609375,17982.51859804983,17997.349609375,17982.51859804983,0.0171122499741613,-14.83101132516822,-0.08240664123923334,0.08240664123923334,pure_test,held_out_pure_test
NASDAQ,GARCH,2,f5f01a0430640286,p=1 q=2,"{""p"": 1, ""q"": 2}",level,2024-07-23,2024-07-24,17997.349609375,17342.41015625,17342.41015625,17981.12255770091,17342.41015625,17981.12255770091,0.0171122499741613,638.71240145091,3.6829506146856152,3.6829506146856152,pure_test,held_out_pure_test
NASDAQ,GARCH,2,f5f01a0430640286,p=1 q=2,"{""p"": 1, ""q"": 2}",level,2024-07-24,2024-07-25,17342.41015625,17181.720703125,17181.720703125,17345.74437323564,17181.720703125,17345.74437323564,0.0171122499741613,164.02367011064052,0.9546405330684254,0.9546405330684254,pure_test,held_out_pure_test
NASDAQ,GARCH,2,f5f01a0430640286,p=1 q=2,"{""p"": 1, ""q"": 2}",level,2024-07-25,2024-07-26,17181.720703125,17357.880859375,17357.880859375,17170.058990435766,17357.880859375,17170.058990435766,0.0171122499741613,-187.82186893923426,-1.082055295003316,1.082055295003316,pure_test,held_out_pure_test
NASDAQ,GARCH,2,f5f01a0430640286,p=1 q=2,"{""p"": 1, ""q"": 2}",level,2024-07-26,2024-07-29,17357.880859375,17370.19921875,17370.19921875,17335.998867367212,17370.19921875,17335.998867367212,0.0171122499741613,-34.20035138278763,-0.19689095647141788,0.19689095647141788,pure_test,held_out_pure_test
NASDAQ,GARCH,2,f5f01a0430640286,p=1 q=2,"{""p"": 1, ""q"": 2}",level,2024-07-29,2024-07-30,17370.19921875,17147.419921875,17147.419921875,17353.288314377503,17147.419921875,17353.288314377503,0.0171122499741613,205.8683925025034,1.2005794075170264,1.2005794075170264,pure_test,held_out_pure_test
NASDAQ,GARCH,2,f5f01a0430640286,p=1 q=2,"{""p"": 1, ""q"": 2}",level,2024-07-30,2024-07-31,17147.419921875,17599.400390625,17599.400390625,17137.64206336968,17599.400390625,17137.64206336968,0.0171122499741613,-461.7583272553202,-2.623716246044914,2.623716246044914,pure_test,held_out_pure_test
NASDAQ,GARCH,2,f5f01a0430640286,p=1 q=2,"{""p"": 1, ""q"": 2}",level,2024-07-31,2024-08-01,17599.400390625,17194.150390625,17194.150390625,17569.14979566496,17194.150390625,17569.14979566496,0.0171122499741613,374.9994050399582,2.1809708332225837,2.1809708332225837,pure_test,held_out_pure_test
NASDAQ,GARCH,2,f5f01a0430640286,p=1 q=2,"{""p"": 1, ""q"": 2}",level,2024-08-01,2024-08-02,17194.150390625,16776.16015625,16776.16015625,17189.908835269478,16776.16015625,17189.908835269478,0.0171122499741613,413.748679019478,2.4662895153950646,2.4662895153950646,pure_test,held_out_pure_test
NASDAQ,GARCH,2,f5f01a0430640286,p=1 q=2,"{""p"": 1, ""q"": 2}",level,2024-08-02,2024-08-05,16776.16015625,16200.080078125,16200.080078125,16772.30514952114,16200.080078125,16772.30514952114,0.0171122499741613,572.2250713961403,3.5322360669612793,3.5322360669612793,pure_test,held_out_pure_test
NASDAQ,GARCH,2,f5f01a0430640286,p=1 q=2,"{""p"": 1, ""q"": 2}",level,2024-08-05,2024-08-06,16200.080078125,16366.849609375,16366.849609375,16201.021640296873,16366.849609375,16201.021640296873,0.0171122499741613,-165.82796907812735,-1.0131941884719244,1.0131941884719244,pure_test,held_out_pure_test
NASDAQ,GARCH,2,f5f01a0430640286,p=1 q=2,"{""p"": 1, ""q"": 2}",level,2024-08-06,2024-08-07,16366.849609375,16195.8095703125,16195.8095703125,16345.25253623844,16195.8095703125,16345.25253623844,0.0171122499741613,149.44296592594037,0.9227261241690239,0.9227261241690239,pure_test,held_out_pure_test
NASDAQ,GARCH,2,f5f01a0430640286,p=1 q=2,"{""p"": 1, ""q"": 2}",level,2024-08-07,2024-08-08,16195.8095703125,16660.01953125,16660.01953125,16184.461902456474,16660.01953125,16184.461902456474,0.0171122499741613,-475.5576287935255,-2.8544842213509964,2.8544842213509964,pure_test,held_out_pure_test
NASDAQ,GARCH,2,f5f01a0430640286,p=1 q=2,"{""p"": 1, ""q"": 2}",level,2024-08-08,2024-08-09,16660.01953125,16745.30078125,16745.30078125,16629.397883978774,16745.30078125,16629.397883978774,0.0171122499741613,-115.90289727122581,-0.6921517790889983,0.6921517790889983,pure_test,held_out_pure_test
NASDAQ,GARCH,2,f5f01a0430640286,p=1 q=2,"{""p"": 1, ""q"": 2}",level,2024-08-09,2024-08-12,16745.30078125,16780.609375,16780.609375,16726.17612598891,16780.609375,16726.17612598891,0.0171122499741613,-54.43324901109008,-0.3243818373615534,0.3243818373615534,pure_test,held_out_pure_test
NASDAQ,GARCH,2,f5f01a0430640286,p=1 q=2,"{""p"": 1, ""q"": 2}",level,2024-08-12,2024-08-13,16780.609375,17187.609375,17187.609375,16763.000929023263,17187.609375,16763.000929023263,0.0171122499741613,-424.60844597673713,-2.470433419288348,2.470433419288348,pure_test,held_out_pure_test
NASDAQ,GARCH,2,f5f01a0430640286,p=1 q=2,"{""p"": 1, ""q"": 2}",level,2024-08-13,2024-08-14,17187.609375,17192.599609375,17192.599609375,17158.723522470144,17192.599609375,17158.723522470144,0.0171122499741613,-33.87608690485649,-0.1970387706021148,0.1970387706021148,pure_test,held_out_pure_test
NASDAQ,GARCH,2,f5f01a0430640286,p=1 q=2,"{""p"": 1, ""q"": 2}",level,2024-08-14,2024-08-15,17192.599609375,17594.5,17594.5,17175.911046018486,17594.5,17175.911046018486,0.0171122499741613,-418.58895398151435,-2.3790897950013603,2.3790897950013603,pure_test,held_out_pure_test
NASDAQ,GARCH,2,f5f01a0430640286,p=1 q=2,"{""p"": 1, ""q"": 2}",level,2024-08-15,2024-08-16,17594.5,17631.720703125,17631.720703125,17565.768873587607,17631.720703125,17565.768873587607,0.0171122499741613,-65.95182953739277,-0.37405214526625097,0.37405214526625097,pure_test,held_out_pure_test
NASDAQ,GARCH,2,f5f01a0430640286,p=1 q=2,"{""p"": 1, ""q"": 2}",level,2024-08-16,2024-08-19,17631.720703125,17876.76953125,17876.76953125,17614.054242261627,17876.76953125,17614.054242261627,0.0171122499741613,-262.7152889883728,-1.4695904007104068,1.4695904007104068,pure_test,held_out_pure_test
NASDAQ,GARCH,2,f5f01a0430640286,p=1 q=2,"{""p"": 1, ""q"": 2}",level,2024-08-19,2024-08-20,17876.76953125,17816.939453125,17816.939453125,17852.79740332146,17816.939453125,17852.79740332146,0.0171122499741613,35.85795019645957,0.20125763064301297,0.20125763064301297,pure_test,held_out_pure_test
NASDAQ,GARCH,2,f5f01a0430640286,p=1 q=2,"{""p"": 1, ""q"": 2}",level,2024-08-20,2024-08-21,17816.939453125,17918.990234375,17918.990234375,17802.217588499396,17918.990234375,17802.217588499396,0.0171122499741613,-116.77264587560421,-0.6516697891357334,0.6516697891357334,pure_test,held_out_pure_test
NASDAQ,GARCH,2,f5f01a0430640286,p=1 q=2,"{""p"": 1, ""q"": 2}",level,2024-08-21,2024-08-22,17918.990234375,17619.349609375,17619.349609375,17899.356778484052,17619.349609375,17899.356778484052,0.0171122499741613,280.0071691090525,1.5892026398072308,1.5892026398072308,pure_test,held_out_pure_test
NASDAQ,GARCH,2,f5f01a0430640286,p=1 q=2,"{""p"": 1, ""q"": 2}",level,2024-08-22,2024-08-23,17619.349609375,17877.7890625,17877.7890625,17611.90378338618,17877.7890625,17611.90378338618,0.0171122499741613,-265.8852791138197,-1.4872380370094755,1.4872380370094755,pure_test,held_out_pure_test
NASDAQ,GARCH,2,f5f01a0430640286,p=1 q=2,"{""p"": 1, ""q"": 2}",level,2024-08-23,2024-08-26,17877.7890625,17725.76953125,17725.76953125,17853.410652587034,17725.76953125,17853.410652587034,0.0171122499741613,127.64112133703384,0.7200878986495135,0.7200878986495135,pure_test,held_out_pure_test
NASDAQ,GARCH,2,f5f01a0430640286,p=1 q=2,"{""p"": 1, ""q"": 2}",level,2024-08-26,2024-08-27,17725.76953125,17754.8203125,17754.8203125,17713.844766383278,17754.8203125,17713.844766383278,0.0171122499741613,-40.9755461167224,-0.2307854734405519,0.2307854734405519,pure_test,held_out_pure_test
NASDAQ,GARCH,2,f5f01a0430640286,p=1 q=2,"{""p"": 1, ""q"": 2}",level,2024-08-27,2024-08-28,17754.8203125,17556.029296875,17556.029296875,17737.40173342497,17556.029296875,17737.40173342497,0.0171122499741613,181.37243654996928,1.0331062536006013,1.0331062536006013,pure_test,held_out_pure_test
NASDAQ,GARCH,2,f5f01a0430640286,p=1 q=2,"{""p"": 1, ""q"": 2}",level,2024-08-28,2024-08-29,17556.029296875,17516.4296875,17516.4296875,17545.52361524647,17516.4296875,17545.52361524647,0.0171122499741613,29.09392774647131,0.1660950791086907,0.1660950791086907,pure_test,held_out_pure_test
NASDAQ,GARCH,2,f5f01a0430640286,p=1 q=2,"{""p"": 1, ""q"": 2}",level,2024-08-29,2024-08-30,17516.4296875,17713.619140625,17713.619140625,17501.09401470714,17713.619140625,17501.09401470714,0.0171122499741613,-212.52512591785853,-1.1997837609054514,1.1997837609054514,pure_test,held_out_pure_test
NASDAQ,GARCH,2,f5f01a0430640286,p=1 q=2,"{""p"": 1, ""q"": 2}",level,2024-08-30,2024-09-03,17713.619140625,17136.30078125,17136.30078125,17691.09910338292,17136.30078125,17691.09910338292,0.0171122499741613,554.7983221329196,3.2375617656055757,3.2375617656055757,pure_test,held_out_pure_test
NASDAQ,GARCH,2,f5f01a0430640286,p=1 q=2,"{""p"": 1, ""q"": 2}",level,2024-09-03,2024-09-04,17136.30078125,17084.30078125,17084.30078125,17137.279913838753,17084.30078125,17137.279913838753,0.0171122499741613,52.97913258875269,0.31010419019839097,0.31010419019839097,pure_test,held_out_pure_test
NASDAQ,GARCH,2,f5f01a0430640286,p=1 q=2,"{""p"": 1, ""q"": 2}",level,2024-09-04,2024-09-05,17084.30078125,17127.66015625,17127.66015625,17069.341345959932,17127.66015625,17069.341345959932,0.0171122499741613,-58.31881029006763,-0.34049490565578916,0.34049490565578916,pure_test,held_out_pure_test
NASDAQ,GARCH,2,f5f01a0430640286,p=1 q=2,"{""p"": 1, ""q"": 2}",level,2024-09-05,2024-09-06,17127.66015625,16690.830078125,16690.830078125,17109.807443304213,16690.830078125,17109.807443304213,0.0171122499741613,418.97736517921294,2.5102248553133655,2.5102248553133655,pure_test,held_out_pure_test
NASDAQ,GARCH,2,f5f01a0430640286,p=1 q=2,"{""p"": 1, ""q"": 2}",level,2024-09-06,2024-09-09,16690.830078125,16884.599609375,16884.599609375,16687.54668691857,16884.599609375,16687.54668691857,0.0171122499741613,-197.05292245643068,-1.1670571231491866,1.1670571231491866,pure_test,held_out_pure_test
NASDAQ,GARCH,2,f5f01a0430640286,p=1 q=2,"{""p"": 1, ""q"": 2}",level,2024-09-09,2024-09-10,16884.599609375,17025.880859375,17025.880859375,16862.183335224334,17025.880859375,16862.183335224334,0.0171122499741613,-163.69752415066614,-0.9614628782071443,0.9614628782071443,pure_test,held_out_pure_test
NASDAQ,GARCH,2,f5f01a0430640286,p=1 q=2,"{""p"": 1, ""q"": 2}",level,2024-09-10,2024-09-11,17025.880859375,17395.529296875,17395.529296875,17005.057120529098,17395.529296875,17005.057120529098,0.0171122499741613,-390.47217634590197,-2.244669706118387,2.244669706118387,pure_test,held_out_pure_test
NASDAQ,GARCH,2,f5f01a0430640286,p=1 q=2,"{""p"": 1, ""q"": 2}",level,2024-09-11,2024-09-12,17395.529296875,17569.6796875,17569.6796875,17367.77671982212,17569.6796875,17367.77671982212,0.0171122499741613,-201.90296767788095,-1.149155654906591,1.149155654906591,pure_test,held_out_pure_test
NASDAQ,GARCH,2,f5f01a0430640286,p=1 q=2,"{""p"": 1, ""q"": 2}",level,2024-09-12,2024-09-13,17569.6796875,17683.98046875,17683.98046875,17547.858673345476,17683.98046875,17547.858673345476,0.0171122499741613,-136.12179540452416,-0.7697463568514448,0.7697463568514448,pure_test,held_out_pure_test
NASDAQ,GARCH,2,f5f01a0430640286,p=1 q=2,"{""p"": 1, ""q"": 2}",level,2024-09-13,2024-09-16,17683.98046875,17592.130859375,17592.130859375,17663.975338324875,17592.130859375,17663.975338324875,0.0171122499741613,71.84447894987534,0.40838986205919897,0.40838986205919897,pure_test,held_out_pure_test
NASDAQ,GARCH,2,f5f01a0430640286,p=1 q=2,"{""p"": 1, ""q"": 2}",level,2024-09-16,2024-09-17,17592.130859375,17628.060546875,17628.060546875,17578.38049224833,17628.060546875,17578.38049224833,0.0171122499741613,-49.680054626671335,-0.2818237122261208,0.2818237122261208,pure_test,held_out_pure_test
NASDAQ,GARCH,2,f5f01a0430640286,p=1 q=2,"{""p"": 1, ""q"": 2}",level,2024-09-17,2024-09-18,17628.060546875,17573.30078125,17573.30078125,17610.43325643049,17573.30078125,17610.43325643049,0.0171122499741613,37.132475180489564,0.21130051572387817,0.21130051572387817,pure_test,held_out_pure_test
NASDAQ,GARCH,2,f5f01a0430640286,p=1 q=2,"{""p"": 1, ""q"": 2}",level,2024-09-18,2024-09-19,17573.30078125,18013.98046875,18013.98046875,17558.425079396922,18013.98046875,17558.425079396922,0.0171122499741613,-455.55538935307777,-2.5288990966952514,2.5288990966952514,pure_test,held_out_pure_test
NASDAQ,GARCH,2,f5f01a0430640286,p=1 q=2,"{""p"": 1, ""q"": 2}",level,2024-09-19,2024-09-20,18013.98046875,17948.3203125,17948.3203125,17984.072748288483,17948.3203125,17984.072748288483,0.0171122499741613,35.752435788483126,0.19919655525416247,0.19919655525416247,pure_test,held_out_pure_test
NASDAQ,GARCH,2,f5f01a0430640286,p=1 q=2,"{""p"": 1, ""q"": 2}",level,2024-09-20,2024-09-23,17948.3203125,17974.26953125,17974.26953125,17933.77533698226,17974.26953125,17933.77533698226,0.0171122499741613,-40.49419426773966,-0.22528979103899938,0.22528979103899938,pure_test,held_out_pure_test
NASDAQ,GARCH,2,f5f01a0430640286,p=1 q=2,"{""p"": 1, ""q"": 2}",level,2024-09-23,2024-09-24,17974.26953125,18074.51953125,18074.51953125,17956.945055995166,18074.51953125,17956.945055995166,0.0171122499741613,-117.5744752548344,-0.6504984824163852,0.6504984824163852,pure_test,held_out_pure_test
NASDAQ,GARCH,2,f5f01a0430640286,p=1 q=2,"{""p"": 1, ""q"": 2}",level,2024-09-24,2024-09-25,18074.51953125,18082.2109375,18082.2109375,18054.94071246373,18082.2109375,18054.94071246373,0.0171122499741613,-27.27022503627086,-0.15081244838105604,0.15081244838105604,pure_test,held_out_pure_test
NASDAQ,GARCH,2,f5f01a0430640286,p=1 q=2,"{""p"": 1, ""q"": 2}",level,2024-09-25,2024-09-26,18082.2109375,18190.2890625,18190.2890625,18065.440418486472,18190.2890625,18065.440418486472,0.0171122499741613,-124.84864401352752,-0.6863477737190441,0.6863477737190441,pure_test,held_out_pure_test
NASDAQ,GARCH,2,f5f01a0430640286,p=1 q=2,"{""p"": 1, ""q"": 2}",level,2024-09-26,2024-09-27,18190.2890625,18119.58984375,18119.58984375,18170.472732308597,18119.58984375,18170.472732308597,0.0171122499741613,50.88288855859719,0.2808169997079059,0.2808169997079059,pure_test,held_out_pure_test
NASDAQ,GARCH,2,f5f01a0430640286,p=1 q=2,"{""p"": 1, ""q"": 2}",level,2024-09-27,2024-09-30,18119.58984375,18189.169921875,18189.169921875,18105.197757310412,18189.169921875,18105.197757310412,0.0171122499741613,-83.97216456458773,-0.4616602347729984,0.4616602347729984,pure_test,held_out_pure_test
NASDAQ,GARCH,2,f5f01a0430640286,p=1 q=2,"{""p"": 1, ""q"": 2}",level,2024-09-30,2024-10-01,18189.169921875,17910.359375,17910.359375,18170.52165238882,17910.359375,18170.52165238882,0.0171122499741613,260.16227738881935,1.452579883751324,1.452579883751324,pure_test,held_out_pure_test
NASDAQ,GARCH,2,f5f01a0430640286,p=1 q=2,"{""p"": 1, ""q"": 2}",level,2024-10-01,2024-10-02,17910.359375,17925.119140625,17925.119140625,17902.281548228813,17925.119140625,17902.281548228813,0.0171122499741613,-22.837592396186665,-0.12740552638463734,0.12740552638463734,pure_test,held_out_pure_test
NASDAQ,GARCH,2,f5f01a0430640286,p=1 q=2,"{""p"": 1, ""q"": 2}",level,2024-10-02,2024-10-03,17925.119140625,17918.48046875,17918.48046875,17908.13416208673,17918.48046875,17908.13416208673,0.0171122499741613,-10.346306663268479,-0.057740982452795235,0.057740982452795235,pure_test,held_out_pure_test
NASDAQ,GARCH,2,f5f01a0430640286,p=1 q=2,"{""p"": 1, ""q"": 2}",level,2024-10-03,2024-10-04,17918.48046875,18137.849609375,18137.849609375,17902.14473545989,18137.849609375,17902.14473545989,0.0171122499741613,-235.7048739151105,-1.299519397234833,1.299519397234833,pure_test,held_out_pure_test
NASDAQ,GARCH,2,f5f01a0430640286,p=1 q=2,"{""p"": 1, ""q"": 2}",level,2024-10-04,2024-10-07,18137.849609375,17923.900390625,17923.900390625,18114.656623151714,17923.900390625,18114.656623151714,0.0171122499741613,190.75623252671357,1.06425626325444,1.06425626325444,pure_test,held_out_pure_test
NASDAQ,GARCH,2,f5f01a0430640286,p=1 q=2,"{""p"": 1, ""q"": 2}",level,2024-10-07,2024-10-08,17923.900390625,18182.919921875,18182.919921875,17913.854620676917,18182.919921875,17913.854620676917,0.0171122499741613,-269.06530119808303,-1.479769488916813,1.479769488916813,pure_test,held_out_pure_test
NASDAQ,GARCH,2,f5f01a0430640286,p=1 q=2,"{""p"": 1, ""q"": 2}",level,2024-10-08,2024-10-09,18182.919921875,18291.619140625,18291.619140625,18158.523911940243,18291.619140625,18158.523911940243,0.0171122499741613,-133.09522868475688,-0.7276295644553268,0.7276295644553268,pure_test,held_out_pure_test
NASDAQ,GARCH,2,f5f01a0430640286,p=1 q=2,"{""p"": 1, ""q"": 2}",level,2024-10-09,2024-10-10,18291.619140625,18282.05078125,18282.05078125,18271.783965965824,18282.05078125,18271.783965965824,0.0171122499741613,-10.266815284176118,-0.05615789720213295,0.05615789720213295,pure_test,held_out_pure_test
NASDAQ,GARCH,2,f5f01a0430640286,p=1 q=2,"{""p"": 1, ""q"": 2}",level,2024-10-10,2024-10-11,18282.05078125,18342.939453125,18342.939453125,18265.803936958815,18342.939453125,18265.803936958815,0.0171122499741613,-77.13551616618497,-0.4205188397601332,0.4205188397601332,pure_test,held_out_pure_test
NASDAQ,GARCH,2,f5f01a0430640286,p=1 q=2,"{""p"": 1, ""q"": 2}",level,2024-10-11,2024-10-14,18342.939453125,18502.689453125,18502.689453125,18324.554887668968,18502.689453125,18324.554887668968,0.0171122499741613,-178.13456545603185,-0.9627495824718926,0.9627495824718926,pure_test,held_out_pure_test
NASDAQ,GARCH,2,f5f01a0430640286,p=1 q=2,"{""p"": 1, ""q"": 2}",level,2024-10-14,2024-10-15,18502.689453125,18315.58984375,18315.58984375,18481.305358029866,18315.58984375,18481.305358029866,0.0171122499741613,165.7155142798656,0.9047784739316722,0.9047784739316722,pure_test,held_out_pure_test
NASDAQ,GARCH,2,f5f01a0430640286,p=1 q=2,"{""p"": 1, ""q"": 2}",level,2024-10-15,2024-10-16,18315.58984375,18367.080078125,18367.080078125,18304.72943575642,18367.080078125,18304.72943575642,0.0171122499741613,-62.35064236857943,-0.3394695406312209,0.3394695406312209,pure_test,held_out_pure_test
NASDAQ,GARCH,2,f5f01a0430640286,p=1 q=2,"{""p"": 1, ""q"": 2}",level,2024-10-16,2024-10-17,18367.080078125,18373.609375,18373.609375,18348.98066857753,18373.609375,18348.98066857753,0.0171122499741613,-24.628706422470714,-0.13404392092923068,0.13404392092923068,pure_test,held_out_pure_test
NASDAQ,GARCH,2,f5f01a0430640286,p=1 q=2,"{""p"": 1, ""q"": 2}",level,2024-10-17,2024-10-18,18373.609375,18489.55078125,18489.55078125,18356.87411528938,18489.55078125,18356.87411528938,0.0171122499741613,-132.67666596061827,-0.7175764707878347,0.7175764707878347,pure_test,held_out_pure_test
NASDAQ,GARCH,2,f5f01a0430640286,p=1 q=2,"{""p"": 1, ""q"": 2}",level,2024-10-18,2024-10-21,18489.55078125,18540.009765625,18540.009765625,18469.495872985477,18540.009765625,18469.495872985477,0.0171122499741613,-70.51389263952296,-0.3803336326729593,0.3803336326729593,pure_test,held_out_pure_test
NASDAQ,GARCH,2,f5f01a0430640286,p=1 q=2,"{""p"": 1, ""q"": 2}",level,2024-10-21,2024-10-22,18540.009765625,18579.76953125,18579.76953125,18521.941645005147,18579.76953125,18521.941645005147,0.0171122499741613,-57.82788624485329,-0.31124113863517217,0.31124113863517217,pure_test,held_out_pure_test
NASDAQ,GARCH,2,f5f01a0430640286,p=1 q=2,"{""p"": 1, ""q"": 2}",level,2024-10-22,2024-10-23,18579.76953125,18276.650390625,18276.650390625,18562.026033254228,18276.650390625,18562.026033254228,0.0171122499741613,285.3756426292275,1.561422014044821,1.561422014044821,pure_test,held_out_pure_test
NASDAQ,GARCH,2,f5f01a0430640286,p=1 q=2,"{""p"": 1, ""q"": 2}",level,2024-10-23,2024-10-24,18276.650390625,18415.490234375,18415.490234375,18269.31010550757,18415.490234375,18269.31010550757,0.0171122499741613,-146.18012886742872,-0.7937889624820509,0.7937889624820509,pure_test,held_out_pure_test
NASDAQ,GARCH,2,f5f01a0430640286,p=1 q=2,"{""p"": 1, ""q"": 2}",level,2024-10-24,2024-10-25,18415.490234375,18518.609375,18518.609375,18394.74056969487,18518.609375,18394.74056969487,0.0171122499741613,-123.86880530513008,-0.6688882669146429,0.6688882669146429,pure_test,held_out_pure_test
NASDAQ,GARCH,2,f5f01a0430640286,p=1 q=2,"{""p"": 1, ""q"": 2}",level,2024-10-25,2024-10-28,18518.609375,18567.189453125,18567.189453125,18498.94350425411,18567.189453125,18498.94350425411,0.0171122499741613,-68.24594887088824,-0.3675620860291374,0.3675620860291374,pure_test,held_out_pure_test
NASDAQ,GARCH,2,f5f01a0430640286,p=1 q=2,"{""p"": 1, ""q"": 2}",level,2024-10-28,2024-10-29,18567.189453125,18712.75,18712.75,18549.17833998313,18712.75,18549.17833998313,0.0171122499741613,-163.57166001687074,-0.8741187693784759,0.8741187693784759,pure_test,held_out_pure_test
NASDAQ,GARCH,2,f5f01a0430640286,p=1 q=2,"{""p"": 1, ""q"": 2}",level,2024-10-29,2024-10-30,18712.75,18607.9296875,18607.9296875,18691.796423956333,18607.9296875,18691.796423956333,0.0171122499741613,83.86673645633346,0.45070428502678345,0.45070428502678345,pure_test,held_out_pure_test
NASDAQ,GARCH,2,f5f01a0430640286,p=1 q=2,"{""p"": 1, ""q"": 2}",level,2024-10-30,2024-10-31,18607.9296875,18095.150390625,18095.150390625,18594.57286160124,18095.150390625,18594.57286160124,0.0171122499741613,499.4224709762384,2.759979664136898,2.759979664136898,pure_test,held_out_pure_test
NASDAQ,GARCH,2,f5f01a0430640286,p=1 q=2,"{""p"": 1, ""q"": 2}",level,2024-10-31,2024-11-01,18095.150390625,18239.919921875,18239.919921875,18094.171357826737,18239.919921875,18094.171357826737,0.0171122499741613,-145.74856404826278,-0.799063618001237,0.799063618001237,pure_test,held_out_pure_test
NASDAQ,GARCH,2,f5f01a0430640286,p=1 q=2,"{""p"": 1, ""q"": 2}",level,2024-11-01,2024-11-04,18239.919921875,18179.98046875,18179.98046875,18218.99034586104,18179.98046875,18218.99034586104,0.0171122499741613,39.009877111038804,0.2145760122135104,0.2145760122135104,pure_test,held_out_pure_test
NASDAQ,GARCH,2,f5f01a0430640286,p=1 q=2,"{""p"": 1, ""q"": 2}",level,2024-11-04,2024-11-05,18179.98046875,18439.169921875,18439.169921875,18165.261922647023,18439.169921875,18165.261922647023,0.0171122499741613,-273.9079992279767,-1.4854681658040936,1.4854681658040936,pure_test,held_out_pure_test
NASDAQ,GARCH,2,f5f01a0430640286,p=1 q=2,"{""p"": 1, ""q"": 2}",level,2024-11-05,2024-11-06,18439.169921875,18983.470703125,18983.470703125,18414.768756378307,18983.470703125,18414.768756378307,0.0171122499741613,-568.7019467466926,-2.995774353596335,2.995774353596335,pure_test,held_out_pure_test
NASDAQ,GARCH,2,f5f01a0430640286,p=1 q=2,"{""p"": 1, ""q"": 2}",level,2024-11-06,2024-11-07,18983.470703125,19269.4609375,19269.4609375,18950.419038030792,19269.4609375,18950.419038030792,0.0171122499741613,-319.04189946920815,-1.6556866873651128,1.6556866873651128,pure_test,held_out_pure_test
NASDAQ,GARCH,2,f5f01a0430640286,p=1 q=2,"{""p"": 1, ""q"": 2}",level,2024-11-07,2024-11-08,19269.4609375,19286.779296875,19286.779296875,19244.24661544113,19286.779296875,19244.24661544113,0.0171122499741613,-42.532681433869584,-0.22052765150250397,0.22052765150250397,pure_test,held_out_pure_test
NASDAQ,GARCH,2,f5f01a0430640286,p=1 q=2,"{""p"": 1, ""q"": 2}",level,2024-11-08,2024-11-11,19286.779296875,19298.759765625,19298.759765625,19269.716688611003,19298.759765625,19269.716688611003,0.0171122499741613,-29.04307701399739,-0.15049193506066122,0.15049193506066122,pure_test,held_out_pure_test
NASDAQ,GARCH,2,f5f01a0430640286,p=1 q=2,"{""p"": 1, ""q"": 2}",level,2024-11-11,2024-11-12,19298.759765625,19281.400390625,19281.400390625,19281.859113117047,19281.400390625,19281.859113117047,0.0171122499741613,0.45872249204694526,0.002379093233653222,0.002379093233653222,pure_test,held_out_pure_test
NASDAQ,GARCH,2,f5f01a0430640286,p=1 q=2,"{""p"": 1, ""q"": 2}",level,2024-11-12,2024-11-13,19281.400390625,19230.720703125,19230.720703125,19265.389931811627,19230.720703125,19265.389931811627,0.0171122499741613,34.66922868662732,0.18028044409689523,0.18028044409689523,pure_test,held_out_pure_test
NASDAQ,GARCH,2,f5f01a0430640286,p=1 q=2,"{""p"": 1, ""q"": 2}",level,2024-11-13,2024-11-14,19230.720703125,19107.650390625,19107.650390625,19215.721208526084,19107.650390625,19215.721208526084,0.0171122499741613,108.0708179010835,0.5655892571391588,0.5655892571391588,pure_test,held_out_pure_test
NASDAQ,GARCH,2,f5f01a0430640286,p=1 q=2,"{""p"": 1, ""q"": 2}",level,2024-11-14,2024-11-15,19107.650390625,18680.119140625,18680.119140625,19094.84728393022,18680.119140625,19094.84728393022,0.0171122499741613,414.7281433052194,2.2201579132505653,2.2201579132505653,pure_test,held_out_pure_test
NASDAQ,GARCH,2,f5f01a0430640286,p=1 q=2,"{""p"": 1, ""q"": 2}",level,2024-11-15,2024-11-18,18680.119140625,18791.810546875,18791.810546875,18676.55361573598,18791.810546875,18676.55361573598,0.0171122499741613,-115.25693113902162,-0.6133359574455074,0.6133359574455074,pure_test,held_out_pure_test
NASDAQ,GARCH,2,f5f01a0430640286,p=1 q=2,"{""p"": 1, ""q"": 2}",level,2024-11-18,2024-11-19,18791.810546875,18987.470703125,18987.470703125,18771.884586918255,18987.470703125,18771.884586918255,0.0171122499741613,-215.58611620674492,-1.1354125021573478,1.1354125021573478,pure_test,held_out_pure_test
NASDAQ,GARCH,2,f5f01a0430640286,p=1 q=2,"{""p"": 1, ""q"": 2}",level,2024-11-19,2024-11-20,18987.470703125,18966.140625,18966.140625,18964.99706594036,18966.140625,18964.99706594036,0.0171122499741613,-1.1435590596411203,-0.006029476856950808,0.006029476856950808,pure_test,held_out_pure_test
NASDAQ,GARCH,2,f5f01a0430640286,p=1 q=2,"{""p"": 1, ""q"": 2}",level,2024-11-20,2024-11-21,18966.140625,18972.419921875,18972.419921875,18950.25064040984,18972.419921875,18950.25064040984,0.0171122499741613,-22.169281465161475,-0.1168500463117018,0.1168500463117018,pure_test,held_out_pure_test
NASDAQ,GARCH,2,f5f01a0430640286,p=1 q=2,"{""p"": 1, ""q"": 2}",level,2024-11-21,2024-11-22,18972.419921875,19003.650390625,19003.650390625,18955.692247358955,19003.650390625,18955.692247358955,0.0171122499741613,-47.95814326604523,-0.25236279493809377,0.25236279493809377,pure_test,held_out_pure_test
NASDAQ,GARCH,2,f5f01a0430640286,p=1 q=2,"{""p"": 1, ""q"": 2}",level,2024-11-22,2024-11-25,19003.650390625,19054.83984375,19054.83984375,18986.165678134766,19054.83984375,18986.165678134766,0.0171122499741613,-68.6741656152335,-0.36040274375624665,0.36040274375624665,pure_test,held_out_pure_test
NASDAQ,GARCH,2,f5f01a0430640286,p=1 q=2,"{""p"": 1, ""q"": 2}",level,2024-11-25,2024-11-26,19054.83984375,19174.30078125,19174.30078125,19036.74956013975,19174.30078125,19036.74956013975,0.0171122499741613,-137.55122111025048,-0.7173728141615359,0.7173728141615359,pure_test,held_out_pure_test
NASDAQ,GARCH,2,f5f01a0430640286,p=1 q=2,"{""p"": 1, ""q"": 2}",level,2024-11-26,2024-11-27,19174.30078125,19060.48046875,19060.48046875,19154.1390876681,19060.48046875,19154.1390876681,0.0171122499741613,93.65861891809982,0.4913759601792557,0.4913759601792557,pure_test,held_out_pure_test
NASDAQ,GARCH,2,f5f01a0430640286,p=1 q=2,"{""p"": 1, ""q"": 2}",level,2024-11-27,2024-11-29,19060.48046875,19218.169921875,19218.169921875,19047.396709855944,19218.169921875,19047.396709855944,0.0171122499741613,-170.7732120190558,-0.8886028831739796,0.8886028831739796,pure_test,held_out_pure_test
NASDAQ,GARCH,2,f5f01a0430640286,p=1 q=2,"{""p"": 1, ""q"": 2}",level,2024-11-29,2024-12-02,19218.169921875,19403.94921875,19403.94921875,19196.848345375776,19403.94921875,19196.848345375776,0.0171122499741613,-207.10087337422374,-1.0673130043759471,1.0673130043759471,pure_test,held_out_pure_test
NASDAQ,GARCH,2,f5f01a0430640286,p=1 q=2,"{""p"": 1, ""q"": 2}",level,2024-12-02,2024-12-03,19403.94921875,19480.91015625,19480.91015625,19381.775374529072,19480.91015625,19381.775374529072,0.0171122499741613,-99.134781720928,-0.5088816740378165,0.5088816740378165,pure_test,held_out_pure_test
NASDAQ,GARCH,2,f5f01a0430640286,p=1 q=2,"{""p"": 1, ""q"": 2}",level,2024-12-03,2024-12-04,19480.91015625,19735.119140625,19735.119140625,19462.03794574586,19735.119140625,19462.03794574586,0.0171122499741613,-273.08119487914155,-1.383732182883053,1.383732182883053,pure_test,held_out_pure_test
NASDAQ,GARCH,2,f5f01a0430640286,p=1 q=2,"{""p"": 1, ""q"": 2}",level,2024-12-04,2024-12-05,19735.119140625,19700.259765625,19700.259765625,19710.869086426483,19700.259765625,19710.869086426483,0.0171122499741613,10.609320801482681,0.05385371019317671,0.05385371019317671,pure_test,held_out_pure_test
NASDAQ,GARCH,2,f5f01a0430640286,p=1 q=2,"{""p"": 1, ""q"": 2}",level,2024-12-05,2024-12-06,19700.259765625,19859.76953125,19859.76953125,19684.78027043188,19859.76953125,19684.78027043188,0.0171122499741613,-174.9892608181217,-0.8811243279675041,0.8811243279675041,pure_test,held_out_pure_test
NASDAQ,GARCH,2,f5f01a0430640286,p=1 q=2,"{""p"": 1, ""q"": 2}",level,2024-12-06,2024-12-09,19859.76953125,19736.689453125,19736.689453125,19838.392725052778,19736.689453125,19838.392725052778,0.0171122499741613,101.70327192777768,0.5153005632952011,0.5153005632952011,pure_test,held_out_pure_test
NASDAQ,GARCH,2,f5f01a0430640286,p=1 q=2,"{""p"": 1, ""q"": 2}",level,2024-12-09,2024-12-10,19736.689453125,19687.240234375,19687.240234375,19723.886642726884,19687.240234375,19723.886642726884,0.0171122499741613,36.64640835188402,0.18614294291943156,0.18614294291943156,pure_test,held_out_pure_test
NASDAQ,GARCH,2,f5f01a0430640286,p=1 q=2,"{""p"": 1, ""q"": 2}",level,2024-12-10,2024-12-11,19687.240234375,20034.890625,20034.890625,19672.203406396533,20034.890625,19672.203406396533,0.0171122499741613,-362.68721860346704,-1.8102780064638713,1.8102780064638713,pure_test,held_out_pure_test
NASDAQ,GARCH,2,f5f01a0430640286,p=1 q=2,"{""p"": 1, ""q"": 2}",level,2024-12-11,2024-12-12,20034.890625,19902.83984375,19902.83984375,20007.805485810393,19902.83984375,20007.805485810393,0.0171122499741613,104.9656420603933,0.5273902763848808,0.5273902763848808,pure_test,held_out_pure_test
NASDAQ,GARCH,2,f5f01a0430640286,p=1 q=2,"{""p"": 1, ""q"": 2}",level,2024-12-12,2024-12-13,19902.83984375,19926.720703125,19926.720703125,19890.309211466596,19926.720703125,19890.309211466596,0.0171122499741613,-36.411491658403975,-0.1827269634621504,0.1827269634621504,pure_test,held_out_pure_test
NASDAQ,GARCH,2,f5f01a0430640286,p=1 q=2,"{""p"": 1, ""q"": 2}",level,2024-12-13,2024-12-16,19926.720703125,20173.890625,20173.890625,19909.45898350341,20173.890625,19909.45898350341,0.0171122499741613,-264.4316414965906,-1.310761748499321,1.310761748499321,pure_test,held_out_pure_test
NASDAQ,GARCH,2,f5f01a0430640286,p=1 q=2,"{""p"": 1, ""q"": 2}",level,2024-12-16,2024-12-17,20173.890625,20109.060546875,20109.060546875,20149.854141436237,20109.060546875,20149.854141436237,0.0171122499741613,40.793594561237114,0.2028617620706132,0.2028617620706132,pure_test,held_out_pure_test
NASDAQ,GARCH,2,f5f01a0430640286,p=1 q=2,"{""p"": 1, ""q"": 2}",level,2024-12-17,2024-12-18,20109.060546875,19392.689453125,19392.689453125,20094.490386140897,19392.689453125,20094.490386140897,0.0171122499741613,701.8009330158966,3.6188942988658344,3.6188942988658344,pure_test,held_out_pure_test
NASDAQ,GARCH,2,f5f01a0430640286,p=1 q=2,"{""p"": 1, ""q"": 2}",level,2024-12-18,2024-12-19,19392.689453125,19372.76953125,19372.76953125,19397.88755389946,19372.76953125,19397.88755389946,0.0171122499741613,25.118022649461636,0.129656333385601,0.129656333385601,pure_test,held_out_pure_test
NASDAQ,GARCH,2,f5f01a0430640286,p=1 q=2,"{""p"": 1, ""q"": 2}",level,2024-12-19,2024-12-20,19372.76953125,19572.599609375,19572.599609375,19356.836761421688,19572.599609375,19356.836761421688,0.0171122499741613,-215.7628479533123,-1.102371949865898,1.102371949865898,pure_test,held_out_pure_test
NASDAQ,GARCH,2,f5f01a0430640286,p=1 q=2,"{""p"": 1, ""q"": 2}",level,2024-12-20,2024-12-23,19572.599609375,19764.880859375,19764.880859375,19549.999453515225,19764.880859375,19549.999453515225,0.0171122499741613,-214.88140585977453,-1.0871879642919813,1.0871879642919813,pure_test,held_out_pure_test
NASDAQ,GARCH,2,f5f01a0430640286,p=1 q=2,"{""p"": 1, ""q"": 2}",level,2024-12-23,2024-12-24,19764.880859375,20031.130859375,20031.130859375,19742.509740835787,20031.130859375,19742.509740835787,0.0171122499741613,-288.62111853921306,-1.4408628277925315,1.4408628277925315,pure_test,held_out_pure_test
NASDAQ,GARCH,2,f5f01a0430640286,p=1 q=2,"{""p"": 1, ""q"": 2}",level,2024-12-24,2024-12-26,20031.130859375,20020.359375,20020.359375,20006.515471390896,20020.359375,20006.515471390896,0.0171122499741613,-13.843903609104018,-0.0691491263957594,0.0691491263957594,pure_test,held_out_pure_test
NASDAQ,GARCH,2,f5f01a0430640286,p=1 q=2,"{""p"": 1, ""q"": 2}",level,2024-12-26,2024-12-27,20020.359375,19722.029296875,19722.029296875,20004.149034457707,19722.029296875,20004.149034457707,0.0171122499741613,282.1197375827069,1.4304802682115951,1.4304802682115951,pure_test,held_out_pure_test
NASDAQ,GARCH,2,f5f01a0430640286,p=1 q=2,"{""p"": 1, ""q"": 2}",level,2024-12-27,2024-12-30,19722.029296875,19486.7890625,19486.7890625,19714.543707873992,19486.7890625,19714.543707873992,0.0171122499741613,227.7546453739924,1.1687643595028132,1.1687643595028132,pure_test,held_out_pure_test
NASDAQ,GARCH,2,f5f01a0430640286,p=1 q=2,"{""p"": 1, ""q"": 2}",level,2024-12-30,2024-12-31,19486.7890625,19310.7890625,19310.7890625,19477.38927853678,19310.7890625,19477.38927853678,0.0171122499741613,166.60021603677887,0.8627312716097298,0.8627312716097298,pure_test,held_out_pure_test
NASDAQ,GARCH,2,f5f01a0430640286,p=1 q=2,"{""p"": 1, ""q"": 2}",level,2024-12-31,2025-01-02,19310.7890625,19280.7890625,19280.7890625,19299.591883719157,19280.7890625,19299.591883719157,0.0171122499741613,18.802821219156613,0.09752101513172505,0.09752101513172505,pure_test,held_out_pure_test
NASDAQ,GARCH,2,f5f01a0430640286,p=1 q=2,"{""p"": 1, ""q"": 2}",level,2025-01-02,2025-01-03,19280.7890625,19621.6796875,19621.6796875,19265.162130087327,19621.6796875,19265.162130087327,0.0171122499741613,-356.51755741267334,-1.8169573812775723,1.8169573812775723,pure_test,held_out_pure_test
NASDAQ,GARCH,2,f5f01a0430640286,p=1 q=2,"{""p"": 1, ""q"": 2}",level,2025-01-03,2025-01-06,19621.6796875,19864.98046875,19864.98046875,19594.79964486058,19864.98046875,19594.79964486058,0.0171122499741613,-270.1808238894191,-1.360086028347453,1.360086028347453,pure_test,held_out_pure_test
NASDAQ,GARCH,2,f5f01a0430640286,p=1 q=2,"{""p"": 1, ""q"": 2}",level,2025-01-06,2025-01-07,19864.98046875,19489.6796875,19489.6796875,19841.06137792415,19489.6796875,19841.06137792415,0.0171122499741613,351.3816904241503,1.8029115719614122,1.8029115719614122,pure_test,held_out_pure_test
NASDAQ,GARCH,2,f5f01a0430640286,p=1 q=2,"{""p"": 1, ""q"": 2}",level,2025-01-07,2025-01-08,19489.6796875,19478.880859375,19478.880859375,19484.52944953812,19478.880859375,19484.52944953812,0.0171122499741613,5.648590163120389,0.028998535408166305,0.028998535408166305,pure_test,held_out_pure_test
NASDAQ,GARCH,2,f5f01a0430640286,p=1 q=2,"{""p"": 1, ""q"": 2}",level,2025-01-08,2025-01-10,19478.880859375,19161.630859375,19161.630859375,19462.67134846337,19161.630859375,19462.67134846337,0.0171122499741613,301.0404890883692,1.5710588065163693,1.5710588065163693,pure_test,held_out_pure_test
NASDAQ,GARCH,2,f5f01a0430640286,p=1 q=2,"{""p"": 1, ""q"": 2}",level,2025-01-10,2025-01-13,19161.630859375,19088.099609375,19088.099609375,19154.71931552906,19088.099609375,19154.71931552906,0.0171122499741613,66.6197061540588,0.3490117272928467,0.3490117272928467,pure_test,held_out_pure_test
NASDAQ,GARCH,2,f5f01a0430640286,p=1 q=2,"{""p"": 1, ""q"": 2}",level,2025-01-13,2025-01-14,19088.099609375,19044.390625,19044.390625,19073.79344896771,19044.390625,19073.79344896771,0.0171122499741613,29.402823967709992,0.15439099389776348,0.15439099389776348,pure_test,held_out_pure_test
NASDAQ,GARCH,2,f5f01a0430640286,p=1 q=2,"{""p"": 1, ""q"": 2}",level,2025-01-14,2025-01-15,19044.390625,19511.23046875,19511.23046875,19029.17963384297,19511.23046875,19029.17963384297,0.0171122499741613,-482.05083490702964,-2.4706326732140362,2.4706326732140362,pure_test,held_out_pure_test
NASDAQ,GARCH,2,f5f01a0430640286,p=1 q=2,"{""p"": 1, ""q"": 2}",level,2025-01-15,2025-01-16,19511.23046875,19338.2890625,19338.2890625,19480.529028787405,19338.2890625,19480.529028787405,0.0171122499741613,142.23996628740497,0.7355354231581467,0.7355354231581467,pure_test,held_out_pure_test
NASDAQ,GARCH,2,f5f01a0430640286,p=1 q=2,"{""p"": 1, ""q"": 2}",level,2025-01-16,2025-01-17,19338.2890625,19630.19921875,19630.19921875,19326.99908360428,19630.19921875,19326.99908360428,0.0171122499741613,-303.2001351457184,-1.544559643878262,1.544559643878262,pure_test,held_out_pure_test
NASDAQ,GARCH,2,f5f01a0430640286,p=1 q=2,"{""p"": 1, ""q"": 2}",level,2025-01-17,2025-01-21,19630.19921875,19756.779296875,19756.779296875,19604.805281653964,19756.779296875,19604.805281653964,0.0171122499741613,-151.9740152210361,-0.769224644044459,0.769224644044459,pure_test,held_out_pure_test
NASDAQ,GARCH,2,f5f01a0430640286,p=1 q=2,"{""p"": 1, ""q"": 2}",level,2025-01-21,2025-01-22,19756.779296875,20009.33984375,20009.33984375,19736.401603025708,20009.33984375,19736.401603025708,0.0171122499741613,-272.938240724292,-1.3640542009662822,1.3640542009662822,pure_test,held_out_pure_test
NASDAQ,GARCH,2,f5f01a0430640286,p=1 q=2,"{""p"": 1, ""q"": 2}",level,2025-01-22,2025-01-23,20009.33984375,20053.6796875,20053.6796875,19985.13980442821,20053.6796875,19985.13980442821,0.0171122499741613,-68.53988307178952,-0.3417820776030061,0.3417820776030061,pure_test,held_out_pure_test
NASDAQ,GARCH,2,f5f01a0430640286,p=1 q=2,"{""p"": 1, ""q"": 2}",level,2025-01-23,2025-01-24,20053.6796875,19954.30078125,19954.30078125,20035.79722636924,19954.30078125,20035.79722636924,0.0171122499741613,81.49644511923907,0.4084154389204004,0.4084154389204004,pure_test,held_out_pure_test
NASDAQ,GARCH,2,f5f01a0430640286,p=1 q=2,"{""p"": 1, ""q"": 2}",level,2025-01-24,2025-01-27,19954.30078125,19341.830078125,19341.830078125,19940.77885885057,19341.830078125,19940.77885885057,0.0171122499741613,598.9487807255682,3.09664999799042,3.09664999799042,pure_test,held_out_pure_test
NASDAQ,GARCH,2,f5f01a0430640286,p=1 q=2,"{""p"": 1, ""q"": 2}",level,2025-01-27,2025-01-28,19341.830078125,19733.58984375,19733.58984375,19343.875760182204,19733.58984375,19343.875760182204,0.0171122499741613,-389.7140835677965,-1.974876779407809,1.974876779407809,pure_test,held_out_pure_test
NASDAQ,GARCH,2,f5f01a0430640286,p=1 q=2,"{""p"": 1, ""q"": 2}",level,2025-01-28,2025-01-29,19733.58984375,19632.3203125,19632.3203125,19705.16639179256,19632.3203125,19705.16639179256,0.0171122499741613,72.84607929256163,0.3710518070866038,0.3710518070866038,pure_test,held_out_pure_test
NASDAQ,GARCH,2,f5f01a0430640286,p=1 q=2,"{""p"": 1, ""q"": 2}",level,2025-01-29,2025-01-30,19632.3203125,19681.75,19681.75,19618.855753134543,19681.75,19618.855753134543,0.0171122499741613,-62.89424686545681,-0.31955617191284724,0.31955617191284724,pure_test,held_out_pure_test
NASDAQ,GARCH,2,f5f01a0430640286,p=1 q=2,"{""p"": 1, ""q"": 2}",level,2025-01-30,2025-01-31,19681.75,19627.439453125,19627.439453125,19663.713109048436,19627.439453125,19663.713109048436,0.0171122499741613,36.27365592343631,0.18481094291523067,0.18481094291523067,pure_test,held_out_pure_test
NASDAQ,GARCH,2,f5f01a0430640286,p=1 q=2,"{""p"": 1, ""q"": 2}",level,2025-01-31,2025-02-03,19627.439453125,19391.9609375,19391.9609375,19612.55012162542,19391.9609375,19612.55012162542,0.0171122499741613,220.5891841254197,1.137529024714805,1.137529024714805,pure_test,held_out_pure_test
NASDAQ,GARCH,2,f5f01a0430640286,p=1 q=2,"{""p"": 1, ""q"": 2}",level,2025-02-03,2025-02-04,19391.9609375,19654.01953125,19654.01953125,19382.56838317536,19654.01953125,19382.56838317536,0.0171122499741613,-271.4511480746405,-1.38114825643188,1.38114825643188,pure_test,held_out_pure_test
NASDAQ,GARCH,2,f5f01a0430640286,p=1 q=2,"{""p"": 1, ""q"": 2}",level,2025-02-04,2025-02-05,19654.01953125,19692.330078125,19692.330078125,19629.531313793697,19692.330078125,19629.531313793697,0.0171122499741613,-62.798764331302664,-0.31889961260126326,0.31889961260126326,pure_test,held_out_pure_test
NASDAQ,GARCH,2,f5f01a0430640286,p=1 q=2,"{""p"": 1, ""q"": 2}",level,2025-02-05,2025-02-06,19692.330078125,19791.990234375,19791.990234375,19674.63055055403,19791.990234375,19674.63055055403,0.0171122499741613,-117.35968382097053,-0.5929655503625837,0.5929655503625837,pure_test,held_out_pure_test
NASDAQ,GARCH,2,f5f01a0430640286,p=1 q=2,"{""p"": 1, ""q"": 2}",level,2025-02-06,2025-02-07,19791.990234375,19523.400390625,19523.400390625,19772.429311907177,19523.400390625,19772.429311907177,0.0171122499741613,249.02892128217718,1.2755407167788206,1.2755407167788206,pure_test,held_out_pure_test
NASDAQ,GARCH,2,f5f01a0430640286,p=1 q=2,"{""p"": 1, ""q"": 2}",level,2025-02-07,2025-02-10,19523.400390625,19714.26953125,19714.26953125,19515.012459766225,19714.26953125,19515.012459766225,0.0171122499741613,-199.25707148377478,-1.0107251053249686,1.0107251053249686,pure_test,held_out_pure_test
NASDAQ,GARCH,2,f5f01a0430640286,p=1 q=2,"{""p"": 1, ""q"": 2}",level,2025-02-10,2025-02-11,19714.26953125,19643.859375,19643.859375,19691.94125720827,19643.859375,19691.94125720827,0.0171122499741613,48.081882208269235,0.2447680025110607,0.2447680025110607,pure_test,held_out_pure_test
NASDAQ,GARCH,2,f5f01a0430640286,p=1 q=2,"{""p"": 1, ""q"": 2}",level,2025-02-11,2025-02-12,19643.859375,19649.94921875,19649.94921875,19629.458518179184,19649.94921875,19629.458518179184,0.0171122499741613,-20.490700570815534,-0.10427864389218516,0.10427864389218516,pure_test,held_out_pure_test
NASDAQ,GARCH,2,f5f01a0430640286,p=1 q=2,"{""p"": 1, ""q"": 2}",level,2025-02-12,2025-02-13,19649.94921875,19945.640625,19945.640625,19633.22729238922,19945.640625,19633.22729238922,0.0171122499741613,-312.41333261078034,-1.5663238824186945,1.5663238824186945,pure_test,held_out_pure_test
NASDAQ,GARCH,2,f5f01a0430640286,p=1 q=2,"{""p"": 1, ""q"": 2}",level,2025-02-13,2025-02-14,19945.640625,20026.76953125,20026.76953125,19920.131961836018,20026.76953125,19920.131961836018,0.0171122499741613,-106.63756941398242,-0.5324751415728031,0.5324751415728031,pure_test,held_out_pure_test
NASDAQ,GARCH,2,f5f01a0430640286,p=1 q=2,"{""p"": 1, ""q"": 2}",level,2025-02-14,2025-02-18,20026.76953125,20041.259765625,20041.259765625,20007.770861330053,20041.259765625,20007.770861330053,0.0171122499741613,-33.48890429494713,-0.16709979655264828,0.16709979655264828,pure_test,held_out_pure_test
NASDAQ,GARCH,2,f5f01a0430640286,p=1 q=2,"{""p"": 1, ""q"": 2}",level,2025-02-18,2025-02-19,20041.259765625,20056.25,20056.25,20024.282964874634,20056.25,20024.282964874634,0.0171122499741613,-31.967035125366237,-0.1593868999706637,0.1593868999706637,pure_test,held_out_pure_test
NASDAQ,GARCH,2,f5f01a0430640286,p=1 q=2,"{""p"": 1, ""q"": 2}",level,2025-02-19,2025-02-20,20056.25,19962.359375,19962.359375,20039.25802886048,19962.359375,20039.25802886048,0.0171122499741613,76.89865386048041,0.3852182621097633,0.3852182621097633,pure_test,held_out_pure_test
NASDAQ,GARCH,2,f5f01a0430640286,p=1 q=2,"{""p"": 1, ""q"": 2}",level,2025-02-20,2025-02-21,19962.359375,19524.009765625,19524.009765625,19948.670933875914,19524.009765625,19948.670933875914,0.0171122499741613,424.66116825091376,2.1750714804424787,2.1750714804424787,pure_test,held_out_pure_test
NASDAQ,GARCH,2,f5f01a0430640286,p=1 q=2,"{""p"": 1, ""q"": 2}",level,2025-02-21,2025-02-24,19524.009765625,19286.9296875,19286.9296875,19520.772478179348,19286.9296875,19520.772478179348,0.0171122499741613,233.84279067934767,1.2124417648025279,1.2124417648025279,pure_test,held_out_pure_test
NASDAQ,GARCH,2,f5f01a0430640286,p=1 q=2,"{""p"": 1, ""q"": 2}",level,2025-02-24,2025-02-25,19286.9296875,19026.390625,19026.390625,19277.585725828107,19026.390625,19277.585725828107,0.0171122499741613,251.19510082810666,1.320245682846673,1.320245682846673,pure_test,held_out_pure_test
NASDAQ,GARCH,2,f5f01a0430640286,p=1 q=2,"{""p"": 1, ""q"": 2}",level,2025-02-25,2025-02-26,19026.390625,19075.259765625,19075.259765625,19017.758427172175,19075.259765625,19017.758427172175,0.0171122499741613,-57.50133845282471,-0.3014445892707909,0.3014445892707909,pure_test,held_out_pure_test
NASDAQ,GARCH,2,f5f01a0430640286,p=1 q=2,"{""p"": 1, ""q"": 2}",level,2025-02-26,2025-02-27,19075.259765625,18544.419921875,18544.419921875,19057.239882101894,18544.419921875,19057.239882101894,0.0171122499741613,512.8199602268942,2.765359943246171,2.765359943246171,pure_test,held_out_pure_test
NASDAQ,GARCH,2,f5f01a0430640286,p=1 q=2,"{""p"": 1, ""q"": 2}",level,2025-02-27,2025-02-28,18544.419921875,18847.279296875,18847.279296875,18543.988860125453,18847.279296875,18543.988860125453,0.0171122499741613,-303.29043674954664,-1.609200097118708,1.609200097118708,pure_test,held_out_pure_test
NASDAQ,GARCH,2,f5f01a0430640286,p=1 q=2,"{""p"": 1, ""q"": 2}",level,2025-02-28,2025-03-03,18847.279296875,18350.189453125,18350.189453125,18821.55315196031,18350.189453125,18821.55315196031,0.0171122499741613,471.36369883531006,2.5687129827154878,2.5687129827154878,pure_test,held_out_pure_test
NASDAQ,GARCH,2,f5f01a0430640286,p=1 q=2,"{""p"": 1, ""q"": 2}",level,2025-03-03,2025-03-04,18350.189453125,18285.16015625,18285.16015625,18348.73439010782,18285.16015625,18348.73439010782,0.0171122499741613,63.57423385782022,0.3476821275535292,0.3476821275535292,pure_test,held_out_pure_test
NASDAQ,GARCH,2,f5f01a0430640286,p=1 q=2,"{""p"": 1, ""q"": 2}",level,2025-03-04,2025-03-05,18285.16015625,18552.73046875,18552.73046875,18270.596039967822,18552.73046875,18270.596039967822,0.0171122499741613,-282.13442878217757,-1.5207164749005624,1.5207164749005624,pure_test,held_out_pure_test
NASDAQ,GARCH,2,f5f01a0430640286,p=1 q=2,"{""p"": 1, ""q"": 2}",level,2025-03-05,2025-03-06,18552.73046875,18069.259765625,18069.259765625,18528.075021457043,18069.259765625,18528.075021457043,0.0171122499741613,458.8152558320435,2.539203386211175,2.539203386211175,pure_test,held_out_pure_test
NASDAQ,GARCH,2,f5f01a0430640286,p=1 q=2,"{""p"": 1, ""q"": 2}",level,2025-03-06,2025-03-07,18069.259765625,18196.220703125,18196.220703125,18067.39148728148,18196.220703125,18067.39148728148,0.0171122499741613,-128.82921584352152,-0.707999853076065,0.707999853076065,pure_test,held_out_pure_test
NASDAQ,GARCH,2,f5f01a0430640286,p=1 q=2,"{""p"": 1, ""q"": 2}",level,2025-03-07,2025-03-10,18196.220703125,17468.3203125,17468.3203125,18175.83145370585,17468.3203125,18175.83145370585,0.0171122499741613,707.5111412058504,4.050252849437212,4.050252849437212,pure_test,held_out_pure_test
NASDAQ,GARCH,2,f5f01a0430640286,p=1 q=2,"{""p"": 1, ""q"": 2}",level,2025-03-10,2025-03-11,17468.3203125,17436.099609375,17436.099609375,17473.868221114903,17436.099609375,17473.868221114903,0.0171122499741613,37.76861173990255,0.2166115850794705,0.2166115850794705,pure_test,held_out_pure_test
NASDAQ,GARCH,2,f5f01a0430640286,p=1 q=2,"{""p"": 1, ""q"": 2}",level,2025-03-11,2025-03-12,17436.099609375,17648.44921875,17648.44921875,17420.540054823516,17648.44921875,17420.540054823516,0.0171122499741613,-227.90916392648433,-1.291383515353575,1.291383515353575,pure_test,held_out_pure_test
NASDAQ,GARCH,2,f5f01a0430640286,p=1 q=2,"{""p"": 1, ""q"": 2}",level,2025-03-12,2025-03-13,17648.44921875,17303.009765625,17303.009765625,17625.469210568142,17303.009765625,17625.469210568142,0.0171122499741613,322.45944494314244,1.863603207251007,1.863603207251007,pure_test,held_out_pure_test
NASDAQ,GARCH,2,f5f01a0430640286,p=1 q=2,"{""p"": 1, ""q"": 2}",level,2025-03-13,2025-03-14,17303.009765625,17754.08984375,17754.08984375,17296.95351172673,17754.08984375,17296.95351172673,0.0171122499741613,-457.13633202327037,-2.5748226805565975,2.5748226805565975,pure_test,held_out_pure_test
NASDAQ,GARCH,2,f5f01a0430640286,p=1 q=2,"{""p"": 1, ""q"": 2}",level,2025-03-14,2025-03-17,17754.08984375,17808.66015625,17808.66015625,17723.866567342295,17808.66015625,17723.866567342295,0.0171122499741613,-84.79358890770527,-0.4761368242402375,0.4761368242402375,pure_test,held_out_pure_test
NASDAQ,GARCH,2,f5f01a0430640286,p=1 q=2,"{""p"": 1, ""q"": 2}",level,2025-03-17,2025-03-18,17808.66015625,17504.119140625,17504.119140625,17790.467294734986,17504.119140625,17790.467294734986,0.0171122499741613,286.34815410998635,1.6358901114047264,1.6358901114047264,pure_test,held_out_pure_test
NASDAQ,GARCH,2,f5f01a0430640286,p=1 q=2,"{""p"": 1, ""q"": 2}",level,2025-03-18,2025-03-19,17504.119140625,17750.7890625,17750.7890625,17496.821996301718,17750.7890625,17496.821996301718,0.0171122499741613,-253.96706619828183,-1.4307367706532446,1.4307367706532446,pure_test,held_out_pure_test
NASDAQ,GARCH,2,f5f01a0430640286,p=1 q=2,"{""p"": 1, ""q"": 2}",level,2025-03-19,2025-03-20,17750.7890625,17691.630859375,17691.630859375,17726.767749325387,17691.630859375,17726.767749325387,0.0171122499741613,35.13688995038683,0.19860741064336296,0.19860741064336296,pure_test,held_out_pure_test
NASDAQ,GARCH,2,f5f01a0430640286,p=1 q=2,"{""p"": 1, ""q"": 2}",level,2025-03-20,2025-03-21,17691.630859375,17784.05078125,17784.05078125,17676.888609538975,17784.05078125,17676.888609538975,0.0171122499741613,-107.16217171102471,-0.6025745935454,0.6025745935454,pure_test,held_out_pure_test
NASDAQ,GARCH,2,f5f01a0430640286,p=1 q=2,"{""p"": 1, ""q"": 2}",level,2025-03-21,2025-03-24,17784.05078125,18188.58984375,18188.58984375,17764.709533128193,18188.58984375,17764.709533128193,0.0171122499741613,-423.88031062180744,-2.3304737435016825,2.3304737435016825,pure_test,held_out_pure_test
NASDAQ,GARCH,2,f5f01a0430640286,p=1 q=2,"{""p"": 1, ""q"": 2}",level,2025-03-24,2025-03-25,18188.58984375,18271.859375,18271.859375,18159.77865797924,18271.859375,18159.77865797924,0.0171122499741613,-112.08071702075904,-0.6134061932093818,0.6134061932093818,pure_test,held_out_pure_test
NASDAQ,GARCH,2,f5f01a0430640286,p=1 q=2,"{""p"": 1, ""q"": 2}",level,2025-03-25,2025-03-26,18271.859375,17899.01953125,17899.01953125,18252.795756851505,17899.01953125,18252.795756851505,0.0171122499741613,353.77622560150485,1.9765117579979448,1.9765117579979448,pure_test,held_out_pure_test
NASDAQ,GARCH,2,f5f01a0430640286,p=1 q=2,"{""p"": 1, ""q"": 2}",level,2025-03-26,2025-03-27,17899.01953125,17804.029296875,17804.029296875,17893.79462652902,17804.029296875,17893.79462652902,0.0171122499741613,89.7653296540193,0.504185474856386,0.504185474856386,pure_test,held_out_pure_test
NASDAQ,GARCH,2,f5f01a0430640286,p=1 q=2,"{""p"": 1, ""q"": 2}",level,2025-03-27,2025-03-28,17804.029296875,17322.990234375,17322.990234375,17790.374218755176,17322.990234375,17790.374218755176,0.0171122499741613,467.3839843801761,2.698056040306017,2.698056040306017,pure_test,held_out_pure_test
NASDAQ,GARCH,2,f5f01a0430640286,p=1 q=2,"{""p"": 1, ""q"": 2}",level,2025-03-28,2025-03-31,17322.990234375,17299.2890625,17299.2890625,17321.048178162368,17299.2890625,17321.048178162368,0.0171122499741613,21.75911566236755,0.12578040394466383,0.12578040394466383,pure_test,held_out_pure_test
NASDAQ,GARCH,2,f5f01a0430640286,p=1 q=2,"{""p"": 1, ""q"": 2}",level,2025-03-31,2025-04-01,17299.2890625,17449.890625,17449.890625,17283.471018739638,17449.890625,17283.471018739638,0.0171122499741613,-166.41960626036234,-0.953699996388157,0.953699996388157,pure_test,held_out_pure_test
NASDAQ,GARCH,2,f5f01a0430640286,p=1 q=2,"{""p"": 1, ""q"": 2}",level,2025-04-01,2025-04-02,17449.890625,17601.05078125,17601.05078125,17428.784100618846,17601.05078125,17428.784100618846,0.0171122499741613,-172.26668063115358,-0.9787295245728475,0.9787295245728475,pure_test,held_out_pure_test
NASDAQ,GARCH,2,f5f01a0430640286,p=1 q=2,"{""p"": 1, ""q"": 2}",level,2025-04-02,2025-04-03,17601.05078125,16550.609375,16550.609375,17579.927308699716,16550.609375,17579.927308699716,0.0171122499741613,1029.3179336997164,6.21921471516644,6.21921471516644,pure_test,held_out_pure_test
NASDAQ,GARCH,2,f5f01a0430640286,p=1 q=2,"{""p"": 1, ""q"": 2}",level,2025-04-03,2025-04-04,16550.609375,15587.7900390625,15587.7900390625,16565.9434290627,15587.7900390625,16565.9434290627,0.0171122499741613,978.1533900001996,6.27512551522043,6.27512551522043,pure_test,held_out_pure_test
NASDAQ,GARCH,2,f5f01a0430640286,p=1 q=2,"{""p"": 1, ""q"": 2}",level,2025-04-04,2025-04-07,15587.7900390625,15603.259765625,15603.259765625,15600.465571315644,15603.259765625,15600.465571315644,0.0171122499741613,-2.794194309355589,-0.017907759989431067,0.017907759989431067,pure_test,held_out_pure_test
NASDAQ,GARCH,2,f5f01a0430640286,p=1 q=2,"{""p"": 1, ""q"": 2}",level,2025-04-07,2025-04-08,15603.259765625,15267.91015625,15267.91015625,15586.253246319324,15267.91015625,15586.253246319324,0.0171122499741613,318.3430900693238,2.0850469174329556,2.0850469174329556,pure_test,held_out_pure_test
NASDAQ,GARCH,2,f5f01a0430640286,p=1 q=2,"{""p"": 1, ""q"": 2}",level,2025-04-08,2025-04-09,15267.91015625,17124.970703125,17124.970703125,15261.547768639426,17124.970703125,15261.547768639426,0.0171122499741613,-1863.422934485574,-10.88132042261265,10.88132042261265,pure_test,held_out_pure_test
NASDAQ,GARCH,2,f5f01a0430640286,p=1 q=2,"{""p"": 1, ""q"": 2}",level,2025-04-09,2025-04-10,17124.970703125,16387.310546875,16387.310546875,17052.088885020545,16387.310546875,17052.088885020545,0.0171122499741613,664.7783381455447,4.056665285276574,4.056665285276574,pure_test,held_out_pure_test
NASDAQ,GARCH,2,f5f01a0430640286,p=1 q=2,"{""p"": 1, ""q"": 2}",level,2025-04-10,2025-04-11,16387.310546875,16724.4609375,16724.4609375,16393.154574374992,16724.4609375,16393.154574374992,0.0171122499741613,-331.3063631250079,-1.9809688597026442,1.9809688597026442,pure_test,held_out_pure_test
NASDAQ,GARCH,2,f5f01a0430640286,p=1 q=2,"{""p"": 1, ""q"": 2}",level,2025-04-11,2025-04-14,16724.4609375,16831.48046875,16831.48046875,16697.694376482545,16831.48046875,16697.694376482545,0.0171122499741613,-133.7860922674554,-0.7948563557189636,0.7948563557189636,pure_test,held_out_pure_test
NASDAQ,GARCH,2,f5f01a0430640286,p=1 q=2,"{""p"": 1, ""q"": 2}",level,2025-04-14,2025-04-15,16831.48046875,16823.169921875,16823.169921875,16811.696257116873,16823.169921875,16811.696257116873,0.0171122499741613,-11.473664758126688,-0.068201562555744,0.068201562555744,pure_test,held_out_pure_test
NASDAQ,GARCH,2,f5f01a0430640286,p=1 q=2,"{""p"": 1, ""q"": 2}",level,2025-04-15,2025-04-16,16823.169921875,16307.16015625,16307.16015625,16806.88491457361,16307.16015625,16806.88491457361,0.0171122499741613,499.7247583236094,3.064449932026217,3.064449932026217,pure_test,held_out_pure_test
NASDAQ,GARCH,2,f5f01a0430640286,p=1 q=2,"{""p"": 1, ""q"": 2}",level,2025-04-16,2025-04-17,16307.16015625,16286.4501953125,16286.4501953125,16306.279138387888,16286.4501953125,16306.279138387888,0.0171122499741613,19.82894307538845,0.1217511663842839,0.1217511663842839,pure_test,held_out_pure_test
NASDAQ,GARCH,2,f5f01a0430640286,p=1 q=2,"{""p"": 1, ""q"": 2}",level,2025-04-17,2025-04-21,16286.4501953125,15870.900390625,15870.900390625,16270.541395884233,15870.900390625,16270.541395884233,0.0171122499741613,399.64100525923277,2.518073930419866,2.518073930419866,pure_test,held_out_pure_test
NASDAQ,GARCH,2,f5f01a0430640286,p=1 q=2,"{""p"": 1, ""q"": 2}",level,2025-04-21,2025-04-22,15870.900390625,16300.419921875,16300.419921875,15866.971339360036,16300.419921875,15866.971339360036,0.0171122499741613,-433.4485825149641,-2.6591252531677445,2.6591252531677445,pure_test,held_out_pure_test
NASDAQ,GARCH,2,f5f01a0430640286,p=1 q=2,"{""p"": 1, ""q"": 2}",level,2025-04-22,2025-04-23,16300.419921875,16708.05078125,16708.05078125,16270.85080924006,16708.05078125,16270.85080924006,0.0171122499741613,-437.1999720099393,-2.616702437250017,2.616702437250017,pure_test,held_out_pure_test
NASDAQ,GARCH,2,f5f01a0430640286,p=1 q=2,"{""p"": 1, ""q"": 2}",level,2025-04-23,2025-04-24,16708.05078125,17166.0390625,17166.0390625,16679.145787955706,17166.0390625,16679.145787955706,0.0171122499741613,-486.8932745442944,-2.8363751985624632,2.8363751985624632,pure_test,held_out_pure_test
NASDAQ,GARCH,2,f5f01a0430640286,p=1 q=2,"{""p"": 1, ""q"": 2}",level,2025-04-24,2025-04-25,17166.0390625,17382.939453125,17382.939453125,17135.60618583283,17382.939453125,17135.60618583283,0.0171122499741613,-247.3332672921715,-1.4228506516929014,1.4228506516929014,pure_test,held_out_pure_test
NASDAQ,GARCH,2,f5f01a0430640286,p=1 q=2,"{""p"": 1, ""q"": 2}",level,2025-04-25,2025-04-28,17382.939453125,17366.130859375,17366.130859375,17359.821370698144,17366.130859375,17359.821370698144,0.0171122499741613,-6.309488676855835,-0.036332149791729204,0.036332149791729204,pure_test,held_out_pure_test
NASDAQ,GARCH,2,f5f01a0430640286,p=1 q=2,"{""p"": 1, ""q"": 2}",level,2025-04-28,2025-04-29,17366.130859375,17461.3203125,17461.3203125,17350.10368942983,17461.3203125,17350.10368942983,0.0171122499741613,-111.21662307016959,-0.6369313492895103,0.6369313492895103,pure_test,held_out_pure_test
NASDAQ,GARCH,2,f5f01a0430640286,p=1 q=2,"{""p"": 1, ""q"": 2}",level,2025-04-29,2025-04-30,17461.3203125,17446.33984375,17446.33984375,17441.895034644538,17446.33984375,17441.895034644538,0.0171122499741613,-4.4448091054619,-0.02547702925238049,0.02547702925238049,pure_test,held_out_pure_test
NASDAQ,GARCH,2,f5f01a0430640286,p=1 q=2,"{""p"": 1, ""q"": 2}",level,2025-04-30,2025-05-01,17446.33984375,17710.740234375,17710.740234375,17430.2572070695,17710.740234375,17430.2572070695,0.0171122499741613,-280.4830273055013,-1.5836889005977755,1.5836889005977755,pure_test,held_out_pure_test
NASDAQ,GARCH,2,f5f01a0430640286,p=1 q=2,"{""p"": 1, ""q"": 2}",level,2025-05-01,2025-05-02,17710.740234375,17977.73046875,17977.73046875,17686.180964978885,17977.73046875,17686.180964978885,0.0171122499741613,-291.54950377111527,-1.6217258584330463,1.6217258584330463,pure_test,held_out_pure_test
NASDAQ,GARCH,2,f5f01a0430640286,p=1 q=2,"{""p"": 1, ""q"": 2}",level,2025-05-02,2025-05-05,17977.73046875,17844.240234375,17844.240234375,17953.092621478834,17844.240234375,17953.092621478834,0.0171122499741613,108.85238710383419,0.6100141315859547,0.6100141315859547,pure_test,held_out_pure_test
NASDAQ,GARCH,2,f5f01a0430640286,p=1 q=2,"{""p"": 1, ""q"": 2}",level,2025-05-05,2025-05-06,17844.240234375,17689.66015625,17689.66015625,17831.753276219733,17689.66015625,17831.753276219733,0.0171122499741613,142.09311996973338,0.8032552277129525,0.8032552277129525,pure_test,held_out_pure_test
NASDAQ,GARCH,2,f5f01a0430640286,p=1 q=2,"{""p"": 1, ""q"": 2}",level,2025-05-06,2025-05-07,17689.66015625,17738.16015625,17738.16015625,17677.813080368338,17738.16015625,17677.813080368338,0.0171122499741613,-60.34707588166202,-0.3402104578495356,0.3402104578495356,pure_test,held_out_pure_test
NASDAQ,GARCH,2,f5f01a0430640286,p=1 q=2,"{""p"": 1, ""q"": 2}",level,2025-05-07,2025-05-08,17738.16015625,17928.140625,17928.140625,17720.151472740763,17928.140625,17720.151472740763,0.0171122499741613,-207.98915225923702,-1.1601267337740833,1.1601267337740833,pure_test,held_out_pure_test
NASDAQ,GARCH,2,f5f01a0430640286,p=1 q=2,"{""p"": 1, ""q"": 2}",level,2025-05-08,2025-05-09,17928.140625,17928.919921875,17928.919921875,17905.83931395461,17928.919921875,17905.83931395461,0.0171122499741613,-23.08060792039032,-0.12873395620574873,0.12873395620574873,pure_test,held_out_pure_test
NASDAQ,GARCH,2,f5f01a0430640286,p=1 q=2,"{""p"": 1, ""q"": 2}",level,2025-05-09,2025-05-12,17928.919921875,18708.33984375,18708.33984375,17912.35912163961,18708.33984375,17912.35912163961,0.0171122499741613,-795.9807221103911,-4.254683893698397,4.254683893698397,pure_test,held_out_pure_test
NASDAQ,GARCH,2,f5f01a0430640286,p=1 q=2,"{""p"": 1, ""q"": 2}",level,2025-05-12,2025-05-13,18708.33984375,19010.08984375,19010.08984375,18668.154480935955,19010.08984375,18668.154480935955,0.0171122499741613,-341.9353628140452,-1.798704612258654,1.798704612258654,pure_test,held_out_pure_test
NASDAQ,GARCH,2,f5f01a0430640286,p=1 q=2,"{""p"": 1, ""q"": 2}",level,2025-05-13,2025-05-14,19010.08984375,19146.810546875,19146.810546875,18984.397358136237,19146.810546875,18984.397358136237,0.0171122499741613,-162.41318873876298,-0.8482519234268543,0.8482519234268543,pure_test,held_out_pure_test
NASDAQ,GARCH,2,f5f01a0430640286,p=1 q=2,"{""p"": 1, ""q"": 2}",level,2025-05-14,2025-05-15,19146.810546875,19112.3203125,19112.3203125,19126.12517857076,19112.3203125,19126.12517857076,0.0171122499741613,13.804866070760909,0.07223019416293548,0.07223019416293548,pure_test,held_out_pure_test
NASDAQ,GARCH,2,f5f01a0430640286,p=1 q=2,"{""p"": 1, ""q"": 2}",level,2025-05-15,2025-05-16,19112.3203125,19211.099609375,19211.099609375,19096.829617293017,19211.099609375,19096.829617293017,0.0171122499741613,-114.26999208198322,-0.5948123449748788,0.5948123449748788,pure_test,held_out_pure_test
NASDAQ,GARCH,2,f5f01a0430640286,p=1 q=2,"{""p"": 1, ""q"": 2}",level,2025-05-16,2025-05-19,19211.099609375,19215.4609375,19215.4609375,19191.565412866188,19215.4609375,19191.565412866188,0.0171122499741613,-23.895524633811874,-0.12435571913436892,0.12435571913436892,pure_test,held_out_pure_test
NASDAQ,GARCH,2,f5f01a0430640286,p=1 q=2,"{""p"": 1, ""q"": 2}",level,2025-05-19,2025-05-20,19215.4609375,19142.7109375,19142.7109375,19198.79145564859,19142.7109375,19198.79145564859,0.0171122499741613,56.08051814858845,0.29296016813756715,0.29296016813756715,pure_test,held_out_pure_test
NASDAQ,GARCH,2,f5f01a0430640286,p=1 q=2,"{""p"": 1, ""q"": 2}",level,2025-05-20,2025-05-21,19142.7109375,18872.640625,18872.640625,19128.381073359666,18872.640625,19128.381073359666,0.0171122499741613,255.7404483596656,1.3550856684087662,1.3550856684087662,pure_test,held_out_pure_test
NASDAQ,GARCH,2,f5f01a0430640286,p=1 q=2,"{""p"": 1, ""q"": 2}",level,2025-05-21,2025-05-22,18872.640625,18925.740234375,18925.740234375,18864.29761271535,18925.740234375,18864.29761271535,0.0171122499741613,-61.442621659651195,-0.3246510884052629,0.3246510884052629,pure_test,held_out_pure_test
NASDAQ,GARCH,2,f5f01a0430640286,p=1 q=2,"{""p"": 1, ""q"": 2}",level,2025-05-22,2025-05-23,18925.740234375,18737.2109375,18737.2109375,18907.59199513745,18737.2109375,18907.59199513745,0.0171122499741613,170.38105763744898,0.9093192055411741,0.9093192055411741,pure_test,held_out_pure_test
NASDAQ,GARCH,2,f5f01a0430640286,p=1 q=2,"{""p"": 1, ""q"": 2}",level,2025-05-23,2025-05-27,18737.2109375,19199.16015625,19199.16015625,18726.393907337897,19199.16015625,18726.393907337897,0.0171122499741613,-472.76624891210304,-2.462431924441242,2.462431924441242,pure_test,held_out_pure_test
NASDAQ,GARCH,2,f5f01a0430640286,p=1 q=2,"{""p"": 1, ""q"": 2}",level,2025-05-27,2025-05-28,19199.16015625,19100.939453125,19100.939453125,19168.60710165628,19100.939453125,19168.60710165628,0.0171122499741613,67.66764853127825,0.35426345755055266,0.35426345755055266,pure_test,held_out_pure_test
NASDAQ,GARCH,2,f5f01a0430640286,p=1 q=2,"{""p"": 1, ""q"": 2}",level,2025-05-28,2025-05-29,19100.939453125,19175.869140625,19175.869140625,19087.38238994133,19175.869140625,19087.38238994133,0.0171122499741613,-88.48675068367083,-0.4614484487496184,0.4614484487496184,pure_test,held_out_pure_test
NASDAQ,GARCH,2,f5f01a0430640286,p=1 q=2,"{""p"": 1, ""q"": 2}",level,2025-05-29,2025-05-30,19175.869140625,19113.76953125,19113.76953125,19157.058559826783,19113.76953125,19157.058559826783,0.0171122499741613,43.289028576782584,0.2264808545797694,0.2264808545797694,pure_test,held_out_pure_test
NASDAQ,GARCH,2,f5f01a0430640286,p=1 q=2,"{""p"": 1, ""q"": 2}",level,2025-05-30,2025-06-02,19113.76953125,19242.609375,19242.609375,19099.116525968897,19242.609375,19099.116525968897,0.0171122499741613,-143.4928490311031,-0.7457036945183174,0.7457036945183174,pure_test,held_out_pure_test
NASDAQ,GARCH,2,f5f01a0430640286,p=1 q=2,"{""p"": 1, ""q"": 2}",level,2025-06-02,2025-06-03,19242.609375,19398.9609375,19398.9609375,19222.16311810287,19398.9609375,19222.16311810287,0.0171122499741613,-176.79781939712848,-0.9113777792879711,0.9113777792879711,pure_test,held_out_pure_test
NASDAQ,GARCH,2,f5f01a0430640286,p=1 q=2,"{""p"": 1, ""q"": 2}",level,2025-06-03,2025-06-04,19398.9609375,19460.490234375,19460.490234375,19377.67995364362,19460.490234375,19377.67995364362,0.0171122499741613,-82.81028073138077,-0.4255302910360641,0.4255302910360641,pure_test,held_out_pure_test
NASDAQ,GARCH,2,f5f01a0430640286,p=1 q=2,"{""p"": 1, ""q"": 2}",level,2025-06-04,2025-06-05,19460.490234375,19298.44921875,19298.44921875,19442.08623185787,19298.44921875,19442.08623185787,0.0171122499741613,143.63701310786928,0.7442930334957398,0.7442930334957398,pure_test,held_out_pure_test
NASDAQ,GARCH,2,f5f01a0430640286,p=1 q=2,"{""p"": 1, ""q"": 2}",level,2025-06-05,2025-06-06,19298.44921875,19529.94921875,19529.94921875,19286.82851351894,19529.94921875,19286.82851351894,0.0171122499741613,-243.12070523106013,-1.2448609185202013,1.2448609185202013,pure_test,held_out_pure_test
NASDAQ,GARCH,2,f5f01a0430640286,p=1 q=2,"{""p"": 1, ""q"": 2}",level,2025-06-06,2025-06-09,19529.94921875,19591.240234375,19591.240234375,19506.388172811825,19591.240234375,19506.388172811825,0.0171122499741613,-84.85206156317508,-0.4331122509247411,0.4331122509247411,pure_test,held_out_pure_test
NASDAQ,GARCH,2,f5f01a0430640286,p=1 q=2,"{""p"": 1, ""q"": 2}",level,2025-06-09,2025-06-10,19591.240234375,19714.990234375,19714.990234375,19572.84346149645,19714.990234375,19572.84346149645,0.0171122499741613,-142.1467728785501,-0.7210085888386767,0.7210085888386767,pure_test,held_out_pure_test
NASDAQ,GARCH,2,f5f01a0430640286,p=1 q=2,"{""p"": 1, ""q"": 2}",level,2025-06-10,2025-06-11,19714.990234375,19615.880859375,19615.880859375,19694.69840729867,19615.880859375,19694.69840729867,0.0171122499741613,78.81754792367065,0.40180478505507156,0.40180478505507156,pure_test,held_out_pure_test
NASDAQ,GARCH,2,f5f01a0430640286,p=1 q=2,"{""p"": 1, ""q"": 2}",level,2025-06-11,2025-06-12,19615.880859375,19662.490234375,19662.490234375,19602.35075918767,19662.490234375,19602.35075918767,0.0171122499741613,-60.13947518733039,-0.30585889412009165,0.30585889412009165,pure_test,held_out_pure_test
NASDAQ,GARCH,2,f5f01a0430640286,p=1 q=2,"{""p"": 1, ""q"": 2}",level,2025-06-12,2025-06-13,19662.490234375,19406.830078125,19406.830078125,19644.538913899734,19406.830078125,19644.538913899734,0.0171122499741613,237.70883577473433,1.2248720415328163,1.2248720415328163,pure_test,held_out_pure_test
NASDAQ,GARCH,2,f5f01a0430640286,p=1 q=2,"{""p"": 1, ""q"": 2}",level,2025-06-13,2025-06-16,19406.830078125,19701.2109375,19701.2109375,19398.049850484294,19701.2109375,19398.049850484294,0.0171122499741613,-303.16108701570556,-1.538794178578423,1.538794178578423,pure_test,held_out_pure_test
NASDAQ,GARCH,2,f5f01a0430640286,p=1 q=2,"{""p"": 1, ""q"": 2}",level,2025-06-16,2025-06-17,19701.2109375,19521.08984375,19521.08984375,19675.742037348205,19521.08984375,19675.742037348205,0.0171122499741613,154.65219359820549,0.792231349971067,0.792231349971067,pure_test,held_out_pure_test
NASDAQ,GARCH,2,f5f01a0430640286,p=1 q=2,"{""p"": 1, ""q"": 2}",level,2025-06-17,2025-06-18,19521.08984375,19546.26953125,19546.26953125,19510.017702160974,19546.26953125,19510.017702160974,0.0171122499741613,-36.251829089025705,-0.1854667410119734,0.1854667410119734,pure_test,held_out_pure_test
NASDAQ,GARCH,2,f5f01a0430640286,p=1 q=2,"{""p"": 1, ""q"": 2}",level,2025-06-18,2025-06-20,19546.26953125,19447.41015625,19447.41015625,19528.968404172218,19447.41015625,19528.968404172218,0.0171122499741613,81.55824792221756,0.4193784533104343,0.4193784533104343,pure_test,held_out_pure_test
NASDAQ,GARCH,2,f5f01a0430640286,p=1 q=2,"{""p"": 1, ""q"": 2}",level,2025-06-20,2025-06-23,19447.41015625,19630.970703125,19630.970703125,19433.872470868093,19630.970703125,19433.872470868093,0.0171122499741613,-197.09823225690707,-1.0040167408814458,1.0040167408814458,pure_test,held_out_pure_test
NASDAQ,GARCH,2,f5f01a0430640286,p=1 q=2,"{""p"": 1, ""q"": 2}",level,2025-06-23,2025-06-24,19630.970703125,19912.529296875,19912.529296875,19608.86417750593,19912.529296875,19608.86417750593,0.0171122499741613,-303.66511936907045,-1.5249952170401906,1.5249952170401906,pure_test,held_out_pure_test
NASDAQ,GARCH,2,f5f01a0430640286,p=1 q=2,"{""p"": 1, ""q"": 2}",level,2025-06-24,2025-06-25,19912.529296875,19973.55078125,19973.55078125,19887.449434241837,19973.55078125,19887.449434241837,0.0171122499741613,-86.10134700816343,-0.43107681729274866,0.43107681729274866,pure_test,held_out_pure_test
NASDAQ,GARCH,2,f5f01a0430640286,p=1 q=2,"{""p"": 1, ""q"": 2}",level,2025-06-25,2025-06-26,19973.55078125,20167.91015625,20167.91015625,19955.162186159352,20167.91015625,19955.162186159352,0.0171122499741613,-212.74797009064787,-1.0548835672233379,1.0548835672233379,pure_test,held_out_pure_test
NASDAQ,GARCH,2,f5f01a0430640286,p=1 q=2,"{""p"": 1, ""q"": 2}",level,2025-06-26,2025-06-27,20167.91015625,20273.4609375,20273.4609375,20145.47598578088,20273.4609375,20145.47598578088,0.0171122499741613,-127.98495171912145,-0.6312930590079298,0.6312930590079298,pure_test,held_out_pure_test
NASDAQ,GARCH,2,f5f01a0430640286,p=1 q=2,"{""p"": 1, ""q"": 2}",level,2025-06-27,2025-06-30,20273.4609375,20369.73046875,20369.73046875,20253.721288885004,20369.73046875,20253.721288885004,0.0171122499741613,-116.00917986499553,-0.5695175007002167,0.5695175007002167,pure_test,held_out_pure_test
NASDAQ,GARCH,2,f5f01a0430640286,p=1 q=2,"{""p"": 1, ""q"": 2}",level,2025-06-30,2025-07-01,20369.73046875,20202.890625,20202.890625,20350.2724204836,20202.890625,20350.2724204836,0.0171122499741613,147.3817954836013,0.7295084560880818,0.7295084560880818,pure_test,held_out_pure_test
NASDAQ,GARCH,2,f5f01a0430640286,p=1 q=2,"{""p"": 1, ""q"": 2}",level,2025-07-01,2025-07-02,20202.890625,20393.130859375,20393.130859375,20191.41551994918,20393.130859375,20191.41551994918,0.0171122499741613,-201.71533942582028,-0.9891337471268615,0.9891337471268615,pure_test,held_out_pure_test
NASDAQ,GARCH,2,f5f01a0430640286,p=1 q=2,"{""p"": 1, ""q"": 2}",level,2025-07-02,2025-07-03,20393.130859375,20601.099609375,20601.099609375,20370.821666838372,20601.099609375,20370.821666838372,0.0171122499741613,-230.27794253662796,-1.1177944231279515,1.1177944231279515,pure_test,held_out_pure_test
NASDAQ,GARCH,2,f5f01a0430640286,p=1 q=2,"{""p"": 1, ""q"": 2}",level,2025-07-03,2025-07-07,20601.099609375,20412.51953125,20412.51953125,20578.2525198762,20412.51953125,20578.2525198762,0.0171122499741613,165.7329886262014,0.8119183345910677,0.8119183345910677,pure_test,held_out_pure_test
NASDAQ,GARCH,2,f5f01a0430640286,p=1 q=2,"{""p"": 1, ""q"": 2}",level,2025-07-07,2025-07-08,20412.51953125,20418.4609375,20418.4609375,20401.704041830548,20418.4609375,20401.704041830548,0.0171122499741613,-16.756895669452206,-0.0820673787350786,0.0820673787350786,pure_test,held_out_pure_test
NASDAQ,GARCH,2,f5f01a0430640286,p=1 q=2,"{""p"": 1, ""q"": 2}",level,2025-07-08,2025-07-09,20418.4609375,20611.33984375,20611.33984375,20401.7435148485,20611.33984375,20401.7435148485,0.0171122499741613,-209.5963289015017,-1.0168981273920328,1.0168981273920328,pure_test,held_out_pure_test
NASDAQ,GARCH,2,f5f01a0430640286,p=1 q=2,"{""p"": 1, ""q"": 2}",level,2025-07-09,2025-07-10,20611.33984375,20630.66015625,20630.66015625,20588.95059185501,20630.66015625,20588.95059185501,0.0171122499741613,-41.70956439499059,-0.20217270838206697,0.20217270838206697,pure_test,held_out_pure_test
NASDAQ,GARCH,2,f5f01a0430640286,p=1 q=2,"{""p"": 1, ""q"": 2}",level,2025-07-10,2025-07-11,20630.66015625,20585.529296875,20585.529296875,20613.53680717007,20585.529296875,20613.53680717007,0.0171122499741613,28.00751029506864,0.13605436076555166,0.13605436076555166,pure_test,held_out_pure_test
NASDAQ,GARCH,2,f5f01a0430640286,p=1 q=2,"{""p"": 1, ""q"": 2}",level,2025-07-11,2025-07-14,20585.529296875,20640.330078125,20640.330078125,20570.361446512117,20640.330078125,20570.361446512117,0.0171122499741613,-69.96863161288275,-0.33898988702238236,0.33898988702238236,pure_test,held_out_pure_test
NASDAQ,GARCH,2,f5f01a0430640286,p=1 q=2,"{""p"": 1, ""q"": 2}",level,2025-07-14,2025-07-15,20640.330078125,20677.80078125,20677.80078125,20622.13022400874,20677.80078125,20622.13022400874,0.0171122499741613,-55.67055724126112,-0.2692286178312613,0.2692286178312613,pure_test,held_out_pure_test
NASDAQ,GARCH,2,f5f01a0430640286,p=1 q=2,"{""p"": 1, ""q"": 2}",level,2025-07-15,2025-07-16,20677.80078125,20730.490234375,20730.490234375,20660.126735192054,20730.490234375,20660.126735192054,0.0171122499741613,-70.36349918294582,-0.33942033394979765,0.33942033394979765,pure_test,held_out_pure_test
NASDAQ,GARCH,2,f5f01a0430640286,p=1 q=2,"{""p"": 1, ""q"": 2}",level,2025-07-16,2025-07-17,20730.490234375,20885.650390625,20885.650390625,20712.354439597297,20885.650390625,20712.354439597297,0.0171122499741613,-173.29595102770327,-0.8297369140368791,0.8297369140368791,pure_test,held_out_pure_test
NASDAQ,GARCH,2,f5f01a0430640286,p=1 q=2,"{""p"": 1, ""q"": 2}",level,2025-07-17,2025-07-18,20885.650390625,20895.650390625,20895.650390625,20864.40555496152,20895.650390625,20864.40555496152,0.0171122499741613,-31.244835663481354,-0.14952794040572,0.14952794040572,pure_test,held_out_pure_test
NASDAQ,GARCH,2,f5f01a0430640286,p=1 q=2,"{""p"": 1, ""q"": 2}",level,2025-07-18,2025-07-21,20895.650390625,20974.1796875,20974.1796875,20878.80982708032,20974.1796875,20878.80982708032,0.0171122499741613,-95.36986041967975,-0.45470126527292704,0.45470126527292704,pure_test,held_out_pure_test
NASDAQ,GARCH,2,f5f01a0430640286,p=1 q=2,"{""p"": 1, ""q"": 2}",level,2025-07-21,2025-07-22,20974.1796875,20892.689453125,20892.689453125,20955.259891751768,20892.689453125,20955.259891751768,0.0171122499741613,62.57043862676801,0.29948484500835343,0.29948484500835343,pure_test,held_out_pure_test
NASDAQ,GARCH,2,f5f01a0430640286,p=1 q=2,"{""p"": 1, ""q"": 2}",level,2025-07-22,2025-07-23,20892.689453125,21020.01953125,21020.01953125,20878.624774498126,21020.01953125,20878.624774498126,0.0171122499741613,-141.3947567518735,-0.6726671045270202,0.6726671045270202,pure_test,held_out_pure_test
NASDAQ,GARCH,2,f5f01a0430640286,p=1 q=2,"{""p"": 1, ""q"": 2}",level,2025-07-23,2025-07-24,21020.01953125,21057.9609375,21057.9609375,20999.619081816985,21057.9609375,20999.619081816985,0.0171122499741613,-58.34185568301473,-0.2770536798703981,0.2770536798703981,pure_test,held_out_pure_test
NASDAQ,GARCH,2,f5f01a0430640286,p=1 q=2,"{""p"": 1, ""q"": 2}",level,2025-07-24,2025-07-25,21057.9609375,21108.3203125,21108.3203125,21040.272609942895,21108.3203125,21040.272609942895,0.0171122499741613,-68.04770255710537,-0.32237383908187445,0.32237383908187445,pure_test,held_out_pure_test
NASDAQ,GARCH,2,f5f01a0430640286,p=1 q=2,"{""p"": 1, ""q"": 2}",level,2025-07-25,2025-07-28,21108.3203125,21178.580078125,21178.580078125,21090.25521410611,21178.580078125,21090.25521410611,0.0171122499741613,-88.32486401889037,-0.41704809148239186,0.41704809148239186,pure_test,held_out_pure_test
NASDAQ,GARCH,2,f5f01a0430640286,p=1 q=2,"{""p"": 1, ""q"": 2}",level,2025-07-28,2025-07-29,21178.580078125,21098.2890625,21098.2890625,21159.91118639107,21098.2890625,21159.91118639107,0.0171122499741613,61.62212389106935,0.2920716637663109,0.2920716637663109,pure_test,held_out_pure_test
NASDAQ,GARCH,2,f5f01a0430640286,p=1 q=2,"{""p"": 1, ""q"": 2}",level,2025-07-29,2025-07-30,21098.2890625,21129.669921875,21129.669921875,21084.187998642898,21129.669921875,21084.187998642898,0.0171122499741613,-45.48192323210242,-0.21525146109838736,0.21525146109838736,pure_test,held_out_pure_test
NASDAQ,GARCH,2,f5f01a0430640286,p=1 q=2,"{""p"": 1, ""q"": 2}",level,2025-07-30,2025-07-31,21129.669921875,21122.44921875,21122.44921875,21112.180646416156,21122.44921875,21112.180646416156,0.0171122499741613,-10.268572333843622,-0.04861449648901702,0.04861449648901702,pure_test,held_out_pure_test
NASDAQ,GARCH,2,f5f01a0430640286,p=1 q=2,"{""p"": 1, ""q"": 2}",level,2025-07-31,2025-08-01,21122.44921875,20650.130859375,20650.130859375,21106.131144741008,20650.130859375,21106.131144741008,0.0171122499741613,456.00028536600803,2.208219833914454,2.208219833914454,pure_test,held_out_pure_test
NASDAQ,GARCH,2,f5f01a0430640286,p=1 q=2,"{""p"": 1, ""q"": 2}",level,2025-08-01,2025-08-04,20650.130859375,21053.580078125,21053.580078125,20647.924210242232,21053.580078125,20647.924210242232,0.0171122499741613,-405.6558678827678,-1.9267785639186876,1.9267785639186876,pure_test,held_out_pure_test
NASDAQ,GARCH,2,f5f01a0430640286,p=1 q=2,"{""p"": 1, ""q"": 2}",level,2025-08-04,2025-08-05,21053.580078125,20916.55078125,20916.55078125,21024.80195906184,20916.55078125,21024.80195906184,0.0171122499741613,108.25117781183872,0.5175383787889022,0.5175383787889022,pure_test,held_out_pure_test
NASDAQ,GARCH,2,f5f01a0430640286,p=1 q=2,"{""p"": 1, ""q"": 2}",level,2025-08-05,2025-08-06,20916.55078125,21169.419921875,21169.419921875,20904.17120100544,21169.419921875,20904.17120100544,0.0171122499741613,-265.2487208695602,-1.2529805816524557,1.2529805816524557,pure_test,held_out_pure_test
NASDAQ,GARCH,2,f5f01a0430640286,p=1 q=2,"{""p"": 1, ""q"": 2}",level,2025-08-06,2025-08-07,21169.419921875,21242.69921875,21242.69921875,21145.210519578657,21242.69921875,21145.210519578657,0.0171122499741613,-97.48869917134289,-0.45892802118712805,0.45892802118712805,pure_test,held_out_pure_test
NASDAQ,GARCH,2,f5f01a0430640286,p=1 q=2,"{""p"": 1, ""q"": 2}",level,2025-08-07,2025-08-08,21242.69921875,21450.01953125,21450.01953125,21223.93871208784,21450.01953125,21223.93871208784,0.0171122499741613,-226.0808191621618,-1.0539888732165967,1.0539888732165967,pure_test,held_out_pure_test
NASDAQ,GARCH,2,f5f01a0430640286,p=1 q=2,"{""p"": 1, ""q"": 2}",level,2025-08-08,2025-08-11,21450.01953125,21385.400390625,21385.400390625,21427.192115849633,21385.400390625,21427.192115849633,0.0171122499741613,41.79172522463341,0.19542175718605764,0.19542175718605764,pure_test,held_out_pure_test
NASDAQ,GARCH,2,f5f01a0430640286,p=1 q=2,"{""p"": 1, ""q"": 2}",level,2025-08-11,2025-08-12,21385.400390625,21681.900390625,21681.900390625,21370.823829882975,21681.900390625,21370.823829882975,0.0171122499741613,-311.0765607420253,-1.4347292217822898,1.4347292217822898,pure_test,held_out_pure_test
NASDAQ,GARCH,2,f5f01a0430640286,p=1 q=2,"{""p"": 1, ""q"": 2}",level,2025-08-12,2025-08-13,21681.900390625,21713.140625,21713.140625,21656.36719409731,21713.140625,21656.36719409731,0.0171122499741613,-56.77343090268914,-0.26147037816041013,0.26147037816041013,pure_test,held_out_pure_test
NASDAQ,GARCH,2,f5f01a0430640286,p=1 q=2,"{""p"": 1, ""q"": 2}",level,2025-08-13,2025-08-14,21713.140625,21710.669921875,21710.669921875,21695.655616213106,21710.669921875,21695.655616213106,0.0171122499741613,-15.014305661894468,-0.06915634439620179,0.06915634439620179,pure_test,held_out_pure_test
NASDAQ,GARCH,2,f5f01a0430640286,p=1 q=2,"{""p"": 1, ""q"": 2}",level,2025-08-14,2025-08-15,21710.669921875,21622.98046875,21622.98046875,21694.207729169084,21622.98046875,21694.207729169084,0.0171122499741613,71.2272604190839,0.329405377404022,0.329405377404022,pure_test,held_out_pure_test
NASDAQ,GARCH,2,f5f01a0430640286,p=1 q=2,"{""p"": 1, ""q"": 2}",level,2025-08-15,2025-08-18,21622.98046875,21629.76953125,21629.76953125,21609.103879244853,21629.76953125,21609.103879244853,0.0171122499741613,-20.66565200514742,-0.09554263615842207,0.09554263615842207,pure_test,held_out_pure_test
NASDAQ,GARCH,2,f5f01a0430640286,p=1 q=2,"{""p"": 1, ""q"": 2}",level,2025-08-18,2025-08-19,21629.76953125,21314.94921875,21314.94921875,21613.026390048144,21314.94921875,21613.026390048144,0.0171122499741613,298.0771712981441,1.3984418552399658,1.3984418552399658,pure_test,held_out_pure_test
NASDAQ,GARCH,2,f5f01a0430640286,p=1 q=2,"{""p"": 1, ""q"": 2}",level,2025-08-19,2025-08-20,21314.94921875,21172.859375,21172.859375,21307.963956294283,21172.859375,21307.963956294283,0.0171122499741613,135.10458129428298,0.6381026714502654,0.6381026714502654,pure_test,held_out_pure_test
NASDAQ,GARCH,2,f5f01a0430640286,p=1 q=2,"{""p"": 1, ""q"": 2}",level,2025-08-20,2025-08-21,21172.859375,21100.310546875,21100.310546875,21160.63333568625,21100.310546875,21160.63333568625,0.0171122499741613,60.322788811248756,0.2858857867387297,0.2858857867387297,pure_test,held_out_pure_test
NASDAQ,GARCH,2,f5f01a0430640286,p=1 q=2,"{""p"": 1, ""q"": 2}",level,2025-08-21,2025-08-22,21100.310546875,21496.5390625,21496.5390625,21085.9745790234,21496.5390625,21085.9745790234,0.0171122499741613,-410.564483476599,-1.9099096942205693,1.9099096942205693,pure_test,held_out_pure_test
NASDAQ,GARCH,2,f5f01a0430640286,p=1 q=2,"{""p"": 1, ""q"": 2}",level,2025-08-22,2025-08-25,21496.5390625,21449.2890625,21449.2890625,21467.98002518953,21449.2890625,21467.98002518953,0.0171122499741613,18.690962689528533,0.08714024336688214,0.08714024336688214,pure_test,held_out_pure_test
NASDAQ,GARCH,2,f5f01a0430640286,p=1 q=2,"{""p"": 1, ""q"": 2}",level,2025-08-25,2025-08-26,21449.2890625,21544.26953125,21544.26953125,21434.185508513005,21544.26953125,21434.185508513005,0.0171122499741613,-110.0840227369954,-0.5109666056550134,0.5109666056550134,pure_test,held_out_pure_test
NASDAQ,GARCH,2,f5f01a0430640286,p=1 q=2,"{""p"": 1, ""q"": 2}",level,2025-08-26,2025-08-27,21544.26953125,21590.140625,21590.140625,21524.85059414313,21590.140625,21524.85059414313,0.0171122499741613,-65.29003085687145,-0.30240669568066536,0.30240669568066536,pure_test,held_out_pure_test
NASDAQ,GARCH,2,f5f01a0430640286,p=1 q=2,"{""p"": 1, ""q"": 2}",level,2025-08-27,2025-08-28,21590.140625,21705.16015625,21705.16015625,21572.211704552465,21705.16015625,21572.211704552465,0.0171122499741613,-132.94845169753535,-0.6125200216928731,0.6125200216928731,pure_test,held_out_pure_test
NASDAQ,GARCH,2,f5f01a0430640286,p=1 q=2,"{""p"": 1, ""q"": 2}",level,2025-08-28,2025-08-29,21705.16015625,21455.55078125,21455.55078125,21685.13321839047,21455.55078125,21685.13321839047,0.0171122499741613,229.58243714047057,1.0700374904432777,1.0700374904432777,pure_test,held_out_pure_test
NASDAQ,GARCH,2,f5f01a0430640286,p=1 q=2,"{""p"": 1, ""q"": 2}",level,2025-08-29,2025-09-02,21455.55078125,21279.630859375,21279.630859375,21446.586968196847,21279.630859375,21446.586968196847,0.0171122499741613,166.956108821847,0.7845817905637797,0.7845817905637797,pure_test,held_out_pure_test
NASDAQ,GARCH,2,f5f01a0430640286,p=1 q=2,"{""p"": 1, ""q"": 2}",level,2025-09-02,2025-09-03,21279.630859375,21497.73046875,21497.73046875,21268.43125096152,21497.73046875,21268.43125096152,0.0171122499741613,-229.29921778848075,-1.0666205817483836,1.0666205817483836,pure_test,held_out_pure_test
NASDAQ,GARCH,2,f5f01a0430640286,p=1 q=2,"{""p"": 1, ""q"": 2}",level,2025-09-03,2025-09-04,21497.73046875,21707.689453125,21707.689453125,21474.576001092915,21707.689453125,21474.576001092915,0.0171122499741613,-233.11345203208475,-1.0738750088325322,1.0738750088325322,pure_test,held_out_pure_test
NASDAQ,GARCH,2,f5f01a0430640286,p=1 q=2,"{""p"": 1, ""q"": 2}",level,2025-09-04,2025-09-05,21707.689453125,21700.390625,21700.390625,21684.781978366267,21700.390625,21684.781978366267,0.0171122499741613,-15.60864663373286,-0.07192795237405022,0.07192795237405022,pure_test,held_out_pure_test
NASDAQ,GARCH,2,f5f01a0430640286,p=1 q=2,"{""p"": 1, ""q"": 2}",level,2025-09-05,2025-09-08,21700.390625,21798.69921875,21798.69921875,21684.07492136431,21798.69921875,21684.07492136431,0.0171122499741613,-114.62429738568972,-0.5258309050252706,0.5258309050252706,pure_test,held_out_pure_test
NASDAQ,GARCH,2,f5f01a0430640286,p=1 q=2,"{""p"": 1, ""q"": 2}",level,2025-09-08,2025-09-09,21798.69921875,21879.490234375,21879.490234375,21779.179303740348,21879.490234375,21779.179303740348,0.0171122499741613,-100.31093063465232,-0.45847014514558115,0.45847014514558115,pure_test,held_out_pure_test
NASDAQ,GARCH,2,f5f01a0430640286,p=1 q=2,"{""p"": 1, ""q"": 2}",level,2025-09-09,2025-09-10,21879.490234375,21886.060546875,21886.060546875,21860.501816319596,21886.060546875,21860.501816319596,0.0171122499741613,-25.5587305554036,-0.11678086378616458,0.11678086378616458,pure_test,held_out_pure_test
NASDAQ,GARCH,2,f5f01a0430640286,p=1 q=2,"{""p"": 1, ""q"": 2}",level,2025-09-10,2025-09-11,21886.060546875,22043.0703125,22043.0703125,21869.324042718396,22043.0703125,21869.324042718396,0.0171122499741613,-173.7462697816045,-0.788212655126713,0.788212655126713,pure_test,held_out_pure_test
NASDAQ,GARCH,2,f5f01a0430640286,p=1 q=2,"{""p"": 1, ""q"": 2}",level,2025-09-11,2025-09-12,22043.0703125,22141.099609375,22141.099609375,22021.769358248526,22141.099609375,22021.769358248526,0.0171122499741613,-119.33025112647374,-0.5389535896218399,0.5389535896218399,pure_test,held_out_pure_test
NASDAQ,GARCH,2,f5f01a0430640286,p=1 q=2,"{""p"": 1, ""q"": 2}",level,2025-09-12,2025-09-15,22141.099609375,22348.75,22348.75,22121.588168449915,22348.75,22121.588168449915,0.0171122499741613,-227.16183155008548,-1.0164408817051758,1.0164408817051758,pure_test,held_out_pure_test
NASDAQ,GARCH,2,f5f01a0430640286,p=1 q=2,"{""p"": 1, ""q"": 2}",level,2025-09-15,2025-09-16,22348.75,22333.9609375,22333.9609375,22325.91256977242,22333.9609375,22325.91256977242,0.0171122499741613,-8.048367727580626,-0.03603645475204067,0.03603645475204067,pure_test,held_out_pure_test
NASDAQ,GARCH,2,f5f01a0430640286,p=1 q=2,"{""p"": 1, ""q"": 2}",level,2025-09-16,2025-09-17,22333.9609375,22261.330078125,22261.330078125,22317.872493404902,22261.330078125,22317.872493404902,0.0171122499741613,56.54241527990234,0.2539938767426278,0.2539938767426278,pure_test,held_out_pure_test
NASDAQ,GARCH,2,f5f01a0430640286,p=1 q=2,"{""p"": 1, ""q"": 2}",level,2025-09-17,2025-09-18,22261.330078125,22470.720703125,22470.720703125,22246.99659916537,22470.720703125,22246.99659916537,0.0171122499741613,-223.72410395963016,-0.9956249597660518,0.9956249597660518,pure_test,held_out_pure_test
NASDAQ,GARCH,2,f5f01a0430640286,p=1 q=2,"{""p"": 1, ""q"": 2}",level,2025-09-18,2025-09-19,22470.720703125,22631.48046875,22631.48046875,22447.830472832055,22631.48046875,22447.830472832055,0.0171122499741613,-183.6499959179455,-0.8114802572086836,0.8114802572086836,pure_test,held_out_pure_test
NASDAQ,GARCH,2,f5f01a0430640286,p=1 q=2,"{""p"": 1, ""q"": 2}",level,2025-09-19,2025-09-22,22631.48046875,22788.98046875,22788.98046875,22610.0657365799,22788.98046875,22610.0657365799,0.0171122499741613,-178.91473217009843,-0.7850931831524454,0.7850931831524454,pure_test,held_out_pure_test
NASDAQ,GARCH,2,f5f01a0430640286,p=1 q=2,"{""p"": 1, ""q"": 2}",level,2025-09-22,2025-09-23,22788.98046875,22573.470703125,22573.470703125,22767.66464040604,22573.470703125,22767.66464040604,0.0171122499741613,194.19393728104114,0.8602750540002586,0.8602750540002586,pure_test,held_out_pure_test
NASDAQ,GARCH,2,f5f01a0430640286,p=1 q=2,"{""p"": 1, ""q"": 2}",level,2025-09-23,2025-09-24,22573.470703125,22497.859375,22497.859375,22563.47228138368,22497.859375,22563.47228138368,0.0171122499741613,65.61290638368155,0.2916406636294994,0.2916406636294994,pure_test,held_out_pure_test
NASDAQ,GARCH,2,f5f01a0430640286,p=1 q=2,"{""p"": 1, ""q"": 2}",level,2025-09-24,2025-09-25,22497.859375,22384.69921875,22384.69921875,22483.616325781943,22384.69921875,22483.616325781943,0.0171122499741613,98.91710703194258,0.44189607403385195,0.44189607403385195,pure_test,held_out_pure_test
NASDAQ,GARCH,2,f5f01a0430640286,p=1 q=2,"{""p"": 1, ""q"": 2}",level,2025-09-25,2025-09-26,22384.69921875,22484.0703125,22484.0703125,22371.59543020152,22484.0703125,22371.59543020152,0.0171122499741613,-112.47488229848022,-0.5002425305348289,0.5002425305348289,pure_test,held_out_pure_test
NASDAQ,GARCH,2,f5f01a0430640286,p=1 q=2,"{""p"": 1, ""q"": 2}",level,2025-09-26,2025-09-29,22484.0703125,22591.150390625,22591.150390625,22464.518160413405,22591.150390625,22464.518160413405,0.0171122499741613,-126.63223021159502,-0.5605390961592888,0.5605390961592888,pure_test,held_out_pure_test
NASDAQ,GARCH,2,f5f01a0430640286,p=1 q=2,"{""p"": 1, ""q"": 2}",level,2025-09-29,2025-09-30,22591.150390625,22660.009765625,22660.009765625,22571.364341952565,22660.009765625,22571.364341952565,0.0171122499741613,-88.64542367243484,-0.39119764108358435,0.39119764108358435,pure_test,held_out_pure_test
NASDAQ,GARCH,2,f5f01a0430640286,p=1 q=2,"{""p"": 1, ""q"": 2}",level,2025-09-30,2025-10-01,22660.009765625,22755.16015625,22755.16015625,22641.383362832556,22755.16015625,22641.383362832556,0.0171122499741613,-113.77679341744442,-0.5000043622465744,0.5000043622465744,pure_test,held_out_pure_test
NASDAQ,GARCH,2,f5f01a0430640286,p=1 q=2,"{""p"": 1, ""q"": 2}",level,2025-10-01,2025-10-02,22755.16015625,22844.05078125,22844.05078125,22735.736063581193,22844.05078125,22735.736063581193,0.0171122499741613,-108.31471766880713,-0.47414847176626823,0.47414847176626823,pure_test,held_out_pure_test
NASDAQ,GARCH,2,f5f01a0430640286,p=1 q=2,"{""p"": 1, ""q"": 2}",level,2025-10-02,2025-10-03,22844.05078125,22780.509765625,22780.509765625,22824.81661474223,22780.509765625,22824.81661474223,0.0171122499741613,44.30684911723074,0.19449454631646673,0.19449454631646673,pure_test,held_out_pure_test
NASDAQ,GARCH,2,f5f01a0430640286,p=1 q=2,"{""p"": 1, ""q"": 2}",level,2025-10-03,2025-10-06,22780.509765625,22941.669921875,22941.669921875,22765.90049373137,22941.669921875,22765.90049373137,0.0171122499741613,-175.76942814363065,-0.7661579507603045,0.7661579507603045,pure_test,held_out_pure_test
NASDAQ,GARCH,2,f5f01a0430640286,p=1 q=2,"{""p"": 1, ""q"": 2}",level,2025-10-06,2025-10-07,22941.669921875,22788.359375,22788.359375,22920.243041541715,22788.359375,22920.243041541715,0.0171122499741613,131.88366654171477,0.5787326080454828,0.5787326080454828,pure_test,held_out_pure_test
NASDAQ,GARCH,2,f5f01a0430640286,p=1 q=2,"{""p"": 1, ""q"": 2}",level,2025-10-07,2025-10-08,22788.359375,23043.380859375,23043.380859375,22776.47378055214,23043.380859375,22776.47378055214,0.0171122499741613,-266.90707882286006,-1.1582808983269104,1.1582808983269104,pure_test,held_out_pure_test
NASDAQ,GARCH,2,f5f01a0430640286,p=1 q=2,"{""p"": 1, ""q"": 2}",level,2025-10-08,2025-10-09,23043.380859375,23024.630859375,23024.630859375,23019.106153294113,23024.630859375,23019.106153294113,0.0171122499741613,-5.524706080886972,-0.023994765061075726,0.023994765061075726,pure_test,held_out_pure_test
NASDAQ,GARCH,2,f5f01a0430640286,p=1 q=2,"{""p"": 1, ""q"": 2}",level,2025-10-09,2025-10-10,23024.630859375,22204.4296875,22204.4296875,23008.66259320645,22204.4296875,23008.66259320645,0.0171122499741613,804.232905706449,3.6219480393103383,3.6219480393103383,pure_test,held_out_pure_test
NASDAQ,GARCH,2,f5f01a0430640286,p=1 q=2,"{""p"": 1, ""q"": 2}",level,2025-10-10,2025-10-13,22204.4296875,22694.609375,22694.609375,22212.778073655743,22694.609375,22212.778073655743,0.0171122499741613,-481.83130134425664,-2.1231090316761914,2.1231090316761914,pure_test,held_out_pure_test
NASDAQ,GARCH,2,f5f01a0430640286,p=1 q=2,"{""p"": 1, ""q"": 2}",level,2025-10-13,2025-10-14,22694.609375,22521.69921875,22521.69921875,22663.199786012625,22521.69921875,22663.199786012625,0.0171122499741613,141.50056726262483,0.6282854854256348,0.6282854854256348,pure_test,held_out_pure_test
NASDAQ,GARCH,2,f5f01a0430640286,p=1 q=2,"{""p"": 1, ""q"": 2}",level,2025-10-14,2025-10-15,22521.69921875,22670.080078125,22670.080078125,22510.408291704956,22670.080078125,22510.408291704956,0.0171122499741613,-159.67178642004365,-0.7043282858718944,0.7043282858718944,pure_test,held_out_pure_test
NASDAQ,GARCH,2,f5f01a0430640286,p=1 q=2,"{""p"": 1, ""q"": 2}",level,2025-10-15,2025-10-16,22670.080078125,22562.5390625,22562.5390625,22649.04093160503,22562.5390625,22649.04093160503,0.0171122499741613,86.5018691050318,0.3833871217481989,0.3833871217481989,pure_test,held_out_pure_test
NASDAQ,GARCH,2,f5f01a0430640286,p=1 q=2,"{""p"": 1, ""q"": 2}",level,2025-10-16,2025-10-17,22562.5390625,22679.970703125,22679.970703125,22549.264784851577,22679.970703125,22549.264784851577,0.0171122499741613,-130.70591827342287,-0.5763054987342348,0.5763054987342348,pure_test,held_out_pure_test
NASDAQ,GARCH,2,f5f01a0430640286,p=1 q=2,"{""p"": 1, ""q"": 2}",level,2025-10-17,2025-10-20,22679.970703125,22990.5390625,22990.5390625,22659.87057998969,22990.5390625,22659.87057998969,0.0171122499741613,-330.66848251031115,-1.4382806841170002,1.4382806841170002,pure_test,held_out_pure_test
NASDAQ,GARCH,2,f5f01a0430640286,p=1 q=2,"{""p"": 1, ""q"": 2}",level,2025-10-20,2025-10-21,22990.5390625,22953.669921875,22953.669921875,22964.57902099947,22953.669921875,22964.57902099947,0.0171122499741613,10.909099124470231,0.04752660102545862,0.04752660102545862,pure_test,held_out_pure_test
NASDAQ,GARCH,2,f5f01a0430640286,p=1 q=2,"{""p"": 1, ""q"": 2}",level,2025-10-21,2025-10-22,22953.669921875,22740.400390625,22740.400390625,22938.251404535145,22740.400390625,22938.251404535145,0.0171122499741613,197.8510139101454,0.8700419100435534,0.8700419100435534,pure_test,held_out_pure_test
NASDAQ,GARCH,2,f5f01a0430640286,p=1 q=2,"{""p"": 1, ""q"": 2}",level,2025-10-22,2025-10-23,22740.400390625,22941.80078125,22941.80078125,22730.333998429163,22941.80078125,22730.333998429163,0.0171122499741613,-211.46678282083667,-0.921753199921714,0.921753199921714,pure_test,held_out_pure_test
NASDAQ,GARCH,2,f5f01a0430640286,p=1 q=2,"{""p"": 1, ""q"": 2}",level,2025-10-23,2025-10-24,22941.80078125,23204.869140625,23204.869140625,22919.152980886796,23204.869140625,22919.152980886796,0.0171122499741613,-285.7161597382037,-1.2312767549203607,1.2312767549203607,pure_test,held_out_pure_test
NASDAQ,GARCH,2,f5f01a0430640286,p=1 q=2,"{""p"": 1, ""q"": 2}",level,2025-10-24,2025-10-27,23204.869140625,23637.4609375,23637.4609375,23180.35028609373,23637.4609375,23180.35028609373,0.0171122499741613,-457.11065140627034,-1.9338399019036785,1.9338399019036785,pure_test,held_out_pure_test
NASDAQ,GARCH,2,f5f01a0430640286,p=1 q=2,"{""p"": 1, ""q"": 2}",level,2025-10-27,2025-10-28,23637.4609375,23827.490234375,23827.490234375,23607.798609934853,23827.490234375,23607.798609934853,0.0171122499741613,-219.69162444014728,-0.9220090839580186,0.9220090839580186,pure_test,held_out_pure_test
NASDAQ,GARCH,2,f5f01a0430640286,p=1 q=2,"{""p"": 1, ""q"": 2}",level,2025-10-28,2025-10-29,23827.490234375,23958.470703125,23958.470703125,23805.187441846298,23958.470703125,23805.187441846298,0.0171122499741613,-153.2832612787024,-0.6397873352521998,0.6397873352521998,pure_test,held_out_pure_test
NASDAQ,GARCH,2,f5f01a0430640286,p=1 q=2,"{""p"": 1, ""q"": 2}",level,2025-10-29,2025-10-30,23958.470703125,23581.140625,23581.140625,23937.959497999324,23581.140625,23937.959497999324,0.0171122499741613,356.8188729993235,1.5131535775713711,1.5131535775713711,pure_test,held_out_pure_test
NASDAQ,GARCH,2,f5f01a0430640286,p=1 q=2,"{""p"": 1, ""q"": 2}",level,2025-10-30,2025-10-31,23581.140625,23724.9609375,23724.9609375,23576.05195748471,23724.9609375,23576.05195748471,0.0171122499741613,-148.90898001529058,-0.6276468922649436,0.6276468922649436,pure_test,held_out_pure_test
NASDAQ,GARCH,2,f5f01a0430640286,p=1 q=2,"{""p"": 1, ""q"": 2}",level,2025-10-31,2025-11-03,23724.9609375,23834.720703125,23834.720703125,23704.060161521695,23834.720703125,23704.060161521695,0.0171122499741613,-130.66054160330532,-0.5481941375808707,0.5481941375808707,pure_test,held_out_pure_test
NASDAQ,GARCH,2,f5f01a0430640286,p=1 q=2,"{""p"": 1, ""q"": 2}",level,2025-11-03,2025-11-04,23834.720703125,23348.640625,23348.640625,23814.853350648213,23348.640625,23814.853350648213,0.0171122499741613,466.21272564821265,1.9967446205370367,1.9967446205370367,pure_test,held_out_pure_test
NASDAQ,GARCH,2,f5f01a0430640286,p=1 q=2,"{""p"": 1, ""q"": 2}",level,2025-11-04,2025-11-05,23348.640625,23499.80078125,23499.80078125,23346.851517124855,23499.80078125,23346.851517124855,0.0171122499741613,-152.94926412514542,-0.6508534499883099,0.6508534499883099,pure_test,held_out_pure_test
NASDAQ,GARCH,2,f5f01a0430640286,p=1 q=2,"{""p"": 1, ""q"": 2}",level,2025-11-05,2025-11-06,23499.80078125,23053.990234375,23053.990234375,23478.677308699716,23053.990234375,23478.677308699716,0.0171122499741613,424.6870743247164,1.8421412953124283,1.8421412953124283,pure_test,held_out_pure_test
NASDAQ,GARCH,2,f5f01a0430640286,p=1 q=2,"{""p"": 1, ""q"": 2}",level,2025-11-06,2025-11-07,23053.990234375,23004.5390625,23004.5390625,23050.979317579942,23004.5390625,23050.979317579942,0.0171122499741613,46.44025507994229,0.20187431251619883,0.20187431251619883,pure_test,held_out_pure_test
NASDAQ,GARCH,2,f5f01a0430640286,p=1 q=2,"{""p"": 1, ""q"": 2}",level,2025-11-07,2025-11-10,23004.5390625,23527.169921875,23527.169921875,22989.502293780868,23527.169921875,22989.502293780868,0.0171122499741613,-537.6676280941319,-2.2853051594370535,2.2853051594370535,pure_test,held_out_pure_test
NASDAQ,GARCH,2,f5f01a0430640286,p=1 q=2,"{""p"": 1, ""q"": 2}",level,2025-11-10,2025-11-11,23527.169921875,23468.30078125,23468.30078125,23494.775739076184,23468.30078125,23494.775739076184,0.0171122499741613,26.474957826183527,0.11281156685760435,0.11281156685760435,pure_test,held_out_pure_test
NASDAQ,GARCH,2,f5f01a0430640286,p=1 q=2,"{""p"": 1, ""q"": 2}",level,2025-11-11,2025-11-12,23468.30078125,23406.4609375,23406.4609375,23453.549761032747,23406.4609375,23453.549761032747,0.0171122499741613,47.08882353274748,0.20117874145298684,0.20117874145298684,pure_test,held_out_pure_test
NASDAQ,GARCH,2,f5f01a0430640286,p=1 q=2,"{""p"": 1, ""q"": 2}",level,2025-11-12,2025-11-13,23406.4609375,22870.359375,22870.359375,23391.80005072766,22870.359375,23391.80005072766,0.0171122499741613,521.4406757276593,2.2799846175467424,2.2799846175467424,pure_test,held_out_pure_test
NASDAQ,GARCH,2,f5f01a0430640286,p=1 q=2,"{""p"": 1, ""q"": 2}",level,2025-11-13,2025-11-14,22870.359375,22900.58984375,22900.58984375,22870.087957892523,22900.58984375,22870.087957892523,0.0171122499741613,-30.501885857476736,-0.13319257742088803,0.13319257742088803,pure_test,held_out_pure_test
NASDAQ,GARCH,2,f5f01a0430640286,p=1 q=2,"{""p"": 1, ""q"": 2}",level,2025-11-14,2025-11-17,22900.58984375,22708.0703125,22708.0703125,22883.135472038062,22708.0703125,22883.135472038062,0.0171122499741613,175.0651595380623,0.7709380723631767,0.7709380723631767,pure_test,held_out_pure_test
NASDAQ,GARCH,2,f5f01a0430640286,p=1 q=2,"{""p"": 1, ""q"": 2}",level,2025-11-17,2025-11-18,22708.0703125,22432.849609375,22432.849609375,22697.374349154437,22432.849609375,22697.374349154437,0.0171122499741613,264.52473977943737,1.179184741954891,1.179184741954891,pure_test,held_out_pure_test
NASDAQ,GARCH,2,f5f01a0430640286,p=1 q=2,"{""p"": 1, ""q"": 2}",level,2025-11-18,2025-11-19,22432.849609375,22564.23046875,22564.23046875,22424.662863950463,22564.23046875,22424.662863950463,0.0171122499741613,-139.56760479953664,-0.6185347423783353,0.6185347423783353,pure_test,held_out_pure_test
NASDAQ,GARCH,2,f5f01a0430640286,p=1 q=2,"{""p"": 1, ""q"": 2}",level,2025-11-19,2025-11-20,22564.23046875,22078.05078125,22078.05078125,22543.707115461137,22078.05078125,22543.707115461137,0.0171122499741613,465.6563342111367,2.1091369832639386,2.1091369832639386,pure_test,held_out_pure_test
NASDAQ,GARCH,2,f5f01a0430640286,p=1 q=2,"{""p"": 1, ""q"": 2}",level,2025-11-20,2025-11-21,22078.05078125,22273.080078125,22273.080078125,22076.264695600818,22273.080078125,22076.264695600818,0.0171122499741613,-196.8153825241825,-0.8836469039478749,0.8836469039478749,pure_test,held_out_pure_test
NASDAQ,GARCH,2,f5f01a0430640286,p=1 q=2,"{""p"": 1, ""q"": 2}",level,2025-11-21,2025-11-24,22273.080078125,22872.009765625,22872.009765625,22250.625581704793,22872.009765625,22250.625581704793,0.0171122499741613,-621.3841839202069,-2.716788731238227,2.716788731238227,pure_test,held_out_pure_test
NASDAQ,GARCH,2,f5f01a0430640286,p=1 q=2,"{""p"": 1, ""q"": 2}",level,2025-11-24,2025-11-25,22872.009765625,23025.58984375,23025.58984375,22837.30061699748,23025.58984375,22837.30061699748,0.0171122499741613,-188.28922675252034,-0.8177389940072655,0.8177389940072655,pure_test,held_out_pure_test
NASDAQ,GARCH,2,f5f01a0430640286,p=1 q=2,"{""p"": 1, ""q"": 2}",level,2025-11-25,2025-11-26,23025.58984375,23214.689453125,23214.689453125,23004.392948886605,23214.689453125,23004.392948886605,0.0171122499741613,-210.29650423839485,-0.9058768787884267,0.9058768787884267,pure_test,held_out_pure_test
NASDAQ,GARCH,2,f5f01a0430640286,p=1 q=2,"{""p"": 1, ""q"": 2}",level,2025-11-26,2025-11-28,23214.689453125,23365.689453125,23365.689453125,23192.41486803862,23365.689453125,23192.41486803862,0.0171122499741613,-173.27458508637937,-0.7415770265799073,0.7415770265799073,pure_test,held_out_pure_test
NASDAQ,GARCH,2,f5f01a0430640286,p=1 q=2,"{""p"": 1, ""q"": 2}",level,2025-11-28,2025-12-01,23365.689453125,23275.919921875,23275.919921875,23344.57083983999,23275.919921875,23344.57083983999,0.0171122499741613,68.6509179649911,0.2949439514975823,0.2949439514975823,pure_test,held_out_pure_test
NASDAQ,GARCH,2,f5f01a0430640286,p=1 q=2,"{""p"": 1, ""q"": 2}",level,2025-12-01,2025-12-02,23275.919921875,23413.669921875,23413.669921875,23262.106443559092,23413.669921875,23262.106443559092,0.0171122499741613,-151.56347831590756,-0.6473290125880878,0.6473290125880878,pure_test,held_out_pure_test
NASDAQ,GARCH,2,f5f01a0430640286,p=1 q=2,"{""p"": 1, ""q"": 2}",level,2025-12-02,2025-12-03,23413.669921875,23454.08984375,23454.08984375,23392.95332390247,23454.08984375,23392.95332390247,0.0171122499741613,-61.13651984752869,-0.2606646442254515,0.2606646442254515,pure_test,held_out_pure_test
NASDAQ,GARCH,2,f5f01a0430640286,p=1 q=2,"{""p"": 1, ""q"": 2}",level,2025-12-03,2025-12-04,23454.08984375,23505.140625,23505.140625,23436.326316099803,23505.140625,23436.326316099803,0.0171122499741613,-68.81430890019692,-0.2927628045203279,0.2927628045203279,pure_test,held_out_pure_test
NASDAQ,GARCH,2,f5f01a0430640286,p=1 q=2,"{""p"": 1, ""q"": 2}",level,2025-12-04,2025-12-05,23505.140625,23578.130859375,23578.130859375,23487.054548802364,23578.130859375,23487.054548802364,0.0171122499741613,-91.07631057263643,-0.38627451478590463,0.38627451478590463,pure_test,held_out_pure_test
NASDAQ,GARCH,2,f5f01a0430640286,p=1 q=2,"{""p"": 1, ""q"": 2}",level,2025-12-05,2025-12-08,23578.130859375,23545.900390625,23545.900390625,23559.37912309407,23545.900390625,23559.37912309407,0.0171122499741613,13.478732469069655,0.05724449796125158,0.05724449796125158,pure_test,held_out_pure_test
NASDAQ,GARCH,2,f5f01a0430640286,p=1 q=2,"{""p"": 1, ""q"": 2}",level,2025-12-08,2025-12-09,23545.900390625,23576.490234375,23576.490234375,23530.341132370177,23576.490234375,23530.341132370177,0.0171122499741613,-46.14910200482336,-0.19574203601152235,0.19574203601152235,pure_test,held_out_pure_test
NASDAQ,GARCH,2,f5f01a0430640286,p=1 q=2,"{""p"": 1, ""q"": 2}",level,2025-12-09,2025-12-10,23576.490234375,23654.150390625,23654.150390625,23559.024958945865,23654.150390625,23559.024958945865,0.0171122499741613,-95.12543167913464,-0.40215112404475245,0.40215112404475245,pure_test,held_out_pure_test
NASDAQ,GARCH,2,f5f01a0430640286,p=1 q=2,"{""p"": 1, ""q"": 2}",level,2025-12-10,2025-12-11,23654.150390625,23593.859375,23593.859375,23635.256965279783,23593.859375,23635.256965279783,0.0171122499741613,41.39759027978289,0.1754591719049054,0.1754591719049054,pure_test,held_out_pure_test
NASDAQ,GARCH,2,f5f01a0430640286,p=1 q=2,"{""p"": 1, ""q"": 2}",level,2025-12-11,2025-12-12,23593.859375,23195.169921875,23195.169921875,23579.151495576894,23195.169921875,23579.151495576894,0.0171122499741613,383.9815737018944,1.6554376406605558,1.6554376406605558,pure_test,held_out_pure_test
NASDAQ,GARCH,2,f5f01a0430640286,p=1 q=2,"{""p"": 1, ""q"": 2}",level,2025-12-12,2025-12-15,23195.169921875,23057.41015625,23057.41015625,23190.729314421213,23057.41015625,23190.729314421213,0.0171122499741613,133.31915817121262,0.5782052592540399,0.5782052592540399,pure_test,held_out_pure_test
NASDAQ,GARCH,2,f5f01a0430640286,p=1 q=2,"{""p"": 1, ""q"": 2}",level,2025-12-15,2025-12-16,23057.41015625,23111.4609375,23111.4609375,23045.052738995837,23111.4609375,23045.052738995837,0.0171122499741613,-66.40819850416301,-0.287338817237689,0.287338817237689,pure_test,held_out_pure_test
NASDAQ,GARCH,2,f5f01a0430640286,p=1 q=2,"{""p"": 1, ""q"": 2}",level,2025-12-16,2025-12-17,23111.4609375,22693.3203125,22693.3203125,23093.28383896746,22693.3203125,23093.28383896746,0.0171122499741613,399.96352646746163,1.7624724851178017,1.7624724851178017,pure_test,held_out_pure_test
NASDAQ,GARCH,2,f5f01a0430640286,p=1 q=2,"{""p"": 1, ""q"": 2}",level,2025-12-17,2025-12-18,22693.3203125,23006.359375,23006.359375,22689.46986873975,23006.359375,22689.46986873975,0.0171122499741613,-316.8895062602496,-1.3773996184924395,1.3773996184924395,pure_test,held_out_pure_test
NASDAQ,GARCH,2,f5f01a0430640286,p=1 q=2,"{""p"": 1, ""q"": 2}",level,2025-12-18,2025-12-19,23006.359375,23307.619140625,23307.619140625,22980.324370443708,23307.619140625,22980.324370443708,0.0171122499741613,-327.2947701812918,-1.4042393957382784,1.4042393957382784,pure_test,held_out_pure_test
NASDAQ,GARCH,2,f5f01a0430640286,p=1 q=2,"{""p"": 1, ""q"": 2}",level,2025-12-19,2025-12-22,23307.619140625,23428.830078125,23428.830078125,23281.94152910373,23428.830078125,23281.94152910373,0.0171122499741613,-146.8885490212706,-0.6269563974447759,0.6269563974447759,pure_test,held_out_pure_test
NASDAQ,GARCH,2,f5f01a0430640286,p=1 q=2,"{""p"": 1, ""q"": 2}",level,2025-12-22,2025-12-23,23428.830078125,23561.83984375,23561.83984375,23408.61528818107,23561.83984375,23408.61528818107,0.0171122499741613,-153.22455556892965,-0.6503081108480325,0.6503081108480325,pure_test,held_out_pure_test
NASDAQ,GARCH,2,f5f01a0430640286,p=1 q=2,"{""p"": 1, ""q"": 2}",level,2025-12-23,2025-12-24,23561.83984375,23613.310546875,23613.310546875,23541.267068177734,23613.310546875,23541.267068177734,0.0171122499741613,-72.04347869726553,-0.30509690097985775,0.30509690097985775,pure_test,held_out_pure_test
NASDAQ,GARCH,2,f5f01a0430640286,p=1 q=2,"{""p"": 1, ""q"": 2}",level,2025-12-24,2025-12-26,23613.310546875,23593.099609375,23593.099609375,23595.21172992085,23593.099609375,23595.21172992085,0.0171122499741613,2.1121205458512122,0.008952280882211576,0.008952280882211576,pure_test,held_out_pure_test
NASDAQ,GARCH,2,f5f01a0430640286,p=1 q=2,"{""p"": 1, ""q"": 2}",level,2025-12-26,2025-12-29,23593.099609375,23474.349609375,23474.349609375,23577.175669187247,23474.349609375,23577.175669187247,0.0171122499741613,102.82605981224697,0.43803582004751734,0.43803582004751734,pure_test,held_out_pure_test
NASDAQ,GARCH,2,f5f01a0430640286,p=1 q=2,"{""p"": 1, ""q"": 2}",level,2025-12-29,2025-12-30,23474.349609375,23419.080078125,23419.080078125,23461.41542103647,23419.080078125,23461.41542103647,0.0171122499741613,42.335342911468615,0.18077286883276292,0.18077286883276292,pure_test,held_out_pure_test
NASDAQ,GARCH,2,f5f01a0430640286,p=1 q=2,"{""p"": 1, ""q"": 2}",level,2025-12-30,2025-12-31,23419.080078125,23241.990234375,23241.990234375,23404.219842957733,23241.990234375,23404.219842957733,0.0171122499741613,162.2296085827329,0.6980022233328136,0.6980022233328136,pure_test,held_out_pure_test
NASDAQ,GARCH,2,f5f01a0430640286,p=1 q=2,"{""p"": 1, ""q"": 2}",level,2025-12-31,2026-01-02,23241.990234375,23235.630859375,23235.630859375,23230.82612230176,23235.630859375,23230.82612230176,0.0171122499741613,-4.804737073238357,-0.020678315567660883,0.020678315567660883,pure_test,held_out_pure_test
NASDAQ,GARCH,2,f5f01a0430640286,p=1 q=2,"{""p"": 1, ""q"": 2}",level,2026-01-02,2026-01-05,23235.630859375,23395.8203125,23395.8203125,23219.286652000326,23395.8203125,23219.286652000326,0.0171122499741613,-176.53366049967372,-0.75455213000313,0.75455213000313,pure_test,held_out_pure_test
NASDAQ,GARCH,2,f5f01a0430640286,p=1 q=2,"{""p"": 1, ""q"": 2}",level,2026-01-05,2026-01-06,23395.8203125,23547.169921875,23547.169921875,23374.422884055028,23547.169921875,23374.422884055028,0.0171122499741613,-172.74703781997232,-0.7336212308872527,0.7336212308872527,pure_test,held_out_pure_test
NASDAQ,GARCH,2,f5f01a0430640286,p=1 q=2,"{""p"": 1, ""q"": 2}",level,2026-01-06,2026-01-07,23547.169921875,23584.279296875,23584.279296875,23526.040701169455,23584.279296875,23526.040701169455,0.0171122499741613,-58.23859570554487,-0.2469382039300293,0.2469382039300293,pure_test,held_out_pure_test
NASDAQ,GARCH,2,f5f01a0430640286,p=1 q=2,"{""p"": 1, ""q"": 2}",level,2026-01-07,2026-01-08,23584.279296875,23480.01953125,23480.01953125,23566.61621379359,23480.01953125,23566.61621379359,0.0171122499741613,86.59668254358985,0.3688100958703918,0.3688100958703918,pure_test,held_out_pure_test
NASDAQ,GARCH,2,f5f01a0430640286,p=1 q=2,"{""p"": 1, ""q"": 2}",level,2026-01-08,2026-01-09,23480.01953125,23671.349609375,23671.349609375,23466.64569792278,23671.349609375,23466.64569792278,0.0171122499741613,-204.70391145221947,-0.8647749909922618,0.8647749909922618,pure_test,held_out_pure_test
NASDAQ,GARCH,2,f5f01a0430640286,p=1 q=2,"{""p"": 1, ""q"": 2}",level,2026-01-09,2026-01-12,23671.349609375,23733.900390625,23733.900390625,23649.00735013077,23733.900390625,23649.00735013077,0.0171122499741613,-84.89304049422935,-0.357686849177822,0.357686849177822,pure_test,held_out_pure_test
NASDAQ,GARCH,2,f5f01a0430640286,p=1 q=2,"{""p"": 1, ""q"": 2}",level,2026-01-12,2026-01-13,23733.900390625,23709.869140625,23709.869140625,23715.465395476913,23709.869140625,23715.465395476913,0.0171122499741613,5.596254851912818,0.02360306089721969,0.02360306089721969,pure_test,held_out_pure_test
NASDAQ,GARCH,2,f5f01a0430640286,p=1 q=2,"{""p"": 1, ""q"": 2}",level,2026-01-13,2026-01-14,23709.869140625,23471.75,23471.75,23694.061111691848,23471.75,23694.061111691848,0.0171122499741613,222.31111169184805,0.9471433177834974,0.9471433177834974,pure_test,held_out_pure_test
NASDAQ,GARCH,2,f5f01a0430640286,p=1 q=2,"{""p"": 1, ""q"": 2}",level,2026-01-14,2026-01-15,23471.75,23530.01953125,23530.01953125,23462.437564293057,23530.01953125,23462.437564293057,0.0171122499741613,-67.58196695694278,-0.28721594075681833,0.28721594075681833,pure_test,held_out_pure_test
NASDAQ,GARCH,2,f5f01a0430640286,p=1 q=2,"{""p"": 1, ""q"": 2}",level,2026-01-15,2026-01-16,23530.01953125,23515.390625,23515.390625,23511.71443255901,23515.390625,23511.71443255901,0.0171122499741613,-3.6761924409911444,-0.015633133634118165,0.015633133634118165,pure_test,held_out_pure_test
NASDAQ,GARCH,2,f5f01a0430640286,p=1 q=2,"{""p"": 1, ""q"": 2}",level,2026-01-16,2026-01-20,23515.390625,22954.3203125,22954.3203125,23499.297321639628,22954.3203125,23499.297321639628,0.0171122499741613,544.9770091396276,2.374180553901459,2.374180553901459,pure_test,held_out_pure_test
NASDAQ,GARCH,2,f5f01a0430640286,p=1 q=2,"{""p"": 1, ""q"": 2}",level,2026-01-20,2026-01-21,22954.3203125,23224.8203125,23224.8203125,22954.806466700706,23224.8203125,22954.806466700706,0.0171122499741613,-270.01384579929436,-1.1626089768021508,1.1626089768021508,pure_test,held_out_pure_test
NASDAQ,GARCH,2,f5f01a0430640286,p=1 q=2,"{""p"": 1, ""q"": 2}",level,2026-01-21,2026-01-22,23224.8203125,23436.01953125,23436.01953125,23200.07597620812,23436.01953125,23200.07597620812,0.0171122499741613,-235.94355504187843,-1.0067560949386782,1.0067560949386782,pure_test,held_out_pure_test
NASDAQ,GARCH,2,f5f01a0430640286,p=1 q=2,"{""p"": 1, ""q"": 2}",level,2026-01-22,2026-01-23,23436.01953125,23501.240234375,23501.240234375,23413.074426815052,23501.240234375,23413.074426815052,0.0171122499741613,-88.16580755994801,-0.37515385009761687,0.37515385009761687,pure_test,held_out_pure_test
NASDAQ,GARCH,2,f5f01a0430640286,p=1 q=2,"{""p"": 1, ""q"": 2}",level,2026-01-23,2026-01-26,23501.240234375,23601.359375,23601.359375,23482.724231719225,23601.359375,23482.724231719225,0.0171122499741613,-118.63514328077508,-0.5026623314182516,0.5026623314182516,pure_test,held_out_pure_test
NASDAQ,GARCH,2,f5f01a0430640286,p=1 q=2,"{""p"": 1, ""q"": 2}",level,2026-01-26,2026-01-27,23601.359375,23817.099609375,23817.099609375,23581.784526589017,23817.099609375,23581.784526589017,0.0171122499741613,-235.31508278598267,-0.9880089794533875,0.9880089794533875,pure_test,held_out_pure_test
NASDAQ,GARCH,2,f5f01a0430640286,p=1 q=2,"{""p"": 1, ""q"": 2}",level,2026-01-27,2026-01-28,23817.099609375,23857.44921875,23857.44921875,23794.01672699172,23857.44921875,23794.01672699172,0.0171122499741613,-63.432491758281685,-0.26588128167712477,0.26588128167712477,pure_test,held_out_pure_test
NASDAQ,GARCH,2,f5f01a0430640286,p=1 q=2,"{""p"": 1, ""q"": 2}",level,2026-01-28,2026-01-29,23857.44921875,23685.119140625,23685.119140625,23839.687824435776,23685.119140625,23839.687824435776,0.0171122499741613,154.56868381077584,0.6525982955502967,0.6525982955502967,pure_test,held_out_pure_test
NASDAQ,GARCH,2,f5f01a0430640286,p=1 q=2,"{""p"": 1, ""q"": 2}",level,2026-01-29,2026-01-30,23685.119140625,23461.8203125,23461.8203125,23673.81061355817,23461.8203125,23673.81061355817,0.0171122499741613,211.99030105816928,0.9035543629375807,0.9035543629375807,pure_test,held_out_pure_test
NASDAQ,GARCH,2,f5f01a0430640286,p=1 q=2,"{""p"": 1, ""q"": 2}",level,2026-01-30,2026-02-02,23461.8203125,23592.109375,23592.109375,23452.058216977155,23592.109375,23452.058216977155,0.0171122499741613,-140.0511580228449,-0.5936355914459002,0.5936355914459002,pure_test,held_out_pure_test
NASDAQ,GARCH,2,f5f01a0430640286,p=1 q=2,"{""p"": 1, ""q"": 2}",level,2026-02-02,2026-02-03,23592.109375,23255.189453125,23255.189453125,23571.61914767807,23255.189453125,23571.61914767807,0.0171122499741613,316.42969455306957,1.3606842257333156,1.3606842257333156,pure_test,held_out_pure_test
NASDAQ,GARCH,2,f5f01a0430640286,p=1 q=2,"{""p"": 1, ""q"": 2}",level,2026-02-03,2026-02-04,23255.189453125,22904.580078125,22904.580078125,23248.87471001785,22904.580078125,23248.87471001785,0.0171122499741613,344.2946318928516,1.5031693692637043,1.5031693692637043,pure_test,held_out_pure_test
NASDAQ,GARCH,2,f5f01a0430640286,p=1 q=2,"{""p"": 1, ""q"": 2}",level,2026-02-04,2026-02-05,22904.580078125,22540.58984375,22540.58984375,22898.68068368017,22540.58984375,22898.68068368017,0.0171122499741613,358.09083993016975,1.5886489324921562,1.5886489324921562,pure_test,held_out_pure_test
NASDAQ,GARCH,2,f5f01a0430640286,p=1 q=2,"{""p"": 1, ""q"": 2}",level,2026-02-05,2026-02-06,22540.58984375,23031.2109375,23031.2109375,22535.09643499293,23031.2109375,22535.09643499293,0.0171122499741613,-496.1145025070691,-2.154096473057276,2.154096473057276,pure_test,held_out_pure_test
NASDAQ,GARCH,2,f5f01a0430640286,p=1 q=2,"{""p"": 1, ""q"": 2}",level,2026-02-06,2026-02-09,23031.2109375,23238.669921875,23238.669921875,22999.78795590345,23238.669921875,22999.78795590345,0.0171122499741613,-238.8819659715482,-1.0279502517770351,1.0279502517770351,pure_test,held_out_pure_test
NASDAQ,GARCH,2,f5f01a0430640286,p=1 q=2,"{""p"": 1, ""q"": 2}",level,2026-02-09,2026-02-10,23238.669921875,23102.470703125,23102.470703125,23215.838299062016,23102.470703125,23215.838299062016,0.0171122499741613,113.36759593701572,0.4907163281097932,0.4907163281097932,pure_test,held_out_pure_test
NASDAQ,GARCH,2,f5f01a0430640286,p=1 q=2,"{""p"": 1, ""q"": 2}",level,2026-02-10,2026-02-11,23102.470703125,23066.470703125,23066.470703125,23090.065937664076,23066.470703125,23090.065937664076,0.0171122499741613,23.595234539076046,0.10229234824328548,0.10229234824328548,pure_test,held_out_pure_test
NASDAQ,GARCH,2,f5f01a0430640286,p=1 q=2,"{""p"": 1, ""q"": 2}",level,2026-02-11,2026-02-12,23066.470703125,22597.150390625,22597.150390625,23051.02581538213,22597.150390625,23051.02581538213,0.0171122499741613,453.87542475713053,2.0085515957155033,2.0085515957155033,pure_test,held_out_pure_test
NASDAQ,GARCH,2,f5f01a0430640286,p=1 q=2,"{""p"": 1, ""q"": 2}",level,2026-02-12,2026-02-13,22597.150390625,22546.669921875,22546.669921875,22594.85277841666,22546.669921875,22594.85277841666,0.0171122499741613,48.18285654166175,0.21370276279653286,0.21370276279653286,pure_test,held_out_pure_test
NASDAQ,GARCH,2,f5f01a0430640286,p=1 q=2,"{""p"": 1, ""q"": 2}",level,2026-02-13,2026-02-17,22546.669921875,22578.380859375,22578.380859375,22531.66438282415,22578.380859375,22531.66438282415,0.0171122499741613,-46.71647655084962,-0.20690800125046166,0.20690800125046166,pure_test,held_out_pure_test
NASDAQ,GARCH,2,f5f01a0430640286,p=1 q=2,"{""p"": 1, ""q"": 2}",level,2026-02-17,2026-02-18,22578.380859375,22753.630859375,22753.630859375,22560.881569088942,22753.630859375,22560.881569088942,0.0171122499741613,-192.74929028605766,-0.84711442968075,0.84711442968075,pure_test,held_out_pure_test
NASDAQ,GARCH,2,f5f01a0430640286,p=1 q=2,"{""p"": 1, ""q"": 2}",level,2026-02-18,2026-02-19,22753.630859375,22682.73046875,22682.73046875,22731.776482216213,22682.73046875,22731.776482216213,0.0171122499741613,49.04601346621348,0.21622623225975451,0.21622623225975451,pure_test,held_out_pure_test
NASDAQ,GARCH,2,f5f01a0430640286,p=1 q=2,"{""p"": 1, ""q"": 2}",level,2026-02-19,2026-02-20,22682.73046875,22886.0703125,22886.0703125,22668.344486021673,22886.0703125,22668.344486021673,0.0171122499741613,-217.72582647832678,-0.9513464893945051,0.9513464893945051,pure_test,held_out_pure_test
NASDAQ,GARCH,2,f5f01a0430640286,p=1 q=2,"{""p"": 1, ""q"": 2}",level,2026-02-20,2026-02-23,22886.0703125,22627.26953125,22627.26953125,22863.363667619506,22627.26953125,22863.363667619506,0.0171122499741613,236.09413636950558,1.0434053302076125,1.0434053302076125,pure_test,held_out_pure_test
NASDAQ,GARCH,2,f5f01a0430640286,p=1 q=2,"{""p"": 1, ""q"": 2}",level,2026-02-23,2026-02-24,22627.26953125,22863.6796875,22863.6796875,22618.584592616146,22863.6796875,22618.584592616146,0.0171122499741613,-245.09509488385447,-1.0719844672152774,1.0719844672152774,pure_test,held_out_pure_test
NASDAQ,GARCH,2,f5f01a0430640286,p=1 q=2,"{""p"": 1, ""q"": 2}",level,2026-02-24,2026-02-25,22863.6796875,23152.080078125,23152.080078125,22839.969663599622,23152.080078125,22839.969663599622,0.0171122499741613,-312.11041452537756,-1.348088005363595,1.348088005363595,pure_test,held_out_pure_test
NASDAQ,GARCH,2,f5f01a0430640286,p=1 q=2,"{""p"": 1, ""q"": 2}",level,2026-02-25,2026-02-26,23152.080078125,22878.380859375,22878.380859375,23126.79263004968,22878.380859375,23126.79263004968,0.0171122499741613,248.41177067468016,1.0857926188115148,1.0857926188115148,pure_test,held_out_pure_test
NASDAQ,GARCH,2,f5f01a0430640286,p=1 q=2,"{""p"": 1, ""q"": 2}",level,2026-02-26,2026-02-27,22878.380859375,22668.2109375,22668.2109375,22870.147950930354,22668.2109375,22870.147950930354,0.0171122499741613,201.93701343035355,0.8908378962377191,0.8908378962377191,pure_test,held_out_pure_test
NASDAQ,GARCH,2,f5f01a0430640286,p=1 q=2,"{""p"": 1, ""q"": 2}",level,2026-02-27,2026-03-02,22668.2109375,22748.859375,22748.859375,22658.050500743306,22748.859375,22658.050500743306,0.0171122499741613,-90.80887425669425,-0.39917990067004955,0.39917990067004955,pure_test,held_out_pure_test
NASDAQ,GARCH,2,f5f01a0430640286,p=1 q=2,"{""p"": 1, ""q"": 2}",level,2026-03-02,2026-03-03,22748.859375,22516.689453125,22516.689453125,22729.875282875877,22516.689453125,22729.875282875877,0.0171122499741613,213.18582975087702,0.9467902916842414,0.9467902916842414,pure_test,held_out_pure_test
NASDAQ,GARCH,2,f5f01a0430640286,p=1 q=2,"{""p"": 1, ""q"": 2}",level,2026-03-03,2026-03-04,22516.689453125,22807.48046875,22807.48046875,22507.196513490904,22807.48046875,22507.196513490904,0.0171122499741613,-300.2839552590958,-1.3166029262659427,1.3166029262659427,pure_test,held_out_pure_test
NASDAQ,GARCH,2,f5f01a0430640286,p=1 q=2,"{""p"": 1, ""q"": 2}",level,2026-03-04,2026-03-05,22807.48046875,22748.990234375,22748.990234375,22782.120487251555,22748.990234375,22782.120487251555,0.0171122499741613,33.13025287655546,0.1456339491785169,0.1456339491785169,pure_test,held_out_pure_test
NASDAQ,GARCH,2,f5f01a0430640286,p=1 q=2,"{""p"": 1, ""q"": 2}",level,2026-03-05,2026-03-06,22748.990234375,22387.6796875,22387.6796875,22734.22771784722,22387.6796875,22734.22771784722,0.0171122499741613,346.54803034722136,1.5479408102337375,1.5479408102337375,pure_test,held_out_pure_test
NASDAQ,GARCH,2,f5f01a0430640286,p=1 q=2,"{""p"": 1, ""q"": 2}",level,2026-03-06,2026-03-09,22387.6796875,22695.94921875,22695.94921875,22382.10497493858,22695.94921875,22382.10497493858,0.0171122499741613,-313.8442438114216,-1.3828205235502675,1.3828205235502675,pure_test,held_out_pure_test
NASDAQ,GARCH,2,f5f01a0430640286,p=1 q=2,"{""p"": 1, ""q"": 2}",level,2026-03-09,2026-03-10,22695.94921875,22697.099609375,22697.099609375,22670.05892548396,22697.099609375,22670.05892548396,0.0171122499741613,-27.040683891038498,-0.11913717768533467,0.11913717768533467,pure_test,held_out_pure_test
NASDAQ,GARCH,2,f5f01a0430640286,p=1 q=2,"{""p"": 1, ""q"": 2}",level,2026-03-10,2026-03-11,22697.099609375,22716.130859375,22716.130859375,22680.52754986641,22716.130859375,22680.52754986641,0.0171122499741613,-35.60330950859134,-0.15673139818129622,0.15673139818129622,pure_test,held_out_pure_test
NASDAQ,GARCH,2,f5f01a0430640286,p=1 q=2,"{""p"": 1, ""q"": 2}",level,2026-03-11,2026-03-12,22716.130859375,22311.98046875,22311.98046875,22699.016280676296,22311.98046875,22699.016280676296,0.0171122499741613,387.03581192629645,1.7346546733866859,1.7346546733866859,pure_test,held_out_pure_test
NASDAQ,GARCH,2,f5f01a0430640286,p=1 q=2,"{""p"": 1, ""q"": 2}",level,2026-03-12,2026-03-13,22311.98046875,22105.359375,22105.359375,22307.705550390212,22105.359375,22307.705550390212,0.0171122499741613,202.346175390212,0.9153715710184513,0.9153715710184513,pure_test,held_out_pure_test
NASDAQ,GARCH,2,f5f01a0430640286,p=1 q=2,"{""p"": 1, ""q"": 2}",level,2026-03-13,2026-03-16,22105.359375,22374.1796875,22374.1796875,22095.091264035935,22374.1796875,22095.091264035935,0.0171122499741613,-279.0884234640653,-1.2473682939982211,1.2473682939982211,pure_test,held_out_pure_test
NASDAQ,GARCH,2,f5f01a0430640286,p=1 q=2,"{""p"": 1, ""q"": 2}",level,2026-03-16,2026-03-17,22374.1796875,22479.529296875,22479.529296875,22349.48631423417,22479.529296875,22349.48631423417,0.0171122499741613,-130.042982640829,-0.5784951318304826,0.5784951318304826,pure_test,held_out_pure_test
NASDAQ,GARCH,2,f5f01a0430640286,p=1 q=2,"{""p"": 1, ""q"": 2}",level,2026-03-17,2026-03-18,22479.529296875,22152.419921875,22152.419921875,22459.79575197126,22152.419921875,22459.79575197126,0.0171122499741613,307.3758300962618,1.387549672587848,1.387549672587848,pure_test,held_out_pure_test
NASDAQ,GARCH,2,f5f01a0430640286,p=1 q=2,"{""p"": 1, ""q"": 2}",level,2026-03-18,2026-03-19,22152.419921875,22090.689453125,22090.689453125,22145.80751914011,22090.689453125,22145.80751914011,0.0171122499741613,55.11806601511125,0.24950812935045866,0.24950812935045866,pure_test,held_out_pure_test
NASDAQ,GARCH,2,f5f01a0430640286,p=1 q=2,"{""p"": 1, ""q"": 2}",level,2026-03-19,2026-03-20,22090.689453125,21647.609375,21647.609375,22076.02524783003,21647.609375,22076.02524783003,0.0171122499741613,428.41587283003173,1.9790447314925819,1.9790447314925819,pure_test,held_out_pure_test
NASDAQ,GARCH,2,f5f01a0430640286,p=1 q=2,"{""p"": 1, ""q"": 2}",level,2026-03-20,2026-03-23,21647.609375,21946.759765625,21946.759765625,21644.515613657943,21946.759765625,21644.515613657943,0.0171122499741613,-302.2441519670574,-1.3771698200317457,1.3771698200317457,pure_test,held_out_pure_test
NASDAQ,GARCH,2,f5f01a0430640286,p=1 q=2,"{""p"": 1, ""q"": 2}",level,2026-03-23,2026-03-24,21946.759765625,21761.890625,21761.890625,21921.146154182952,21761.890625,21921.146154182952,0.0171122499741613,159.25552918295216,0.7318092528229135,0.7318092528229135,pure_test,held_out_pure_test
NASDAQ,GARCH,2,f5f01a0430640286,p=1 q=2,"{""p"": 1, ""q"": 2}",level,2026-03-24,2026-03-25,21761.890625,21929.8203125,21929.8203125,21750.962542848574,21929.8203125,21750.962542848574,0.0171122499741613,-178.85776965142577,-0.8155915876313716,0.8155915876313716,pure_test,held_out_pure_test
NASDAQ,GARCH,2,f5f01a0430640286,p=1 q=2,"{""p"": 1, ""q"": 2}",level,2026-03-25,2026-03-26,21929.8203125,21408.080078125,21408.080078125,21908.188039319863,21408.080078125,21908.188039319863,0.0171122499741613,500.1079611948626,2.3360710506024223,2.3360710506024223,pure_test,held_out_pure_test
NASDAQ,GARCH,2,f5f01a0430640286,p=1 q=2,"{""p"": 1, ""q"": 2}",level,2026-03-26,2026-03-27,21408.080078125,20948.359375,20948.359375,21407.37292714479,20948.359375,21407.37292714479,0.0171122499741613,459.01355214478826,2.1911670691146345,2.1911670691146345,pure_test,held_out_pure_test
NASDAQ,GARCH,2,f5f01a0430640286,p=1 q=2,"{""p"": 1, ""q"": 2}",level,2026-03-27,2026-03-30,20948.359375,20794.640625,20794.640625,20945.770503171847,20794.640625,20945.770503171847,0.0171122499741613,151.12987817184694,0.7267732147780118,0.7267732147780118,pure_test,held_out_pure_test
NASDAQ,GARCH,2,f5f01a0430640286,p=1 q=2,"{""p"": 1, ""q"": 2}",level,2026-03-30,2026-03-31,20794.640625,21590.630859375,21590.630859375,20782.767415752656,21590.630859375,20782.767415752656,0.0171122499741613,-807.8634436223438,-3.741731535702471,3.741731535702471,pure_test,held_out_pure_test
NASDAQ,GARCH,3,0a3562dbd0248afa,p=2 q=1,"{""p"": 2, ""q"": 1}",level,2022-02-01,2022-02-02,14346.0,14417.5498046875,14417.5498046875,,14417.5498046875,,0.0077401250600814,,,,fit_period,model_fit_period
NASDAQ,GARCH,3,0a3562dbd0248afa,p=2 q=1,"{""p"": 2, ""q"": 1}",level,2022-02-02,2022-02-03,14417.5498046875,13878.8203125,13878.8203125,14399.553301550755,13878.8203125,14399.553301550755,0.0077401250600814,520.7329890507554,3.7519974848421063,3.7519974848421063,fit_period,model_fit_period
NASDAQ,GARCH,3,0a3562dbd0248afa,p=2 q=1,"{""p"": 2, ""q"": 1}",level,2022-02-03,2022-02-04,13878.8203125,14098.009765625,14098.009765625,13878.789767793254,14098.009765625,13878.789767793254,0.0077401250600814,-219.2199978317458,-1.5549712439997534,1.5549712439997534,fit_period,model_fit_period
NASDAQ,GARCH,3,0a3562dbd0248afa,p=2 q=1,"{""p"": 2, ""q"": 1}",level,2022-02-04,2022-02-07,14098.009765625,14015.669921875,14015.669921875,14075.666911891032,14015.669921875,14075.666911891032,0.0077401250600814,59.996990016032214,0.4280707975463358,0.4280707975463358,fit_period,model_fit_period
NASDAQ,GARCH,3,0a3562dbd0248afa,p=2 q=1,"{""p"": 2, ""q"": 1}",level,2022-02-07,2022-02-08,14015.669921875,14194.4501953125,14194.4501953125,14002.203762534602,14194.4501953125,14002.203762534602,0.0077401250600814,-192.246432777898,-1.3543774512758828,1.3543774512758828,fit_period,model_fit_period
NASDAQ,GARCH,3,0a3562dbd0248afa,p=2 q=1,"{""p"": 2, ""q"": 1}",level,2022-02-08,2022-02-09,14194.4501953125,14490.3701171875,14490.3701171875,14173.29694385764,14490.3701171875,14173.29694385764,0.0077401250600814,-317.07317332985986,-2.188164765741691,2.188164765741691,fit_period,model_fit_period
NASDAQ,GARCH,3,0a3562dbd0248afa,p=2 q=1,"{""p"": 2, ""q"": 1}",level,2022-02-09,2022-02-10,14490.3701171875,14185.6396484375,14185.6396484375,14465.76840194711,14185.6396484375,14465.76840194711,0.0077401250600814,280.12875350961076,1.9747347349293902,1.9747347349293902,fit_period,model_fit_period
NASDAQ,GARCH,3,0a3562dbd0248afa,p=2 q=1,"{""p"": 2, ""q"": 1}",level,2022-02-10,2022-02-11,14185.6396484375,13791.150390625,13791.150390625,14178.720427104716,13791.150390625,14178.720427104716,0.0077401250600814,387.5700364797158,2.8102806908927596,2.8102806908927596,fit_period,model_fit_period
NASDAQ,GARCH,3,0a3562dbd0248afa,p=2 q=1,"{""p"": 2, ""q"": 1}",level,2022-02-11,2022-02-14,13791.150390625,13790.919921875,13790.919921875,13786.873570371989,13790.919921875,13786.873570371989,0.0077401250600814,-4.046351503011465,-0.02934069319475337,0.02934069319475337,fit_period,model_fit_period
NASDAQ,GARCH,3,0a3562dbd0248afa,p=2 q=1,"{""p"": 2, ""q"": 1}",level,2022-02-14,2022-02-15,13790.919921875,14139.759765625,14139.759765625,13775.03655188119,14139.759765625,13775.03655188119,0.0077401250600814,-364.72321374380954,-2.579415915046052,2.579415915046052,fit_period,model_fit_period
NASDAQ,GARCH,3,0a3562dbd0248afa,p=2 q=1,"{""p"": 2, ""q"": 1}",level,2022-02-15,2022-02-16,14139.759765625,14124.08984375,14124.08984375,14113.600145468954,14124.08984375,14113.600145468954,0.0077401250600814,-10.489698281046003,-0.07426813619206593,0.07426813619206593,fit_period,model_fit_period
NASDAQ,GARCH,3,0a3562dbd0248afa,p=2 q=1,"{""p"": 2, ""q"": 1}",level,2022-02-16,2022-02-17,14124.08984375,13716.7197265625,13716.7197265625,14108.660994455886,13716.7197265625,14108.660994455886,0.0077401250600814,391.9412678933859,2.8573979472248716,2.8573979472248716,fit_period,model_fit_period
NASDAQ,GARCH,3,0a3562dbd0248afa,p=2 q=1,"{""p"": 2, ""q"": 1}",level,2022-02-17,2022-02-18,13716.7197265625,13548.0703125,13548.0703125,13712.822104793291,13548.0703125,13712.822104793291,0.0077401250600814,164.75179229329115,1.2160535669886836,1.2160535669886836,fit_period,model_fit_period
NASDAQ,GARCH,3,0a3562dbd0248afa,p=2 q=1,"{""p"": 2, ""q"": 1}",level,2022-02-18,2022-02-22,13548.0703125,13381.51953125,13381.51953125,13537.145012992609,13381.51953125,13537.145012992609,0.0077401250600814,155.62548174260883,1.1629881149085874,1.1629881149085874,fit_period,model_fit_period
NASDAQ,GARCH,3,0a3562dbd0248afa,p=2 q=1,"{""p"": 2, ""q"": 1}",level,2022-02-22,2022-02-23,13381.51953125,13037.490234375,13037.490234375,13370.532450276218,13037.490234375,13370.532450276218,0.0077401250600814,333.0422159012178,2.5544963786289916,2.5544963786289916,fit_period,model_fit_period
NASDAQ,GARCH,3,0a3562dbd0248afa,p=2 q=1,"{""p"": 2, ""q"": 1}",level,2022-02-23,2022-02-24,13037.490234375,13473.58984375,13473.58984375,13031.727927779544,13473.58984375,13031.727927779544,0.0077401250600814,-441.8619159704558,-3.2794668762714525,3.2794668762714525,fit_period,model_fit_period
NASDAQ,GARCH,3,0a3562dbd0248afa,p=2 q=1,"{""p"": 2, ""q"": 1}",level,2022-02-24,2022-02-25,13473.58984375,13694.6201171875,13694.6201171875,13444.861391044891,13694.6201171875,13444.861391044891,0.0077401250600814,-249.7587261426088,-1.823772576423262,1.823772576423262,fit_period,model_fit_period
NASDAQ,GARCH,3,0a3562dbd0248afa,p=2 q=1,"{""p"": 2, ""q"": 1}",level,2022-02-25,2022-02-28,13694.6201171875,13751.400390625,13751.400390625,13672.223071706603,13751.400390625,13672.223071706603,0.0077401250600814,-79.17731891839685,-0.5757764058151916,0.5757764058151916,fit_period,model_fit_period
NASDAQ,GARCH,3,0a3562dbd0248afa,p=2 q=1,"{""p"": 2, ""q"": 1}",level,2022-02-28,2022-03-01,13751.400390625,13532.4599609375,13532.4599609375,13733.838686416922,13532.4599609375,13733.838686416922,0.0077401250600814,201.37872547942243,1.4881161744480886,1.4881161744480886,fit_period,model_fit_period
NASDAQ,GARCH,3,0a3562dbd0248afa,p=2 q=1,"{""p"": 2, ""q"": 1}",level,2022-03-01,2022-03-02,13532.4599609375,13752.01953125,13752.01953125,13523.015174206386,13752.01953125,13523.015174206386,0.0077401250600814,-229.0043570436137,-1.6652416506770202,1.6652416506770202,fit_period,model_fit_period
NASDAQ,GARCH,3,0a3562dbd0248afa,p=2 q=1,"{""p"": 2, ""q"": 1}",level,2022-03-02,2022-03-03,13752.01953125,13537.9404296875,13537.9404296875,13729.665781668771,13537.9404296875,13729.665781668771,0.0077401250600814,191.72535198127116,1.416207679277673,1.416207679277673,fit_period,model_fit_period
NASDAQ,GARCH,3,0a3562dbd0248afa,p=2 q=1,"{""p"": 2, ""q"": 1}",level,2022-03-03,2022-03-04,13537.9404296875,13313.4404296875,13313.4404296875,13528.352530746197,13313.4404296875,13528.352530746197,0.0077401250600814,214.91210105869686,1.61424916567371,1.61424916567371,fit_period,model_fit_period
NASDAQ,GARCH,3,0a3562dbd0248afa,p=2 q=1,"{""p"": 2, ""q"": 1}",level,2022-03-04,2022-03-07,13313.4404296875,12830.9599609375,12830.9599609375,13304.159310656789,12830.9599609375,13304.159310656789,0.0077401250600814,473.1993497192889,3.6879497025935257,3.6879497025935257,fit_period,model_fit_period
NASDAQ,GARCH,3,0a3562dbd0248afa,p=2 q=1,"{""p"": 2, ""q"": 1}",level,2022-03-07,2022-03-08,12830.9599609375,12795.5498046875,12795.5498046875,12829.27350618763,12795.5498046875,12829.27350618763,0.0077401250600814,33.72370150013012,0.26355804959452256,0.26355804959452256,fit_period,model_fit_period
NASDAQ,GARCH,3,0a3562dbd0248afa,p=2 q=1,"{""p"": 2, ""q"": 1}",level,2022-03-08,2022-03-09,12795.5498046875,13255.5498046875,13255.5498046875,12780.702086413225,13255.5498046875,12780.702086413225,0.0077401250600814,-474.8477182742754,-3.5822559250341857,3.5822559250341857,fit_period,model_fit_period
NASDAQ,GARCH,3,0a3562dbd0248afa,p=2 q=1,"{""p"": 2, ""q"": 1}",level,2022-03-09,2022-03-10,13255.5498046875,13129.9599609375,13129.9599609375,13226.117750489391,13129.9599609375,13226.117750489391,0.0077401250600814,96.15778955189126,0.7323540196464197,0.7323540196464197,fit_period,model_fit_period
NASDAQ,GARCH,3,0a3562dbd0248afa,p=2 q=1,"{""p"": 2, ""q"": 1}",level,2022-03-10,2022-03-11,13129.9599609375,12843.8095703125,12843.8095703125,13117.767034534998,12843.8095703125,13117.767034534998,0.0077401250600814,273.95746422249795,2.132992261546216,2.132992261546216,fit_period,model_fit_period
NASDAQ,GARCH,3,0a3562dbd0248afa,p=2 q=1,"{""p"": 2, ""q"": 1}",level,2022-03-11,2022-03-14,12843.8095703125,12581.2197265625,12581.2197265625,12836.343371697463,12581.2197265625,12836.343371697463,0.0077401250600814,255.12364513496323,2.027813285832099,2.027813285832099,fit_period,model_fit_period
NASDAQ,GARCH,3,0a3562dbd0248afa,p=2 q=1,"{""p"": 2, ""q"": 1}",level,2022-03-14,2022-03-15,12581.2197265625,12948.6201171875,12948.6201171875,12573.059931084665,12948.6201171875,12573.059931084665,0.0077401250600814,-375.56018610283536,-2.9003877069830106,2.9003877069830106,fit_period,model_fit_period
NASDAQ,GARCH,3,0a3562dbd0248afa,p=2 q=1,"{""p"": 2, ""q"": 1}",level,2022-03-15,2022-03-16,12948.6201171875,13436.5498046875,13436.5498046875,12921.914094727948,13436.5498046875,12921.914094727948,0.0077401250600814,-514.6357099595516,-3.830117979989289,3.830117979989289,fit_period,model_fit_period
NASDAQ,GARCH,3,0a3562dbd0248afa,p=2 q=1,"{""p"": 2, ""q"": 1}",level,2022-03-16,2022-03-17,13436.5498046875,13614.7802734375,13614.7802734375,13406.295530880834,13614.7802734375,13406.295530880834,0.0077401250600814,-208.48474255666588,-1.5313118417593605,1.5313118417593605,fit_period,model_fit_period
NASDAQ,GARCH,3,0a3562dbd0248afa,p=2 q=1,"{""p"": 2, ""q"": 1}",level,2022-03-17,2022-03-18,13614.7802734375,13893.83984375,13893.83984375,13593.643207634375,13893.83984375,13593.643207634375,0.0077401250600814,-300.19663611562464,-2.160645577404327,2.160645577404327,fit_period,model_fit_period
NASDAQ,GARCH,3,0a3562dbd0248afa,p=2 q=1,"{""p"": 2, ""q"": 1}",level,2022-03-18,2022-03-21,13893.83984375,13838.4599609375,13838.4599609375,13869.734478913168,13838.4599609375,13869.734478913168,0.0077401250600814,31.27451797566755,0.22599709840508023,0.22599709840508023,fit_period,model_fit_period
NASDAQ,GARCH,3,0a3562dbd0248afa,p=2 q=1,"{""p"": 2, ""q"": 1}",level,2022-03-21,2022-03-22,13838.4599609375,14108.8203125,14108.8203125,13824.200129683344,14108.8203125,13824.200129683344,0.0077401250600814,-284.62018281665587,-2.0173209135315924,2.0173209135315924,fit_period,model_fit_period
NASDAQ,GARCH,3,0a3562dbd0248afa,p=2 q=1,"{""p"": 2, ""q"": 1}",level,2022-03-22,2022-03-23,14108.8203125,13922.599609375,13922.599609375,14084.97104319719,13922.599609375,14084.97104319719,0.0077401250600814,162.37143382219074,1.1662436497337423,1.1662436497337423,fit_period,model_fit_period
NASDAQ,GARCH,3,0a3562dbd0248afa,p=2 q=1,"{""p"": 2, ""q"": 1}",level,2022-03-23,2022-03-24,13922.599609375,14191.83984375,14191.83984375,13912.191589497566,14191.83984375,13912.191589497566,0.0077401250600814,-279.6482542524336,-1.9704862606351143,1.9704862606351143,fit_period,model_fit_period
NASDAQ,GARCH,3,0a3562dbd0248afa,p=2 q=1,"{""p"": 2, ""q"": 1}",level,2022-03-24,2022-03-25,14191.83984375,14169.2998046875,14169.2998046875,14168.023549478345,14169.2998046875,14168.023549478345,0.0077401250600814,-1.2762552091553516,-0.009007186147145674,0.009007186147145674,fit_period,model_fit_period
NASDAQ,GARCH,3,0a3562dbd0248afa,p=2 q=1,"{""p"": 2, ""q"": 1}",level,2022-03-25,2022-03-28,14169.2998046875,14354.900390625,14354.900390625,14154.07320416773,14354.900390625,14154.07320416773,0.0077401250600814,-200.82718645727073,-1.399014838085734,1.399014838085734,fit_period,model_fit_period
NASDAQ,GARCH,3,0a3562dbd0248afa,p=2 q=1,"{""p"": 2, ""q"": 1}",level,2022-03-28,2022-03-29,14354.900390625,14619.6396484375,14619.6396484375,14333.546356591603,14619.6396484375,14333.546356591603,0.0077401250600814,-286.0932918458966,-1.9569106949669128,1.9569106949669128,fit_period,model_fit_period
NASDAQ,GARCH,3,0a3562dbd0248afa,p=2 q=1,"{""p"": 2, ""q"": 1}",level,2022-03-29,2022-03-30,14619.6396484375,14442.26953125,14442.26953125,14595.955858018147,14442.26953125,14595.955858018147,0.0077401250600814,153.6863267681474,1.064142491147966,1.064142491147966,fit_period,model_fit_period
NASDAQ,GARCH,3,0a3562dbd0248afa,p=2 q=1,"{""p"": 2, ""q"": 1}",level,2022-03-30,2022-03-31,14442.26953125,14220.51953125,14220.51953125,14431.600959753252,14220.51953125,14431.600959753252,0.0077401250600814,211.08142850325203,1.4843440005085224,1.4843440005085224,fit_period,model_fit_period
NASDAQ,GARCH,3,0a3562dbd0248afa,p=2 q=1,"{""p"": 2, ""q"": 1}",level,2022-03-31,2022-04-01,14220.51953125,14261.5,14261.5,14211.157455211676,14261.5,14211.157455211676,0.0077401250600814,-50.34254478832372,-0.3529961419789203,0.3529961419789203,fit_period,model_fit_period
NASDAQ,GARCH,3,0a3562dbd0248afa,p=2 q=1,"{""p"": 2, ""q"": 1}",level,2022-04-01,2022-04-04,14261.5,14532.5498046875,14532.5498046875,14244.403424849506,14532.5498046875,14244.403424849506,0.0077401250600814,-288.14637983799366,-1.9827654727531128,1.9827654727531128,fit_period,model_fit_period
NASDAQ,GARCH,3,0a3562dbd0248afa,p=2 q=1,"{""p"": 2, ""q"": 1}",level,2022-04-04,2022-04-05,14532.5498046875,14204.169921875,14204.169921875,14508.680238634914,14204.169921875,14508.680238634914,0.0077401250600814,304.5103167599136,2.143809306948344,2.143809306948344,fit_period,model_fit_period
NASDAQ,GARCH,3,0a3562dbd0248afa,p=2 q=1,"{""p"": 2, ""q"": 1}",level,2022-04-05,2022-04-06,14204.169921875,13888.8203125,13888.8203125,14197.946913558317,13888.8203125,14197.946913558317,0.0077401250600814,309.12660105831674,2.225722517124809,2.225722517124809,fit_period,model_fit_period
NASDAQ,GARCH,3,0a3562dbd0248afa,p=2 q=1,"{""p"": 2, ""q"": 1}",level,2022-04-06,2022-04-07,13888.8203125,13897.2998046875,13897.2998046875,13882.213707112092,13897.2998046875,13882.213707112092,0.0077401250600814,-15.08609757540762,-0.10855416366796047,0.10855416366796047,fit_period,model_fit_period
NASDAQ,GARCH,3,0a3562dbd0248afa,p=2 q=1,"{""p"": 2, ""q"": 1}",level,2022-04-07,2022-04-08,13897.2998046875,13711.0,13711.0,13881.160022921356,13711.0,13881.160022921356,0.0077401250600814,170.16002292135636,1.2410475014321083,1.2410475014321083,fit_period,model_fit_period
NASDAQ,GARCH,3,0a3562dbd0248afa,p=2 q=1,"{""p"": 2, ""q"": 1}",level,2022-04-08,2022-04-11,13711.0,13411.9599609375,13411.9599609375,13700.594308786493,13411.9599609375,13700.594308786493,0.0077401250600814,288.63434784899255,2.152066876799839,2.152066876799839,fit_period,model_fit_period
NASDAQ,GARCH,3,0a3562dbd0248afa,p=2 q=1,"{""p"": 2, ""q"": 1}",level,2022-04-11,2022-04-12,13411.9599609375,13371.5703125,13371.5703125,13404.873219546707,13371.5703125,13404.873219546707,0.0077401250600814,33.30290704670733,0.24905756218905073,0.24905756218905073,fit_period,model_fit_period
NASDAQ,GARCH,3,0a3562dbd0248afa,p=2 q=1,"{""p"": 2, ""q"": 1}",level,2022-04-12,2022-04-13,13371.5703125,13643.58984375,13643.58984375,13356.869185057334,13643.58984375,13356.869185057334,0.0077401250600814,-286.7206586926659,-2.1015045305250797,2.1015045305250797,fit_period,model_fit_period
NASDAQ,GARCH,3,0a3562dbd0248afa,p=2 q=1,"{""p"": 2, ""q"": 1}",level,2022-04-13,2022-04-14,13643.58984375,13351.080078125,13351.080078125,13619.691730002613,13351.080078125,13619.691730002613,0.0077401250600814,268.61165187761253,2.011909525714835,2.011909525714835,fit_period,model_fit_period
NASDAQ,GARCH,3,0a3562dbd0248afa,p=2 q=1,"{""p"": 2, ""q"": 1}",level,2022-04-14,2022-04-18,13351.080078125,13332.3603515625,13332.3603515625,13343.801092590063,13332.3603515625,13343.801092590063,0.0077401250600814,11.44074102756349,0.08581181970694844,0.08581181970694844,fit_period,model_fit_period
NASDAQ,GARCH,3,0a3562dbd0248afa,p=2 q=1,"{""p"": 2, ""q"": 1}",level,2022-04-18,2022-04-19,13332.3603515625,13619.66015625,13619.66015625,13317.021285199768,13619.66015625,13317.021285199768,0.0077401250600814,-302.6388710502324,-2.2220735875803244,2.2220735875803244,fit_period,model_fit_period
NASDAQ,GARCH,3,0a3562dbd0248afa,p=2 q=1,"{""p"": 2, ""q"": 1}",level,2022-04-19,2022-04-20,13619.66015625,13453.0703125,13453.0703125,13595.312207879706,13453.0703125,13595.312207879706,0.0077401250600814,142.24189537970597,1.0573191998226685,1.0573191998226685,fit_period,model_fit_period
NASDAQ,GARCH,3,0a3562dbd0248afa,p=2 q=1,"{""p"": 2, ""q"": 1}",level,2022-04-20,2022-04-21,13453.0703125,13174.650390625,13174.650390625,13442.084381483712,13174.650390625,13442.084381483712,0.0077401250600814,267.4339908587117,2.0299133785668886,2.0299133785668886,fit_period,model_fit_period
NASDAQ,GARCH,3,0a3562dbd0248afa,p=2 q=1,"{""p"": 2, ""q"": 1}",level,2022-04-21,2022-04-22,13174.650390625,12839.2900390625,12839.2900390625,13166.956615421805,12839.2900390625,13166.956615421805,0.0077401250600814,327.6665763593046,2.5520614875308962,2.5520614875308962,fit_period,model_fit_period
NASDAQ,GARCH,3,0a3562dbd0248afa,p=2 q=1,"{""p"": 2, ""q"": 1}",level,2022-04-22,2022-04-25,12839.2900390625,13004.849609375,13004.849609375,12833.27252815008,13004.849609375,12833.27252815008,0.0077401250600814,-171.5770812249193,-1.3193315292260819,1.3193315292260819,fit_period,model_fit_period
NASDAQ,GARCH,3,0a3562dbd0248afa,p=2 q=1,"{""p"": 2, ""q"": 1}",level,2022-04-25,2022-04-26,13004.849609375,12490.740234375,12490.740234375,12984.08556103415,12490.740234375,12984.08556103415,0.0077401250600814,493.3453266591496,3.9496884684339535,3.9496884684339535,fit_period,model_fit_period
NASDAQ,GARCH,3,0a3562dbd0248afa,p=2 q=1,"{""p"": 2, ""q"": 1}",level,2022-04-26,2022-04-27,12490.740234375,12488.9296875,12488.9296875,12489.984900208416,12488.9296875,12489.984900208416,0.0077401250600814,1.0552127084156382,0.008449184476326952,0.008449184476326952,fit_period,model_fit_period
NASDAQ,GARCH,3,0a3562dbd0248afa,p=2 q=1,"{""p"": 2, ""q"": 1}",level,2022-04-27,2022-04-28,12488.9296875,12871.5302734375,12871.5302734375,12473.092833286844,12871.5302734375,12473.092833286844,0.0077401250600814,-398.4374401506557,-3.0954939442817944,3.0954939442817944,fit_period,model_fit_period
NASDAQ,GARCH,3,0a3562dbd0248afa,p=2 q=1,"{""p"": 2, ""q"": 1}",level,2022-04-28,2022-04-29,12871.5302734375,12334.6396484375,12334.6396484375,12844.376773767906,12334.6396484375,12844.376773767906,0.0077401250600814,509.73712533040634,4.13256600807935,4.13256600807935,fit_period,model_fit_period
NASDAQ,GARCH,3,0a3562dbd0248afa,p=2 q=1,"{""p"": 2, ""q"": 1}",level,2022-04-29,2022-05-02,12334.6396484375,12536.01953125,12536.01953125,12334.554969481702,12536.01953125,12334.554969481702,0.0077401250600814,-201.46456176829815,-1.607085576614522,1.607085576614522,fit_period,model_fit_period
NASDAQ,GARCH,3,0a3562dbd0248afa,p=2 q=1,"{""p"": 2, ""q"": 1}",level,2022-05-02,2022-05-03,12536.01953125,12563.759765625,12563.759765625,12514.200971886705,12563.759765625,12514.200971886705,0.0077401250600814,-49.55879373829521,-0.39445830438345575,0.39445830438345575,fit_period,model_fit_period
NASDAQ,GARCH,3,0a3562dbd0248afa,p=2 q=1,"{""p"": 2, ""q"": 1}",level,2022-05-03,2022-05-04,12563.759765625,12964.8603515625,12964.8603515625,12547.052968567265,12964.8603515625,12547.052968567265,0.0077401250600814,-417.80738299523546,-3.2226138320485815,3.2226138320485815,fit_period,model_fit_period
NASDAQ,GARCH,3,0a3562dbd0248afa,p=2 q=1,"{""p"": 2, ""q"": 1}",level,2022-05-04,2022-05-05,12964.8603515625,12317.6904296875,12317.6904296875,12937.162232023516,12317.6904296875,12937.162232023516,0.0077401250600814,619.4718023360165,5.029122998926776,5.029122998926776,fit_period,model_fit_period
NASDAQ,GARCH,3,0a3562dbd0248afa,p=2 q=1,"{""p"": 2, ""q"": 1}",level,2022-05-05,2022-05-06,12317.6904296875,12144.66015625,12144.66015625,12320.852253232262,12144.66015625,12320.852253232262,0.0077401250600814,176.19209698226223,1.450778323274765,1.450778323274765,fit_period,model_fit_period
NASDAQ,GARCH,3,0a3562dbd0248afa,p=2 q=1,"{""p"": 2, ""q"": 1}",level,2022-05-06,2022-05-09,12144.66015625,11623.25,11623.25,12133.863824475617,11623.25,12133.863824475617,0.0077401250600814,510.61382447561664,4.393038302330386,4.393038302330386,fit_period,model_fit_period
NASDAQ,GARCH,3,0a3562dbd0248afa,p=2 q=1,"{""p"": 2, ""q"": 1}",level,2022-05-09,2022-05-10,11623.25,11737.669921875,11737.669921875,11622.709592889136,11737.669921875,11622.709592889136,0.0077401250600814,-114.96032898586418,-0.9794135441789641,0.9794135441789641,fit_period,model_fit_period
NASDAQ,GARCH,3,0a3562dbd0248afa,p=2 q=1,"{""p"": 2, ""q"": 1}",level,2022-05-10,2022-05-11,11737.669921875,11364.240234375,11364.240234375,11718.411369136997,11364.240234375,11718.411369136997,0.0077401250600814,354.17113476199665,3.1165403710024178,3.1165403710024178,fit_period,model_fit_period
NASDAQ,GARCH,3,0a3562dbd0248afa,p=2 q=1,"{""p"": 2, ""q"": 1}",level,2022-05-11,2022-05-12,11364.240234375,11370.9599609375,11370.9599609375,11359.343443287771,11370.9599609375,11359.343443287771,0.0077401250600814,-11.616517649728848,-0.10215951590397741,0.10215951590397741,fit_period,model_fit_period
NASDAQ,GARCH,3,0a3562dbd0248afa,p=2 q=1,"{""p"": 2, ""q"": 1}",level,2022-05-12,2022-05-13,11370.9599609375,11805.0,11805.0,11354.871984756484,11805.0,11354.871984756484,0.0077401250600814,-450.1280152435156,-3.813028506933635,3.813028506933635,fit_period,model_fit_period
NASDAQ,GARCH,3,0a3562dbd0248afa,p=2 q=1,"{""p"": 2, ""q"": 1}",level,2022-05-13,2022-05-16,11805.0,11662.7900390625,11662.7900390625,11776.33217880379,11662.7900390625,11776.33217880379,0.0077401250600814,113.54213974129016,0.9735418314228446,0.9735418314228446,fit_period,model_fit_period
NASDAQ,GARCH,3,0a3562dbd0248afa,p=2 q=1,"{""p"": 2, ""q"": 1}",level,2022-05-16,2022-05-17,11662.7900390625,11984.51953125,11984.51953125,11651.086390824965,11984.51953125,11651.086390824965,0.0077401250600814,-333.43314042503516,-2.7821986484781314,2.7821986484781314,fit_period,model_fit_period
NASDAQ,GARCH,3,0a3562dbd0248afa,p=2 q=1,"{""p"": 2, ""q"": 1}",level,2022-05-17,2022-05-18,11984.51953125,11418.150390625,11418.150390625,11959.158010344065,11418.150390625,11959.158010344065,0.0077401250600814,541.0076197190647,4.738137099361251,4.738137099361251,fit_period,model_fit_period
NASDAQ,GARCH,3,0a3562dbd0248afa,p=2 q=1,"{""p"": 2, ""q"": 1}",level,2022-05-18,2022-05-19,11418.150390625,11388.5,11388.5,11418.933527092417,11388.5,11418.933527092417,0.0077401250600814,30.433527092416625,0.2672303384327754,0.2672303384327754,fit_period,model_fit_period
NASDAQ,GARCH,3,0a3562dbd0248afa,p=2 q=1,"{""p"": 2, ""q"": 1}",level,2022-05-19,2022-05-20,11388.5,11354.6201171875,11354.6201171875,11373.482720493164,11354.6201171875,11373.482720493164,0.0077401250600814,18.86260330566438,0.16612271578431795,0.16612271578431795,fit_period,model_fit_period
NASDAQ,GARCH,3,0a3562dbd0248afa,p=2 q=1,"{""p"": 2, ""q"": 1}",level,2022-05-20,2022-05-23,11354.6201171875,11535.26953125,11535.26953125,11339.72734932838,11535.26953125,11339.72734932838,0.0077401250600814,-195.5421819216208,-1.6951678622842825,1.6951678622842825,fit_period,model_fit_period
NASDAQ,GARCH,3,0a3562dbd0248afa,p=2 q=1,"{""p"": 2, ""q"": 1}",level,2022-05-23,2022-05-24,11535.26953125,11264.4501953125,11264.4501953125,11514.06125432903,11264.4501953125,11514.06125432903,0.0077401250600814,249.6110590165299,2.215918706093628,2.215918706093628,fit_period,model_fit_period
NASDAQ,GARCH,3,0a3562dbd0248afa,p=2 q=1,"{""p"": 2, ""q"": 1}",level,2022-05-24,2022-05-25,11264.4501953125,11434.740234375,11434.740234375,11256.532667129815,11434.740234375,11256.532667129815,0.0077401250600814,-178.2075672451847,-1.5584749945561414,1.5584749945561414,fit_period,model_fit_period
NASDAQ,GARCH,3,0a3562dbd0248afa,p=2 q=1,"{""p"": 2, ""q"": 1}",level,2022-05-25,2022-05-26,11434.740234375,11740.650390625,11740.650390625,11413.836926181568,11740.650390625,11413.836926181568,0.0077401250600814,-326.81346444343217,-2.7836061339872216,2.7836061339872216,fit_period,model_fit_period
NASDAQ,GARCH,3,0a3562dbd0248afa,p=2 q=1,"{""p"": 2, ""q"": 1}",level,2022-05-26,2022-05-27,11740.650390625,12131.1298828125,12131.1298828125,11715.754573755396,12131.1298828125,11715.754573755396,0.0077401250600814,-415.37530905710446,-3.4240446938550395,3.4240446938550395,fit_period,model_fit_period
NASDAQ,GARCH,3,0a3562dbd0248afa,p=2 q=1,"{""p"": 2, ""q"": 1}",level,2022-05-27,2022-05-31,12131.1298828125,12081.3896484375,12081.3896484375,12103.744436716268,12081.3896484375,12103.744436716268,0.0077401250600814,22.354788278767955,0.18503490847726384,0.18503490847726384,fit_period,model_fit_period
NASDAQ,GARCH,3,0a3562dbd0248afa,p=2 q=1,"{""p"": 2, ""q"": 1}",level,2022-05-31,2022-06-01,12081.3896484375,11994.4599609375,11994.4599609375,12066.963792070075,11994.4599609375,12066.963792070075,0.0077401250600814,72.50383113257521,0.6044776619264168,0.6044776619264168,fit_period,model_fit_period
NASDAQ,GARCH,3,0a3562dbd0248afa,p=2 q=1,"{""p"": 2, ""q"": 1}",level,2022-06-01,2022-06-02,11994.4599609375,12316.900390625,12316.900390625,11981.128921602703,12316.900390625,11981.128921602703,0.0077401250600814,-335.7714690222965,-2.7261036330038744,2.7261036330038744,fit_period,model_fit_period
NASDAQ,GARCH,3,0a3562dbd0248afa,p=2 q=1,"{""p"": 2, ""q"": 1}",level,2022-06-02,2022-06-03,12316.900390625,12012.73046875,12012.73046875,12291.517940492666,12012.73046875,12291.517940492666,0.0077401250600814,278.78747174266573,2.3207668936542394,2.3207668936542394,fit_period,model_fit_period
NASDAQ,GARCH,3,0a3562dbd0248afa,p=2 q=1,"{""p"": 2, ""q"": 1}",level,2022-06-03,2022-06-06,12012.73046875,12061.3701171875,12061.3701171875,12005.79474552717,12061.3701171875,12005.79474552717,0.0077401250600814,-55.57537166033035,-0.4607716297598332,0.4607716297598332,fit_period,model_fit_period
NASDAQ,GARCH,3,0a3562dbd0248afa,p=2 q=1,"{""p"": 2, ""q"": 1}",level,2022-06-06,2022-06-07,12061.3701171875,12175.23046875,12175.23046875,12044.048064121274,12175.23046875,12044.048064121274,0.0077401250600814,-131.18240462872564,-1.0774531534777083,1.0774531534777083,fit_period,model_fit_period
NASDAQ,GARCH,3,0a3562dbd0248afa,p=2 q=1,"{""p"": 2, ""q"": 1}",level,2022-06-07,2022-06-08,12175.23046875,12086.26953125,12086.26953125,12155.988389153104,12086.26953125,12155.988389153104,0.0077401250600814,69.71885790310444,0.5768434811323779,0.5768434811323779,fit_period,model_fit_period
NASDAQ,GARCH,3,0a3562dbd0248afa,p=2 q=1,"{""p"": 2, ""q"": 1}",level,2022-06-08,2022-06-09,12086.26953125,11754.23046875,11754.23046875,12072.998289704918,11754.23046875,12072.998289704918,0.0077401250600814,318.7678209549176,2.7119412181205673,2.7119412181205673,fit_period,model_fit_period
NASDAQ,GARCH,3,0a3562dbd0248afa,p=2 q=1,"{""p"": 2, ""q"": 1}",level,2022-06-09,2022-06-10,11754.23046875,11340.01953125,11340.01953125,11748.115182701613,11340.01953125,11748.115182701613,0.0077401250600814,408.09565145161287,3.598720886917457,3.598720886917457,fit_period,model_fit_period
NASDAQ,GARCH,3,0a3562dbd0248afa,p=2 q=1,"{""p"": 2, ""q"": 1}",level,2022-06-10,2022-06-13,11340.01953125,10809.23046875,10809.23046875,11336.323295787017,10809.23046875,11336.323295787017,0.0077401250600814,527.0928270370168,4.876321478766386,4.876321478766386,fit_period,model_fit_period
NASDAQ,GARCH,3,0a3562dbd0248afa,p=2 q=1,"{""p"": 2, ""q"": 1}",level,2022-06-13,2022-06-14,10809.23046875,10828.349609375,10828.349609375,10808.966166433564,10828.349609375,10808.966166433564,0.0077401250600814,-19.383442941436442,-0.17900643810627048,0.17900643810627048,fit_period,model_fit_period
NASDAQ,GARCH,3,0a3562dbd0248afa,p=2 q=1,"{""p"": 2, ""q"": 1}",level,2022-06-14,2022-06-15,10828.349609375,11099.150390625,11099.150390625,10811.896607936296,11099.150390625,10811.896607936296,0.0077401250600814,-287.2537826887037,-2.5880700105778844,2.5880700105778844,fit_period,model_fit_period
NASDAQ,GARCH,3,0a3562dbd0248afa,p=2 q=1,"{""p"": 2, ""q"": 1}",level,2022-06-15,2022-06-16,11099.150390625,10646.099609375,10646.099609375,11075.28815555144,10646.099609375,11075.28815555144,0.0077401250600814,429.18854617643956,4.031415841708773,4.031415841708773,fit_period,model_fit_period
NASDAQ,GARCH,3,0a3562dbd0248afa,p=2 q=1,"{""p"": 2, ""q"": 1}",level,2022-06-16,2022-06-17,10646.099609375,10798.349609375,10798.349609375,10643.546776648784,10798.349609375,10643.546776648784,0.0077401250600814,-154.80283272621637,-1.4335786330886933,1.4335786330886933,fit_period,model_fit_period
NASDAQ,GARCH,3,0a3562dbd0248afa,p=2 q=1,"{""p"": 2, ""q"": 1}",level,2022-06-17,2022-06-21,10798.349609375,11069.2998046875,11069.2998046875,10777.97738030146,11069.2998046875,10777.97738030146,0.0077401250600814,-291.32242438604044,-2.631805349265855,2.631805349265855,fit_period,model_fit_period
NASDAQ,GARCH,3,0a3562dbd0248afa,p=2 q=1,"{""p"": 2, ""q"": 1}",level,2022-06-21,2022-06-22,11069.2998046875,11053.080078125,11053.080078125,11045.433171026523,11053.080078125,11045.433171026523,0.0077401250600814,-7.646907098476731,-0.06918349495730716,0.06918349495730716,fit_period,model_fit_period
NASDAQ,GARCH,3,0a3562dbd0248afa,p=2 q=1,"{""p"": 2, ""q"": 1}",level,2022-06-22,2022-06-23,11053.080078125,11232.1904296875,11232.1904296875,11037.66741448262,11232.1904296875,11037.66741448262,0.0077401250600814,-194.52301520488072,-1.7318350897144885,1.7318350897144885,fit_period,model_fit_period
NASDAQ,GARCH,3,0a3562dbd0248afa,p=2 q=1,"{""p"": 2, ""q"": 1}",level,2022-06-23,2022-06-24,11232.1904296875,11607.6201171875,11607.6201171875,11211.027461091811,11607.6201171875,11211.027461091811,0.0077401250600814,-396.59265609568865,-3.416657782489372,3.416657782489372,fit_period,model_fit_period
NASDAQ,GARCH,3,0a3562dbd0248afa,p=2 q=1,"{""p"": 2, ""q"": 1}",level,2022-06-24,2022-06-27,11607.6201171875,11524.5498046875,11524.5498046875,11580.677720964955,11524.5498046875,11580.677720964955,0.0077401250600814,56.12791627745537,0.48702914412002346,0.48702914412002346,fit_period,model_fit_period
NASDAQ,GARCH,3,0a3562dbd0248afa,p=2 q=1,"{""p"": 2, ""q"": 1}",level,2022-06-27,2022-06-28,11524.5498046875,11181.5400390625,11181.5400390625,11511.105149552248,11181.5400390625,11511.105149552248,0.0077401250600814,329.5651104897479,2.9474035717657707,2.9474035717657707,fit_period,model_fit_period
NASDAQ,GARCH,3,0a3562dbd0248afa,p=2 q=1,"{""p"": 2, ""q"": 1}",level,2022-06-28,2022-06-29,11181.5400390625,11177.8896484375,11177.8896484375,11175.747718576438,11177.8896484375,11175.747718576438,0.0077401250600814,-2.141929861061726,-0.019162202602001313,0.019162202602001313,fit_period,model_fit_period
NASDAQ,GARCH,3,0a3562dbd0248afa,p=2 q=1,"{""p"": 2, ""q"": 1}",level,2022-06-29,2022-06-30,11177.8896484375,11028.740234375,11028.740234375,11162.106957222331,11028.740234375,11162.106957222331,0.0077401250600814,133.3667228473314,1.2092652471009016,1.2092652471009016,fit_period,model_fit_period
NASDAQ,GARCH,3,0a3562dbd0248afa,p=2 q=1,"{""p"": 2, ""q"": 1}",level,2022-06-30,2022-07-01,11028.740234375,11127.849609375,11127.849609375,11017.24087608636,11127.849609375,11017.24087608636,0.0077401250600814,-110.60873328864,-0.9939812018618068,0.9939812018618068,fit_period,model_fit_period
NASDAQ,GARCH,3,0a3562dbd0248afa,p=2 q=1,"{""p"": 2, ""q"": 1}",level,2022-07-01,2022-07-05,11127.849609375,11322.240234375,11322.240234375,11109.04178247696,11322.240234375,11109.04178247696,0.0077401250600814,-213.19845189804073,-1.883005902407524,1.883005902407524,fit_period,model_fit_period
NASDAQ,GARCH,3,0a3562dbd0248afa,p=2 q=1,"{""p"": 2, ""q"": 1}",level,2022-07-05,2022-07-06,11322.240234375,11361.849609375,11361.849609375,11300.627431156408,11361.849609375,11300.627431156408,0.0077401250600814,-61.22217821859158,-0.5388398924773247,0.5388398924773247,fit_period,model_fit_period
NASDAQ,GARCH,3,0a3562dbd0248afa,p=2 q=1,"{""p"": 2, ""q"": 1}",level,2022-07-06,2022-07-07,11361.849609375,11621.349609375,11621.349609375,11344.793397732565,11621.349609375,11344.793397732565,0.0077401250600814,-276.5562116424353,-2.379725427237264,2.379725427237264,fit_period,model_fit_period
NASDAQ,GARCH,3,0a3562dbd0248afa,p=2 q=1,"{""p"": 2, ""q"": 1}",level,2022-07-07,2022-07-08,11621.349609375,11635.3095703125,11635.3095703125,11597.820057004596,11635.3095703125,11597.820057004596,0.0077401250600814,-37.48951330790442,-0.3222046915155479,0.3222046915155479,fit_period,model_fit_period
NASDAQ,GARCH,3,0a3562dbd0248afa,p=2 q=1,"{""p"": 2, ""q"": 1}",level,2022-07-08,2022-07-11,11635.3095703125,11372.599609375,11372.599609375,11619.00844950988,11372.599609375,11619.00844950988,0.0077401250600814,246.40884013487994,2.166688783554403,2.166688783554403,fit_period,model_fit_period
NASDAQ,GARCH,3,0a3562dbd0248afa,p=2 q=1,"{""p"": 2, ""q"": 1}",level,2022-07-11,2022-07-12,11372.599609375,11264.73046875,11264.73046875,11364.44335001646,11264.73046875,11364.44335001646,0.0077401250600814,99.71288126645959,0.8851776928269843,0.8851776928269843,fit_period,model_fit_period
NASDAQ,GARCH,3,0a3562dbd0248afa,p=2 q=1,"{""p"": 2, ""q"": 1}",level,2022-07-12,2022-07-13,11264.73046875,11247.580078125,11247.580078125,11252.015864130124,11247.580078125,11252.015864130124,0.0077401250600814,4.4357860051241005,0.039437692146340846,0.039437692146340846,fit_period,model_fit_period
NASDAQ,GARCH,3,0a3562dbd0248afa,p=2 q=1,"{""p"": 2, ""q"": 1}",level,2022-07-13,2022-07-14,11247.580078125,11251.1904296875,11251.1904296875,11232.194812219926,11251.1904296875,11232.194812219926,0.0077401250600814,-18.99561746757354,-0.16883206791568933,0.16883206791568933,fit_period,model_fit_period
NASDAQ,GARCH,3,0a3562dbd0248afa,p=2 q=1,"{""p"": 2, ""q"": 1}",level,2022-07-14,2022-07-15,11251.1904296875,11452.419921875,11452.419921875,11235.193990123043,11452.419921875,11235.193990123043,0.0077401250600814,-217.22593175195652,-1.8967688334326471,1.8967688334326471,fit_period,model_fit_period
NASDAQ,GARCH,3,0a3562dbd0248afa,p=2 q=1,"{""p"": 2, ""q"": 1}",level,2022-07-15,2022-07-18,11452.419921875,11360.0498046875,11360.0498046875,11430.60578984806,11360.0498046875,11430.60578984806,0.0077401250600814,70.55598516055943,0.6210886956802416,0.6210886956802416,fit_period,model_fit_period
NASDAQ,GARCH,3,0a3562dbd0248afa,p=2 q=1,"{""p"": 2, ""q"": 1}",level,2022-07-18,2022-07-19,11360.0498046875,11713.150390625,11713.150390625,11346.87892568275,11713.150390625,11346.87892568275,0.0077401250600814,-366.27146494225053,-3.127010690782283,3.127010690782283,fit_period,model_fit_period
NASDAQ,GARCH,3,0a3562dbd0248afa,p=2 q=1,"{""p"": 2, ""q"": 1}",level,2022-07-19,2022-07-20,11713.150390625,11897.650390625,11897.650390625,11686.865338855245,11897.650390625,11686.865338855245,0.0077401250600814,-210.78505176975523,-1.7716527620936624,1.7716527620936624,fit_period,model_fit_period
NASDAQ,GARCH,3,0a3562dbd0248afa,p=2 q=1,"{""p"": 2, ""q"": 1}",level,2022-07-20,2022-07-21,11897.650390625,12059.6103515625,12059.6103515625,11876.32875664401,12059.6103515625,11876.32875664401,0.0077401250600814,-183.28159491848965,-1.5197969882562816,1.5197969882562816,fit_period,model_fit_period
NASDAQ,GARCH,3,0a3562dbd0248afa,p=2 q=1,"{""p"": 2, ""q"": 1}",level,2022-07-21,2022-07-22,12059.6103515625,11834.1103515625,11834.1103515625,12038.952271804766,11834.1103515625,12038.952271804766,0.0077401250600814,204.8419202422665,1.730944821003976,1.730944821003976,fit_period,model_fit_period
NASDAQ,GARCH,3,0a3562dbd0248afa,p=2 q=1,"{""p"": 2, ""q"": 1}",level,2022-07-22,2022-07-25,11834.1103515625,11782.669921875,11782.669921875,11824.858671443648,11782.669921875,11824.858671443648,0.0077401250600814,42.188749568647836,0.3580576376014975,0.3580576376014975,fit_period,model_fit_period
NASDAQ,GARCH,3,0a3562dbd0248afa,p=2 q=1,"{""p"": 2, ""q"": 1}",level,2022-07-25,2022-07-26,11782.669921875,11562.5703125,11562.5703125,11768.294117407526,11562.5703125,11768.294117407526,0.0077401250600814,205.72380490752585,1.779222087714555,1.779222087714555,fit_period,model_fit_period
NASDAQ,GARCH,3,0a3562dbd0248afa,p=2 q=1,"{""p"": 2, ""q"": 1}",level,2022-07-26,2022-07-27,11562.5703125,12032.419921875,12032.419921875,11553.159650757534,12032.419921875,11553.159650757534,0.0077401250600814,-479.2602711174659,-3.9830746784873114,3.9830746784873114,fit_period,model_fit_period
NASDAQ,GARCH,3,0a3562dbd0248afa,p=2 q=1,"{""p"": 2, ""q"": 1}",level,2022-07-27,2022-07-28,12032.419921875,12162.58984375,12162.58984375,12002.697905894656,12162.58984375,12002.697905894656,0.0077401250600814,-159.8919378553437,-1.3146208160386788,1.3146208160386788,fit_period,model_fit_period
NASDAQ,GARCH,3,0a3562dbd0248afa,p=2 q=1,"{""p"": 2, ""q"": 1}",level,2022-07-28,2022-07-29,12162.58984375,12390.6904296875,12390.6904296875,12142.867628150218,12390.6904296875,12142.867628150218,0.0077401250600814,-247.82280153728243,-2.0000725782278517,2.0000725782278517,fit_period,model_fit_period
NASDAQ,GARCH,3,0a3562dbd0248afa,p=2 q=1,"{""p"": 2, ""q"": 1}",level,2022-07-29,2022-08-01,12390.6904296875,12368.98046875,12368.98046875,12368.085241900102,12368.98046875,12368.085241900102,0.0077401250600814,-0.895226849897881,-0.007237676962621576,0.007237676962621576,fit_period,model_fit_period
NASDAQ,GARCH,3,0a3562dbd0248afa,p=2 q=1,"{""p"": 2, ""q"": 1}",level,2022-08-01,2022-08-02,12368.98046875,12348.759765625,12348.759765625,12353.72943163347,12348.759765625,12353.72943163347,0.0077401250600814,4.969666008470085,0.04024425207707131,0.04024425207707131,fit_period,model_fit_period
NASDAQ,GARCH,3,0a3562dbd0248afa,p=2 q=1,"{""p"": 2, ""q"": 1}",level,2022-08-02,2022-08-03,12348.759765625,12668.16015625,12668.16015625,12333.464886378992,12668.16015625,12333.464886378992,0.0077401250600814,-334.69526987100835,-2.642019565136948,2.642019565136948,fit_period,model_fit_period
NASDAQ,GARCH,3,0a3562dbd0248afa,p=2 q=1,"{""p"": 2, ""q"": 1}",level,2022-08-03,2022-08-04,12668.16015625,12720.580078125,12720.580078125,12642.867201559677,12720.580078125,12642.867201559677,0.0077401250600814,-77.71287656532331,-0.6109224271852397,0.6109224271852397,fit_period,model_fit_period
NASDAQ,GARCH,3,0a3562dbd0248afa,p=2 q=1,"{""p"": 2, ""q"": 1}",level,2022-08-04,2022-08-05,12720.580078125,12657.5498046875,12657.5498046875,12703.146737922243,12657.5498046875,12703.146737922243,0.0077401250600814,45.59693323474312,0.3602350687007141,0.3602350687007141,fit_period,model_fit_period
NASDAQ,GARCH,3,0a3562dbd0248afa,p=2 q=1,"{""p"": 2, ""q"": 1}",level,2022-08-05,2022-08-08,12657.5498046875,12644.4599609375,12644.4599609375,12643.51519260864,12644.4599609375,12643.51519260864,0.0077401250600814,-0.9447683288599364,-0.007471796595335878,0.007471796595335878,fit_period,model_fit_period
NASDAQ,GARCH,3,0a3562dbd0248afa,p=2 q=1,"{""p"": 2, ""q"": 1}",level,2022-08-08,2022-08-09,12644.4599609375,12493.9296875,12493.9296875,12628.955156950877,12493.9296875,12628.955156950877,0.0077401250600814,135.0254694508767,1.0807285844258254,1.0807285844258254,fit_period,model_fit_period
NASDAQ,GARCH,3,0a3562dbd0248afa,p=2 q=1,"{""p"": 2, ""q"": 1}",level,2022-08-09,2022-08-10,12493.9296875,12854.7998046875,12854.7998046875,12482.470980208793,12854.7998046875,12482.470980208793,0.0077401250600814,-372.32882447870725,-2.8964186929067353,2.8964186929067353,fit_period,model_fit_period
NASDAQ,GARCH,3,0a3562dbd0248afa,p=2 q=1,"{""p"": 2, ""q"": 1}",level,2022-08-10,2022-08-11,12854.7998046875,12779.91015625,12779.91015625,12828.286026372089,12779.91015625,12828.286026372089,0.0077401250600814,48.3758701220886,0.378530596308069,0.378530596308069,fit_period,model_fit_period
NASDAQ,GARCH,3,0a3562dbd0248afa,p=2 q=1,"{""p"": 2, ""q"": 1}",level,2022-08-11,2022-08-12,12779.91015625,13047.1904296875,13047.1904296875,12766.224671266466,13047.1904296875,12766.224671266466,0.0077401250600814,-280.9657584210345,-2.153457941272373,2.153457941272373,fit_period,model_fit_period
NASDAQ,GARCH,3,0a3562dbd0248afa,p=2 q=1,"{""p"": 2, ""q"": 1}",level,2022-08-12,2022-08-15,13047.1904296875,13128.0498046875,13128.0498046875,13023.43183453313,13128.0498046875,13023.43183453313,0.0077401250600814,-104.61797015436969,-0.7969041229338939,0.7969041229338939,fit_period,model_fit_period
NASDAQ,GARCH,3,0a3562dbd0248afa,p=2 q=1,"{""p"": 2, ""q"": 1}",level,2022-08-15,2022-08-16,13128.0498046875,13102.5498046875,13102.5498046875,13109.779237930885,13102.5498046875,13109.779237930885,0.0077401250600814,7.229433243384847,0.05517577380853368,0.05517577380853368,fit_period,model_fit_period
NASDAQ,GARCH,3,0a3562dbd0248afa,p=2 q=1,"{""p"": 2, ""q"": 1}",level,2022-08-16,2022-08-17,13102.5498046875,12938.1201171875,12938.1201171875,13087.410342196874,12938.1201171875,13087.410342196874,0.0077401250600814,149.2902250093739,1.1538787989071997,1.1538787989071997,fit_period,model_fit_period
NASDAQ,GARCH,3,0a3562dbd0248afa,p=2 q=1,"{""p"": 2, ""q"": 1}",level,2022-08-17,2022-08-18,12938.1201171875,12965.33984375,12965.33984375,12927.070593521768,12965.33984375,12927.070593521768,0.0077401250600814,-38.26925022823161,-0.29516580891382865,0.29516580891382865,fit_period,model_fit_period
NASDAQ,GARCH,3,0a3562dbd0248afa,p=2 q=1,"{""p"": 2, ""q"": 1}",level,2022-08-18,2022-08-19,12965.33984375,12705.2197265625,12705.2197265625,12948.648369875877,12705.2197265625,12948.648369875877,0.0077401250600814,243.4286433133766,1.9159735018548805,1.9159735018548805,fit_period,model_fit_period
NASDAQ,GARCH,3,0a3562dbd0248afa,p=2 q=1,"{""p"": 2, ""q"": 1}",level,2022-08-19,2022-08-22,12705.2197265625,12381.5703125,12381.5703125,12696.987225022074,12381.5703125,12696.987225022074,0.0077401250600814,315.4169125220742,2.5474709956913975,2.5474709956913975,fit_period,model_fit_period
NASDAQ,GARCH,3,0a3562dbd0248afa,p=2 q=1,"{""p"": 2, ""q"": 1}",level,2022-08-22,2022-08-23,12381.5703125,12381.2998046875,12381.2998046875,12375.208044330731,12381.2998046875,12375.208044330731,0.0077401250600814,-6.091760356768646,-0.04920129915974036,0.04920129915974036,fit_period,model_fit_period
NASDAQ,GARCH,3,0a3562dbd0248afa,p=2 q=1,"{""p"": 2, ""q"": 1}",level,2022-08-23,2022-08-24,12381.2998046875,12431.5302734375,12431.5302734375,12365.41761340012,12431.5302734375,12365.41761340012,0.0077401250600814,-66.1126600373791,-0.5318143348662576,0.5318143348662576,fit_period,model_fit_period
NASDAQ,GARCH,3,0a3562dbd0248afa,p=2 q=1,"{""p"": 2, ""q"": 1}",level,2022-08-24,2022-08-25,12431.5302734375,12639.26953125,12639.26953125,12414.161388352311,12639.26953125,12414.161388352311,0.0077401250600814,-225.1081428976886,-1.781021777731057,1.781021777731057,fit_period,model_fit_period
NASDAQ,GARCH,3,0a3562dbd0248afa,p=2 q=1,"{""p"": 2, ""q"": 1}",level,2022-08-25,2022-08-26,12639.26953125,12141.7099609375,12141.7099609375,12617.263758806605,12141.7099609375,12617.263758806605,0.0077401250600814,475.5537978691045,3.9166954193360217,3.9166954193360217,fit_period,model_fit_period
NASDAQ,GARCH,3,0a3562dbd0248afa,p=2 q=1,"{""p"": 2, ""q"": 1}",level,2022-08-26,2022-08-29,12141.7099609375,12017.669921875,12017.669921875,12140.46741852944,12017.669921875,12140.46741852944,0.0077401250600814,122.79749665444069,1.0218078666890344,1.0218078666890344,fit_period,model_fit_period
NASDAQ,GARCH,3,0a3562dbd0248afa,p=2 q=1,"{""p"": 2, ""q"": 1}",level,2022-08-29,2022-08-30,12017.669921875,11883.1396484375,11883.1396484375,12005.431370908904,11883.1396484375,12005.431370908904,0.0077401250600814,122.29172247140377,1.0291196273830188,1.0291196273830188,fit_period,model_fit_period
NASDAQ,GARCH,3,0a3562dbd0248afa,p=2 q=1,"{""p"": 2, ""q"": 1}",level,2022-08-30,2022-08-31,11883.1396484375,11816.2001953125,11816.2001953125,11871.20991855655,11816.2001953125,11871.20991855655,0.0077401250600814,55.00972324404938,0.46554494960124154,0.46554494960124154,fit_period,model_fit_period
NASDAQ,GARCH,3,0a3562dbd0248afa,p=2 q=1,"{""p"": 2, ""q"": 1}",level,2022-08-31,2022-09-01,11816.2001953125,11785.1298828125,11785.1298828125,11802.2806652299,11785.1298828125,11802.2806652299,0.0077401250600814,17.150782417400478,0.14552900636600768,0.14552900636600768,fit_period,model_fit_period
NASDAQ,GARCH,3,0a3562dbd0248afa,p=2 q=1,"{""p"": 2, ""q"": 1}",level,2022-09-01,2022-09-02,11785.1298828125,11630.8603515625,11630.8603515625,11770.154404260587,11630.8603515625,11770.154404260587,0.0077401250600814,139.2940526980874,1.1976246682333738,1.1976246682333738,fit_period,model_fit_period
NASDAQ,GARCH,3,0a3562dbd0248afa,p=2 q=1,"{""p"": 2, ""q"": 1}",level,2022-09-02,2022-09-06,11630.8603515625,11544.91015625,11544.91015625,11619.51172395245,11544.91015625,11619.51172395245,0.0077401250600814,74.60156770244976,0.646185779644748,0.646185779644748,fit_period,model_fit_period
NASDAQ,GARCH,3,0a3562dbd0248afa,p=2 q=1,"{""p"": 2, ""q"": 1}",level,2022-09-06,2022-09-07,11544.91015625,11791.900390625,11791.900390625,11531.55028173103,11791.900390625,11531.55028173103,0.0077401250600814,-260.3501088939702,-2.2078723553411135,2.2078723553411135,fit_period,model_fit_period
NASDAQ,GARCH,3,0a3562dbd0248afa,p=2 q=1,"{""p"": 2, ""q"": 1}",level,2022-09-07,2022-09-08,11791.900390625,11862.1298828125,11862.1298828125,11768.739112142204,11862.1298828125,11768.739112142204,0.0077401250600814,-93.39077067029575,-0.7873018723695924,0.7873018723695924,fit_period,model_fit_period
NASDAQ,GARCH,3,0a3562dbd0248afa,p=2 q=1,"{""p"": 2, ""q"": 1}",level,2022-09-08,2022-09-09,11862.1298828125,12112.3095703125,12112.3095703125,11844.17224823907,12112.3095703125,11844.17224823907,0.0077401250600814,-268.13732207342946,-2.2137588254071634,2.2137588254071634,fit_period,model_fit_period
NASDAQ,GARCH,3,0a3562dbd0248afa,p=2 q=1,"{""p"": 2, ""q"": 1}",level,2022-09-09,2022-09-12,12112.3095703125,12266.41015625,12266.41015625,12089.05439780028,12266.41015625,12089.05439780028,0.0077401250600814,-177.35575844971936,-1.4458652221029213,1.4458652221029213,fit_period,model_fit_period
NASDAQ,GARCH,3,0a3562dbd0248afa,p=2 q=1,"{""p"": 2, ""q"": 1}",level,2022-09-12,2022-09-13,12266.41015625,11633.5703125,11633.5703125,12245.983447940158,11633.5703125,12245.983447940158,0.0077401250600814,612.4131354401579,5.264189057955272,5.264189057955272,fit_period,model_fit_period
NASDAQ,GARCH,3,0a3562dbd0248afa,p=2 q=1,"{""p"": 2, ""q"": 1}",level,2022-09-13,2022-09-14,11633.5703125,11719.6796875,11719.6796875,11636.31027413791,11719.6796875,11636.31027413791,0.0077401250600814,-83.3694133620902,-0.711362559260135,0.711362559260135,fit_period,model_fit_period
NASDAQ,GARCH,3,0a3562dbd0248afa,p=2 q=1,"{""p"": 2, ""q"": 1}",level,2022-09-14,2022-09-15,11719.6796875,11552.3603515625,11552.3603515625,11701.254566456126,11552.3603515625,11701.254566456126,0.0077401250600814,148.89421489362576,1.2888640101456605,1.2888640101456605,fit_period,model_fit_period
NASDAQ,GARCH,3,0a3562dbd0248afa,p=2 q=1,"{""p"": 2, ""q"": 1}",level,2022-09-15,2022-09-16,11552.3603515625,11448.400390625,11448.400390625,11541.39589600242,11448.400390625,11541.39589600242,0.0077401250600814,92.99550537741925,0.8123013015300591,0.8123013015300591,fit_period,model_fit_period
NASDAQ,GARCH,3,0a3562dbd0248afa,p=2 q=1,"{""p"": 2, ""q"": 1}",level,2022-09-16,2022-09-19,11448.400390625,11535.01953125,11535.01953125,11435.570704008864,11535.01953125,11435.570704008864,0.0077401250600814,-99.44882724113631,-0.8621470208326512,0.8621470208326512,fit_period,model_fit_period
NASDAQ,GARCH,3,0a3562dbd0248afa,p=2 q=1,"{""p"": 2, ""q"": 1}",level,2022-09-19,2022-09-20,11535.01953125,11425.0498046875,11425.0498046875,11516.57940326082,11425.0498046875,11516.57940326082,0.0077401250600814,91.52959857331916,0.8011308496507924,0.8011308496507924,fit_period,model_fit_period
NASDAQ,GARCH,3,0a3562dbd0248afa,p=2 q=1,"{""p"": 2, ""q"": 1}",level,2022-09-20,2022-09-21,11425.0498046875,11220.1904296875,11220.1904296875,11412.39703903189,11220.1904296875,11412.39703903189,0.0077401250600814,192.20660934439002,1.7130423101895897,1.7130423101895897,fit_period,model_fit_period
NASDAQ,GARCH,3,0a3562dbd0248afa,p=2 q=1,"{""p"": 2, ""q"": 1}",level,2022-09-21,2022-09-22,11220.1904296875,11066.8095703125,11066.8095703125,11210.331112028562,11066.8095703125,11210.331112028562,0.0077401250600814,143.52154171606162,1.2968646546613427,1.2968646546613427,fit_period,model_fit_period
NASDAQ,GARCH,3,0a3562dbd0248afa,p=2 q=1,"{""p"": 2, ""q"": 1}",level,2022-09-22,2022-09-23,11066.8095703125,10867.9296875,10867.9296875,11055.434781169452,10867.9296875,11055.434781169452,0.0077401250600814,187.50509366945153,1.7253064664663302,1.7253064664663302,fit_period,model_fit_period
NASDAQ,GARCH,3,0a3562dbd0248afa,p=2 q=1,"{""p"": 2, ""q"": 1}",level,2022-09-23,2022-09-26,10867.9296875,10802.919921875,10802.919921875,10857.894340097591,10802.919921875,10857.894340097591,0.0077401250600814,54.97441822259134,0.5088848072572748,0.5088848072572748,fit_period,model_fit_period
NASDAQ,GARCH,3,0a3562dbd0248afa,p=2 q=1,"{""p"": 2, ""q"": 1}",level,2022-09-26,2022-09-27,10802.919921875,10829.5,10829.5,10788.943583892173,10829.5,10788.943583892173,0.0077401250600814,-40.55641610782732,-0.37449943310242684,0.37449943310242684,fit_period,model_fit_period
NASDAQ,GARCH,3,0a3562dbd0248afa,p=2 q=1,"{""p"": 2, ""q"": 1}",level,2022-09-27,2022-09-28,10829.5,11051.6396484375,11051.6396484375,10812.827356679849,11051.6396484375,10812.827356679849,0.0077401250600814,-238.8122917576511,-2.16087656994331,2.16087656994331,fit_period,model_fit_period
NASDAQ,GARCH,3,0a3562dbd0248afa,p=2 q=1,"{""p"": 2, ""q"": 1}",level,2022-09-28,2022-09-29,11051.6396484375,10737.509765625,10737.509765625,11029.20994416376,10737.509765625,11029.20994416376,0.0077401250600814,291.70017853876016,2.71664645626314,2.71664645626314,fit_period,model_fit_period
NASDAQ,GARCH,3,0a3562dbd0248afa,p=2 q=1,"{""p"": 2, ""q"": 1}",level,2022-09-29,2022-09-30,10737.509765625,10575.6201171875,10575.6201171875,10730.867252814329,10575.6201171875,10730.867252814329,0.0077401250600814,155.24713562682882,1.467971938350179,1.467971938350179,fit_period,model_fit_period
NASDAQ,GARCH,3,0a3562dbd0248afa,p=2 q=1,"{""p"": 2, ""q"": 1}",level,2022-09-30,2022-10-03,10575.6201171875,10815.4296875,10815.4296875,10564.495817535688,10815.4296875,10564.495817535688,0.0077401250600814,-250.93386996431218,-2.320147023417207,2.320147023417207,fit_period,model_fit_period
NASDAQ,GARCH,3,0a3562dbd0248afa,p=2 q=1,"{""p"": 2, ""q"": 1}",level,2022-10-03,2022-10-04,10815.4296875,11176.41015625,11176.41015625,10792.47979995363,11176.41015625,10792.47979995363,0.0077401250600814,-383.9303562963705,-3.435184920103093,3.435184920103093,fit_period,model_fit_period
NASDAQ,GARCH,3,0a3562dbd0248afa,p=2 q=1,"{""p"": 2, ""q"": 1}",level,2022-10-04,2022-10-05,11176.41015625,11148.6396484375,11148.6396484375,11149.893129304666,11148.6396484375,11149.893129304666,0.0077401250600814,1.2534808671662176,0.011243352612458821,0.011243352612458821,fit_period,model_fit_period
NASDAQ,GARCH,3,0a3562dbd0248afa,p=2 q=1,"{""p"": 2, ""q"": 1}",level,2022-10-05,2022-10-06,11148.6396484375,11073.3095703125,11073.3095703125,11133.56702722624,11073.3095703125,11133.56702722624,0.0077401250600814,60.25745691373959,0.5441684487471532,0.5441684487471532,fit_period,model_fit_period
NASDAQ,GARCH,3,0a3562dbd0248afa,p=2 q=1,"{""p"": 2, ""q"": 1}",level,2022-10-06,2022-10-07,11073.3095703125,10652.400390625,10652.400390625,11059.637051099717,10652.400390625,11059.637051099717,0.0077401250600814,407.2366604747167,3.822956756611579,3.822956756611579,fit_period,model_fit_period
NASDAQ,GARCH,3,0a3562dbd0248afa,p=2 q=1,"{""p"": 2, ""q"": 1}",level,2022-10-07,2022-10-10,10652.400390625,10542.099609375,10542.099609375,10648.901344123382,10542.099609375,10648.901344123382,0.0077401250600814,106.80173474838193,1.0130973781864483,1.0130973781864483,fit_period,model_fit_period
NASDAQ,GARCH,3,0a3562dbd0248afa,p=2 q=1,"{""p"": 2, ""q"": 1}",level,2022-10-10,2022-10-11,10542.099609375,10426.1904296875,10426.1904296875,10529.456589609155,10426.1904296875,10529.456589609155,0.0077401250600814,103.26615992165534,0.9904495857625584,0.9904495857625584,fit_period,model_fit_period
NASDAQ,GARCH,3,0a3562dbd0248afa,p=2 q=1,"{""p"": 2, ""q"": 1}",level,2022-10-11,2022-10-12,10426.1904296875,10417.099609375,10417.099609375,10413.712515068926,10417.099609375,10413.712515068926,0.0077401250600814,-3.3870943060737773,-0.03251475394384747,0.03251475394384747,fit_period,model_fit_period
NASDAQ,GARCH,3,0a3562dbd0248afa,p=2 q=1,"{""p"": 2, ""q"": 1}",level,2022-10-12,2022-10-13,10417.099609375,10649.150390625,10649.150390625,10401.477078489876,10649.150390625,10401.477078489876,0.0077401250600814,-247.67331213512443,-2.3257565444203334,2.3257565444203334,fit_period,model_fit_period
NASDAQ,GARCH,3,0a3562dbd0248afa,p=2 q=1,"{""p"": 2, ""q"": 1}",level,2022-10-13,2022-10-14,10649.150390625,10321.3896484375,10321.3896484375,10626.428913385971,10321.3896484375,10626.428913385971,0.0077401250600814,305.0392649484711,2.955408867784091,2.955408867784091,fit_period,model_fit_period
NASDAQ,GARCH,3,0a3562dbd0248afa,p=2 q=1,"{""p"": 2, ""q"": 1}",level,2022-10-14,2022-10-17,10321.3896484375,10675.7998046875,10675.7998046875,10315.148413294528,10675.7998046875,10315.148413294528,0.0077401250600814,-360.6513913929721,-3.3782142602057625,3.3782142602057625,fit_period,model_fit_period
NASDAQ,GARCH,3,0a3562dbd0248afa,p=2 q=1,"{""p"": 2, ""q"": 1}",level,2022-10-17,2022-10-18,10675.7998046875,10772.400390625,10772.400390625,10649.47620059274,10772.400390625,10649.47620059274,0.0077401250600814,-122.9241900322595,-1.1411030557241255,1.1411030557241255,fit_period,model_fit_period
NASDAQ,GARCH,3,0a3562dbd0248afa,p=2 q=1,"{""p"": 2, ""q"": 1}",level,2022-10-18,2022-10-19,10772.400390625,10680.509765625,10680.509765625,10753.666419747044,10680.509765625,10753.666419747044,0.0077401250600814,73.15665412204362,0.6849547046667829,0.6849547046667829,fit_period,model_fit_period
NASDAQ,GARCH,3,0a3562dbd0248afa,p=2 q=1,"{""p"": 2, ""q"": 1}",level,2022-10-19,2022-10-20,10680.509765625,10614.83984375,10614.83984375,10667.324770892004,10614.83984375,10667.324770892004,0.0077401250600814,52.48492714200438,0.49444860134095586,0.49444860134095586,fit_period,model_fit_period
NASDAQ,GARCH,3,0a3562dbd0248afa,p=2 q=1,"{""p"": 2, ""q"": 1}",level,2022-10-20,2022-10-21,10614.83984375,10859.7197265625,10859.7197265625,10600.88294004883,10859.7197265625,10600.88294004883,0.0077401250600814,-258.8367865136697,-2.383457336201448,2.383457336201448,fit_period,model_fit_period
NASDAQ,GARCH,3,0a3562dbd0248afa,p=2 q=1,"{""p"": 2, ""q"": 1}",level,2022-10-21,2022-10-24,10859.7197265625,10952.6103515625,10952.6103515625,10836.620574533345,10952.6103515625,10836.620574533345,0.0077401250600814,-115.98977702915545,-1.0590149133955846,1.0590149133955846,fit_period,model_fit_period
NASDAQ,GARCH,3,0a3562dbd0248afa,p=2 q=1,"{""p"": 2, ""q"": 1}",level,2022-10-24,2022-10-25,10952.6103515625,11199.1201171875,11199.1201171875,10933.98559789758,11199.1201171875,10933.98559789758,0.0077401250600814,-265.1345192899207,-2.3674584834840178,2.3674584834840178,fit_period,model_fit_period
NASDAQ,GARCH,3,0a3562dbd0248afa,p=2 q=1,"{""p"": 2, ""q"": 1}",level,2022-10-25,2022-10-26,11199.1201171875,10970.990234375,10970.990234375,11175.972983181888,10970.990234375,11175.972983181888,0.0077401250600814,204.98274880688768,1.8684069936059444,1.8684069936059444,fit_period,model_fit_period
NASDAQ,GARCH,3,0a3562dbd0248afa,p=2 q=1,"{""p"": 2, ""q"": 1}",level,2022-10-26,2022-10-27,10970.990234375,10792.669921875,10792.669921875,10961.815975144464,10792.669921875,10961.815975144464,0.0077401250600814,169.14605326946366,1.5672308566264213,1.5672308566264213,fit_period,model_fit_period
NASDAQ,GARCH,3,0a3562dbd0248afa,p=2 q=1,"{""p"": 2, ""q"": 1}",level,2022-10-27,2022-10-28,10792.669921875,11102.4501953125,11102.4501953125,10782.029323094306,11102.4501953125,10782.029323094306,0.0077401250600814,-320.42087221819384,-2.8860374654369254,2.8860374654369254,fit_period,model_fit_period
NASDAQ,GARCH,3,0a3562dbd0248afa,p=2 q=1,"{""p"": 2, ""q"": 1}",level,2022-10-28,2022-10-31,11102.4501953125,10988.150390625,10988.150390625,11077.440446404127,10988.150390625,11077.440446404127,0.0077401250600814,89.29005577912721,0.8126031461610569,0.8126031461610569,fit_period,model_fit_period
NASDAQ,GARCH,3,0a3562dbd0248afa,p=2 q=1,"{""p"": 2, ""q"": 1}",level,2022-10-31,2022-11-01,10988.150390625,10890.849609375,10890.849609375,10975.625097757656,10890.849609375,10975.625097757656,0.0077401250600814,84.77548838265648,0.7784102381661805,0.7784102381661805,fit_period,model_fit_period
NASDAQ,GARCH,3,0a3562dbd0248afa,p=2 q=1,"{""p"": 2, ""q"": 1}",level,2022-11-01,2022-11-02,10890.849609375,10524.7998046875,10524.7998046875,10877.82388375499,10524.7998046875,10877.82388375499,0.0077401250600814,353.0240790674907,3.354211819879576,3.354211819879576,fit_period,model_fit_period
NASDAQ,GARCH,3,0a3562dbd0248afa,p=2 q=1,"{""p"": 2, ""q"": 1}",level,2022-11-02,2022-11-03,10524.7998046875,10342.9404296875,10342.9404296875,10519.685757880625,10342.9404296875,10519.685757880625,0.0077401250600814,176.7453281931248,1.7088499097008234,1.7088499097008234,fit_period,model_fit_period
NASDAQ,GARCH,3,0a3562dbd0248afa,p=2 q=1,"{""p"": 2, ""q"": 1}",level,2022-11-03,2022-11-04,10342.9404296875,10475.25,10475.25,10332.404017055807,10475.25,10332.404017055807,0.0077401250600814,-142.84598294419266,-1.3636522559766369,1.3636522559766369,fit_period,model_fit_period
NASDAQ,GARCH,3,0a3562dbd0248afa,p=2 q=1,"{""p"": 2, ""q"": 1}",level,2022-11-04,2022-11-07,10475.25,10564.51953125,10564.51953125,10455.464795478458,10564.51953125,10455.464795478458,0.0077401250600814,-109.05473577154225,-1.0322735023486567,1.0322735023486567,fit_period,model_fit_period
NASDAQ,GARCH,3,0a3562dbd0248afa,p=2 q=1,"{""p"": 2, ""q"": 1}",level,2022-11-07,2022-11-08,10564.51953125,10616.2001953125,10616.2001953125,10546.001378644822,10616.2001953125,10546.001378644822,0.0077401250600814,-70.19881666767833,-0.6612423972437338,0.6612423972437338,fit_period,model_fit_period
NASDAQ,GARCH,3,0a3562dbd0248afa,p=2 q=1,"{""p"": 2, ""q"": 1}",level,2022-11-08,2022-11-09,10616.2001953125,10353.169921875,10353.169921875,10598.788618055329,10353.169921875,10598.788618055329,0.0077401250600814,245.6186961803287,2.3724008978290407,2.3724008978290407,fit_period,model_fit_period
NASDAQ,GARCH,3,0a3562dbd0248afa,p=2 q=1,"{""p"": 2, ""q"": 1}",level,2022-11-09,2022-11-10,10353.169921875,11114.150390625,11114.150390625,10345.023092167914,11114.150390625,10345.023092167914,0.0077401250600814,-769.127298457086,-6.920252753695502,6.920252753695502,fit_period,model_fit_period
NASDAQ,GARCH,3,0a3562dbd0248afa,p=2 q=1,"{""p"": 2, ""q"": 1}",level,2022-11-10,2022-11-11,11114.150390625,11323.330078125,11323.330078125,11075.857798936118,11323.330078125,11075.857798936118,0.0077401250600814,-247.47227918888166,-2.1855079511190927,2.1855079511190927,fit_period,model_fit_period
NASDAQ,GARCH,3,0a3562dbd0248afa,p=2 q=1,"{""p"": 2, ""q"": 1}",level,2022-11-11,2022-11-14,11323.330078125,11196.2197265625,11196.2197265625,11301.281900998994,11196.2197265625,11301.281900998994,0.0077401250600814,105.06217443649439,0.9383718523068939,0.9383718523068939,fit_period,model_fit_period
NASDAQ,GARCH,3,0a3562dbd0248afa,p=2 q=1,"{""p"": 2, ""q"": 1}",level,2022-11-14,2022-11-15,11196.2197265625,11358.41015625,11358.41015625,11184.07156225547,11358.41015625,11184.07156225547,0.0077401250600814,-174.33859399452922,-1.5348855306004148,1.5348855306004148,fit_period,model_fit_period
NASDAQ,GARCH,3,0a3562dbd0248afa,p=2 q=1,"{""p"": 2, ""q"": 1}",level,2022-11-15,2022-11-16,11358.41015625,11183.66015625,11183.66015625,11337.74529174305,11183.66015625,11337.74529174305,0.0077401250600814,154.08513549304917,1.3777701874009336,1.3777701874009336,fit_period,model_fit_period
NASDAQ,GARCH,3,0a3562dbd0248afa,p=2 q=1,"{""p"": 2, ""q"": 1}",level,2022-11-16,2022-11-17,11183.66015625,11144.9599609375,11144.9599609375,11172.91445135431,11144.9599609375,11172.91445135431,0.0077401250600814,27.954490416810586,0.25082629740070495,0.25082629740070495,fit_period,model_fit_period
NASDAQ,GARCH,3,0a3562dbd0248afa,p=2 q=1,"{""p"": 2, ""q"": 1}",level,2022-11-17,2022-11-18,11144.9599609375,11146.0595703125,11146.0595703125,11130.209097833198,11146.0595703125,11130.209097833198,0.0077401250600814,-15.85047247930197,-0.14220696004101452,0.14220696004101452,fit_period,model_fit_period
NASDAQ,GARCH,3,0a3562dbd0248afa,p=2 q=1,"{""p"": 2, ""q"": 1}",level,2022-11-18,2022-11-21,11146.0595703125,11024.509765625,11024.509765625,11130.137044266005,11024.509765625,11130.137044266005,0.0077401250600814,105.62727864100452,0.958113157741997,0.958113157741997,fit_period,model_fit_period
NASDAQ,GARCH,3,0a3562dbd0248afa,p=2 q=1,"{""p"": 2, ""q"": 1}",level,2022-11-21,2022-11-22,11024.509765625,11174.41015625,11174.41015625,11012.19790486863,11174.41015625,11012.19790486863,0.0077401250600814,-162.21225138137015,-1.451640391870193,1.451640391870193,fit_period,model_fit_period
NASDAQ,GARCH,3,0a3562dbd0248afa,p=2 q=1,"{""p"": 2, ""q"": 1}",level,2022-11-22,2022-11-23,11174.41015625,11285.3203125,11285.3203125,11154.107097119751,11285.3203125,11154.107097119751,0.0077401250600814,-131.21321538024858,-1.1626893322195953,1.1626893322195953,fit_period,model_fit_period
NASDAQ,GARCH,3,0a3562dbd0248afa,p=2 q=1,"{""p"": 2, ""q"": 1}",level,2022-11-23,2022-11-25,11285.3203125,11226.3603515625,11226.3603515625,11266.165083442876,11226.3603515625,11266.165083442876,0.0077401250600814,39.804731880376494,0.3545648868721412,0.3545648868721412,fit_period,model_fit_period
NASDAQ,GARCH,3,0a3562dbd0248afa,p=2 q=1,"{""p"": 2, ""q"": 1}",level,2022-11-25,2022-11-28,11226.3603515625,11049.5,11049.5,11212.205913912714,11049.5,11212.205913912714,0.0077401250600814,162.7059139127141,1.4725183394064356,1.4725183394064356,fit_period,model_fit_period
NASDAQ,GARCH,3,0a3562dbd0248afa,p=2 q=1,"{""p"": 2, ""q"": 1}",level,2022-11-28,2022-11-29,11049.5,10983.7802734375,10983.7802734375,11038.816421557947,10983.7802734375,11038.816421557947,0.0077401250600814,55.03614812044725,0.5010674535573448,0.5010674535573448,fit_period,model_fit_period
NASDAQ,GARCH,3,0a3562dbd0248afa,p=2 q=1,"{""p"": 2, ""q"": 1}",level,2022-11-29,2022-11-30,10983.7802734375,11468.0,11468.0,10969.824835932135,11468.0,10969.824835932135,0.0077401250600814,-498.1751640678649,-4.344045727832794,4.344045727832794,fit_period,model_fit_period
NASDAQ,GARCH,3,0a3562dbd0248afa,p=2 q=1,"{""p"": 2, ""q"": 1}",level,2022-11-30,2022-12-01,11468.0,11482.4501953125,11482.4501953125,11437.854943406372,11482.4501953125,11437.854943406372,0.0077401250600814,-44.5952519061284,-0.3883774904099614,0.3883774904099614,fit_period,model_fit_period
NASDAQ,GARCH,3,0a3562dbd0248afa,p=2 q=1,"{""p"": 2, ""q"": 1}",level,2022-12-01,2022-12-02,11482.4501953125,11461.5,11461.5,11466.134642543324,11461.5,11466.134642543324,0.0077401250600814,4.634642543323935,0.040436614259249964,0.040436614259249964,fit_period,model_fit_period
NASDAQ,GARCH,3,0a3562dbd0248afa,p=2 q=1,"{""p"": 2, ""q"": 1}",level,2022-12-02,2022-12-05,11461.5,11239.9404296875,11239.9404296875,11446.226596210205,11239.9404296875,11446.226596210205,0.0077401250600814,206.28616652270466,1.835295905820383,1.835295905820383,fit_period,model_fit_period
NASDAQ,GARCH,3,0a3562dbd0248afa,p=2 q=1,"{""p"": 2, ""q"": 1}",level,2022-12-05,2022-12-06,11239.9404296875,11014.8896484375,11014.8896484375,11230.572747606391,11014.8896484375,11230.572747606391,0.0077401250600814,215.6830991688912,1.9581049475106325,1.9581049475106325,fit_period,model_fit_period
NASDAQ,GARCH,3,0a3562dbd0248afa,p=2 q=1,"{""p"": 2, ""q"": 1}",level,2022-12-06,2022-12-07,11014.8896484375,10958.5498046875,10958.5498046875,11005.62474380746,10958.5498046875,11005.62474380746,0.0077401250600814,47.07493911996062,0.4295727076937169,0.4295727076937169,fit_period,model_fit_period
NASDAQ,GARCH,3,0a3562dbd0248afa,p=2 q=1,"{""p"": 2, ""q"": 1}",level,2022-12-07,2022-12-08,10958.5498046875,11082.0,11082.0,10944.31823363877,11082.0,10944.31823363877,0.0077401250600814,-137.68176636122917,-1.242390961570377,1.242390961570377,fit_period,model_fit_period
NASDAQ,GARCH,3,0a3562dbd0248afa,p=2 q=1,"{""p"": 2, ""q"": 1}",level,2022-12-08,2022-12-09,11082.0,11004.6201171875,11004.6201171875,11062.475605838208,11004.6201171875,11062.475605838208,0.0077401250600814,57.85548865070814,0.5257381721005243,0.5257381721005243,fit_period,model_fit_period
NASDAQ,GARCH,3,0a3562dbd0248afa,p=2 q=1,"{""p"": 2, ""q"": 1}",level,2022-12-09,2022-12-12,11004.6201171875,11143.740234375,11143.740234375,10991.00794199424,11143.740234375,10991.00794199424,0.0077401250600814,-152.73229238076055,-1.3705657989911553,1.3705657989911553,fit_period,model_fit_period
NASDAQ,GARCH,3,0a3562dbd0248afa,p=2 q=1,"{""p"": 2, ""q"": 1}",level,2022-12-12,2022-12-13,11143.740234375,11256.8095703125,11256.8095703125,11123.754534764294,11256.8095703125,11123.754534764294,0.0077401250600814,-133.05503554820643,-1.1819959706799295,1.1819959706799295,fit_period,model_fit_period
NASDAQ,GARCH,3,0a3562dbd0248afa,p=2 q=1,"{""p"": 2, ""q"": 1}",level,2022-12-13,2022-12-14,11256.8095703125,11170.8896484375,11170.8896484375,11237.590777354868,11170.8896484375,11237.590777354868,0.0077401250600814,66.7011289173679,0.5970977336321422,0.5970977336321422,fit_period,model_fit_period
NASDAQ,GARCH,3,0a3562dbd0248afa,p=2 q=1,"{""p"": 2, ""q"": 1}",level,2022-12-14,2022-12-15,11170.8896484375,10810.5302734375,10810.5302734375,11157.528882701472,10810.5302734375,11157.528882701472,0.0077401250600814,346.99860926397196,3.2098204295915114,3.2098204295915114,fit_period,model_fit_period
NASDAQ,GARCH,3,0a3562dbd0248afa,p=2 q=1,"{""p"": 2, ""q"": 1}",level,2022-12-15,2022-12-16,10810.5302734375,10705.41015625,10705.41015625,10805.248706572616,10705.41015625,10805.248706572616,0.0077401250600814,99.83855032261636,0.9325990211064349,0.9325990211064349,fit_period,model_fit_period
NASDAQ,GARCH,3,0a3562dbd0248afa,p=2 q=1,"{""p"": 2, ""q"": 1}",level,2022-12-16,2022-12-19,10705.41015625,10546.0302734375,10546.0302734375,10692.61462337145,10546.0302734375,10692.61462337145,0.0077401250600814,146.58434993394985,1.3899481239225608,1.3899481239225608,fit_period,model_fit_period
NASDAQ,GARCH,3,0a3562dbd0248afa,p=2 q=1,"{""p"": 2, ""q"": 1}",level,2022-12-19,2022-12-20,10546.0302734375,10547.1103515625,10547.1103515625,10534.832089016669,10547.1103515625,10534.832089016669,0.0077401250600814,-12.27826254583124,-0.11641352120689889,0.11641352120689889,fit_period,model_fit_period
NASDAQ,GARCH,3,0a3562dbd0248afa,p=2 q=1,"{""p"": 2, ""q"": 1}",level,2022-12-20,2022-12-21,10547.1103515625,10709.3701171875,10709.3701171875,10531.18840049475,10709.3701171875,10531.18840049475,0.0077401250600814,-178.18171669275034,-1.6637926856854632,1.6637926856854632,fit_period,model_fit_period
NASDAQ,GARCH,3,0a3562dbd0248afa,p=2 q=1,"{""p"": 2, ""q"": 1}",level,2022-12-21,2022-12-22,10709.3701171875,10476.1201171875,10476.1201171875,10688.703211505996,10476.1201171875,10688.703211505996,0.0077401250600814,212.58309431849557,2.0292158923390358,2.0292158923390358,fit_period,model_fit_period
NASDAQ,GARCH,3,0a3562dbd0248afa,p=2 q=1,"{""p"": 2, ""q"": 1}",level,2022-12-22,2022-12-23,10476.1201171875,10497.8603515625,10497.8603515625,10467.096588635552,10497.8603515625,10467.096588635552,0.0077401250600814,-30.763762926948402,-0.29304793450000055,0.29304793450000055,fit_period,model_fit_period
NASDAQ,GARCH,3,0a3562dbd0248afa,p=2 q=1,"{""p"": 2, ""q"": 1}",level,2022-12-23,2022-12-27,10497.8603515625,10353.23046875,10353.23046875,10481.330187975916,10353.23046875,10481.330187975916,0.0077401250600814,128.0997192259165,1.2372922597692606,1.2372922597692606,fit_period,model_fit_period
NASDAQ,GARCH,3,0a3562dbd0248afa,p=2 q=1,"{""p"": 2, ""q"": 1}",level,2022-12-27,2022-12-28,10353.23046875,10213.2900390625,10213.2900390625,10341.598060379249,10213.2900390625,10341.598060379249,0.0077401250600814,128.30802131674864,1.256284907468723,1.256284907468723,fit_period,model_fit_period
NASDAQ,GARCH,3,0a3562dbd0248afa,p=2 q=1,"{""p"": 2, ""q"": 1}",level,2022-12-28,2022-12-29,10213.2900390625,10478.08984375,10478.08984375,10201.519578294536,10478.08984375,10201.519578294536,0.0077401250600814,-276.5702654554643,-2.63951034568036,2.63951034568036,fit_period,model_fit_period
NASDAQ,GARCH,3,0a3562dbd0248afa,p=2 q=1,"{""p"": 2, ""q"": 1}",level,2022-12-29,2022-12-30,10478.08984375,10466.48046875,10466.48046875,10454.40427089653,10466.48046875,10454.40427089653,0.0077401250600814,-12.076197853470148,-0.1153797390586675,0.1153797390586675,fit_period,model_fit_period
NASDAQ,GARCH,3,0a3562dbd0248afa,p=2 q=1,"{""p"": 2, ""q"": 1}",level,2022-12-30,2023-01-03,10466.48046875,10386.98046875,10386.98046875,10450.932081374334,10386.98046875,10450.932081374334,0.0077401250600814,63.9516126243343,0.6156901210774148,0.6156901210774148,pure_test,held_out_pure_test
NASDAQ,GARCH,3,0a3562dbd0248afa,p=2 q=1,"{""p"": 2, ""q"": 1}",level,2023-01-03,2023-01-04,10386.98046875,10458.759765625,10458.759765625,10373.430707499752,10458.759765625,10373.430707499752,0.0077401250600814,-85.32905812524768,-0.8158621102064155,0.8158621102064155,pure_test,held_out_pure_test
NASDAQ,GARCH,3,0a3562dbd0248afa,p=2 q=1,"{""p"": 2, ""q"": 1}",level,2023-01-04,2023-01-05,10458.759765625,10305.240234375,10305.240234375,10440.756506487978,10305.240234375,10440.756506487978,0.0077401250600814,135.51627211297819,1.3150229303819532,1.3150229303819532,pure_test,held_out_pure_test
NASDAQ,GARCH,3,0a3562dbd0248afa,p=2 q=1,"{""p"": 2, ""q"": 1}",level,2023-01-05,2023-01-06,10305.240234375,10569.2900390625,10569.2900390625,10293.869527581057,10569.2900390625,10293.869527581057,0.0077401250600814,-275.4205114814431,-2.6058563107222006,2.6058563107222006,pure_test,held_out_pure_test
NASDAQ,GARCH,3,0a3562dbd0248afa,p=2 q=1,"{""p"": 2, ""q"": 1}",level,2023-01-06,2023-01-09,10569.2900390625,10635.650390625,10635.650390625,10545.626545392925,10635.650390625,10545.626545392925,0.0077401250600814,-90.02384523207547,-0.8464347917211413,0.8464347917211413,pure_test,held_out_pure_test
NASDAQ,GARCH,3,0a3562dbd0248afa,p=2 q=1,"{""p"": 2, ""q"": 1}",level,2023-01-09,2023-01-10,10635.650390625,10742.6298828125,10742.6298828125,10617.8066593414,10742.6298828125,10617.8066593414,0.0077401250600814,-124.82322347109948,-1.161942883937651,1.161942883937651,pure_test,held_out_pure_test
NASDAQ,GARCH,3,0a3562dbd0248afa,p=2 q=1,"{""p"": 2, ""q"": 1}",level,2023-01-10,2023-01-11,10742.6298828125,10931.669921875,10931.669921875,10723.590368228255,10931.669921875,10723.590368228255,0.0077401250600814,-208.0795536467449,-1.9034562435000333,1.9034562435000333,pure_test,held_out_pure_test
NASDAQ,GARCH,3,0a3562dbd0248afa,p=2 q=1,"{""p"": 2, ""q"": 1}",level,2023-01-11,2023-01-12,10931.669921875,11001.099609375,11001.099609375,10910.214634084214,11001.099609375,10910.214634084214,0.0077401250600814,-90.88497529078631,-0.8261444629892749,0.8261444629892749,pure_test,held_out_pure_test
NASDAQ,GARCH,3,0a3562dbd0248afa,p=2 q=1,"{""p"": 2, ""q"": 1}",level,2023-01-12,2023-01-13,11001.099609375,11079.16015625,11079.16015625,10983.16552018127,11079.16015625,10983.16552018127,0.0077401250600814,-95.99463606872996,-0.8664432566630716,0.8664432566630716,pure_test,held_out_pure_test
NASDAQ,GARCH,3,0a3562dbd0248afa,p=2 q=1,"{""p"": 2, ""q"": 1}",level,2023-01-13,2023-01-17,11079.16015625,11095.1103515625,11095.1103515625,11060.971983947864,11095.1103515625,11060.971983947864,0.0077401250600814,-34.13836761463608,-0.3076884008623533,0.3076884008623533,pure_test,held_out_pure_test
NASDAQ,GARCH,3,0a3562dbd0248afa,p=2 q=1,"{""p"": 2, ""q"": 1}",level,2023-01-17,2023-01-18,11095.1103515625,10957.009765625,10957.009765625,11078.750640425536,10957.009765625,11078.750640425536,0.0077401250600814,121.7408748005364,1.1110775421818944,1.1110775421818944,pure_test,held_out_pure_test
NASDAQ,GARCH,3,0a3562dbd0248afa,p=2 q=1,"{""p"": 2, ""q"": 1}",level,2023-01-18,2023-01-19,10957.009765625,10852.26953125,10852.26953125,10945.185141859043,10852.26953125,10945.185141859043,0.0077401250600814,92.91561060904314,0.8561859834155889,0.8561859834155889,pure_test,held_out_pure_test
NASDAQ,GARCH,3,0a3562dbd0248afa,p=2 q=1,"{""p"": 2, ""q"": 1}",level,2023-01-19,2023-01-20,10852.26953125,11140.4296875,11140.4296875,10839.462815034816,11140.4296875,10839.462815034816,0.0077401250600814,-300.96687246518377,-2.7015732867366906,2.7015732867366906,pure_test,held_out_pure_test
NASDAQ,GARCH,3,0a3562dbd0248afa,p=2 q=1,"{""p"": 2, ""q"": 1}",level,2023-01-20,2023-01-23,11140.4296875,11364.41015625,11364.41015625,11116.05641131589,11364.41015625,11116.05641131589,0.0077401250600814,-248.35374493410927,-2.1853641457803596,2.1853641457803596,pure_test,held_out_pure_test
NASDAQ,GARCH,3,0a3562dbd0248afa,p=2 q=1,"{""p"": 2, ""q"": 1}",level,2023-01-23,2023-01-24,11364.41015625,11334.26953125,11334.26953125,11341.926260229331,11334.26953125,11341.926260229331,0.0077401250600814,7.656728979331092,0.06755379301877842,0.06755379301877842,pure_test,held_out_pure_test
NASDAQ,GARCH,3,0a3562dbd0248afa,p=2 q=1,"{""p"": 2, ""q"": 1}",level,2023-01-24,2023-01-25,11334.26953125,11313.3603515625,11313.3603515625,11319.26668370972,11313.3603515625,11319.26668370972,0.0077401250600814,5.9063321472203825,0.052206700429237654,0.052206700429237654,pure_test,held_out_pure_test
NASDAQ,GARCH,3,0a3562dbd0248afa,p=2 q=1,"{""p"": 2, ""q"": 1}",level,2023-01-25,2023-01-26,11313.3603515625,11512.41015625,11512.41015625,11298.085740317334,11512.41015625,11298.085740317334,0.0077401250600814,-214.32441593266594,-1.8616815508115896,1.8616815508115896,pure_test,held_out_pure_test
NASDAQ,GARCH,3,0a3562dbd0248afa,p=2 q=1,"{""p"": 2, ""q"": 1}",level,2023-01-26,2023-01-27,11512.41015625,11621.7099609375,11621.7099609375,11490.660191851252,11621.7099609375,11490.660191851252,0.0077401250600814,-131.0497690862485,-1.1276289765166103,1.1276289765166103,pure_test,held_out_pure_test
NASDAQ,GARCH,3,0a3562dbd0248afa,p=2 q=1,"{""p"": 2, ""q"": 1}",level,2023-01-27,2023-01-30,11621.7099609375,11393.8095703125,11393.8095703125,11602.602138878085,11393.8095703125,11602.602138878085,0.0077401250600814,208.7925685655846,1.832508848573445,1.832508848573445,pure_test,held_out_pure_test
NASDAQ,GARCH,3,0a3562dbd0248afa,p=2 q=1,"{""p"": 2, ""q"": 1}",level,2023-01-30,2023-01-31,11393.8095703125,11584.5498046875,11584.5498046875,11384.628555081685,11584.5498046875,11384.628555081685,0.0077401250600814,-199.92124960581532,-1.72575760799026,1.72575760799026,pure_test,held_out_pure_test
NASDAQ,GARCH,3,0a3562dbd0248afa,p=2 q=1,"{""p"": 2, ""q"": 1}",level,2023-01-31,2023-02-01,11584.5498046875,11816.3203125,11816.3203125,11563.044464996769,11816.3203125,11563.044464996769,0.0077401250600814,-253.2758475032315,-2.143440942738336,2.143440942738336,pure_test,held_out_pure_test
NASDAQ,GARCH,3,0a3562dbd0248afa,p=2 q=1,"{""p"": 2, ""q"": 1}",level,2023-02-01,2023-02-02,11816.3203125,12200.8203125,12200.8203125,11793.607086205997,12200.8203125,11793.607086205997,0.0077401250600814,-407.2132262940031,-3.337588915040446,3.337588915040446,pure_test,held_out_pure_test
NASDAQ,GARCH,3,0a3562dbd0248afa,p=2 q=1,"{""p"": 2, ""q"": 1}",level,2023-02-02,2023-02-03,12200.8203125,12006.9501953125,12006.9501953125,12173.610896147236,12006.9501953125,12173.610896147236,0.0077401250600814,166.66070083473642,1.3880352472836988,1.3880352472836988,pure_test,held_out_pure_test
NASDAQ,GARCH,3,0a3562dbd0248afa,p=2 q=1,"{""p"": 2, ""q"": 1}",level,2023-02-03,2023-02-06,12006.9501953125,11887.4501953125,11887.4501953125,11996.767365861424,11887.4501953125,11996.767365861424,0.0077401250600814,109.31717054892397,0.9196015020279983,0.9196015020279983,pure_test,held_out_pure_test
NASDAQ,GARCH,3,0a3562dbd0248afa,p=2 q=1,"{""p"": 2, ""q"": 1}",level,2023-02-06,2023-02-07,11887.4501953125,12113.7900390625,12113.7900390625,11875.077990536607,12113.7900390625,11875.077990536607,0.0077401250600814,-238.7120485258929,-1.9705810300173165,1.9705810300173165,pure_test,held_out_pure_test
NASDAQ,GARCH,3,0a3562dbd0248afa,p=2 q=1,"{""p"": 2, ""q"": 1}",level,2023-02-07,2023-02-08,12113.7900390625,11910.51953125,11910.51953125,12091.236685609165,11910.51953125,12091.236685609165,0.0077401250600814,180.71715435916485,1.5172902734008507,1.5172902734008507,pure_test,held_out_pure_test
NASDAQ,GARCH,3,0a3562dbd0248afa,p=2 q=1,"{""p"": 2, ""q"": 1}",level,2023-02-08,2023-02-09,11910.51953125,11789.580078125,11789.580078125,11900.613439069972,11789.580078125,11900.613439069972,0.0077401250600814,111.03336094497172,0.9417923302543132,0.9417923302543132,pure_test,held_out_pure_test
NASDAQ,GARCH,3,0a3562dbd0248afa,p=2 q=1,"{""p"": 2, ""q"": 1}",level,2023-02-09,2023-02-10,11789.580078125,11718.1201171875,11718.1201171875,11777.25024928278,11718.1201171875,11777.25024928278,0.0077401250600814,59.130132095280715,0.504604249691483,0.504604249691483,pure_test,held_out_pure_test
NASDAQ,GARCH,3,0a3562dbd0248afa,p=2 q=1,"{""p"": 2, ""q"": 1}",level,2023-02-10,2023-02-13,11718.1201171875,11891.7900390625,11891.7900390625,11704.33366593595,11891.7900390625,11704.33366593595,0.0077401250600814,-187.4563731265498,-1.5763511843951805,1.5763511843951805,pure_test,held_out_pure_test
NASDAQ,GARCH,3,0a3562dbd0248afa,p=2 q=1,"{""p"": 2, ""q"": 1}",level,2023-02-13,2023-02-14,11891.7900390625,11960.150390625,11960.150390625,11870.787230796856,11960.150390625,11870.787230796856,0.0077401250600814,-89.36315982814449,-0.7471742152857215,0.7471742152857215,pure_test,held_out_pure_test
NASDAQ,GARCH,3,0a3562dbd0248afa,p=2 q=1,"{""p"": 2, ""q"": 1}",level,2023-02-14,2023-02-15,11960.150390625,12070.58984375,12070.58984375,11942.247781517684,12070.58984375,11942.247781517684,0.0077401250600814,-128.34206223231558,-1.0632625571215932,1.0632625571215932,pure_test,held_out_pure_test
NASDAQ,GARCH,3,0a3562dbd0248afa,p=2 q=1,"{""p"": 2, ""q"": 1}",level,2023-02-15,2023-02-16,12070.58984375,11855.830078125,11855.830078125,12051.448471680684,11855.830078125,12051.448471680684,0.0077401250600814,195.61839355568372,1.649976359872229,1.649976359872229,pure_test,held_out_pure_test
NASDAQ,GARCH,3,0a3562dbd0248afa,p=2 q=1,"{""p"": 2, ""q"": 1}",level,2023-02-16,2023-02-17,11855.830078125,11787.26953125,11787.26953125,11846.262217193038,11787.26953125,11846.262217193038,0.0077401250600814,58.99268594303794,0.5004779587557456,0.5004779587557456,pure_test,held_out_pure_test
NASDAQ,GARCH,3,0a3562dbd0248afa,p=2 q=1,"{""p"": 2, ""q"": 1}",level,2023-02-17,2023-02-21,11787.26953125,11492.2998046875,11492.2998046875,11773.39772440342,11492.2998046875,11773.39772440342,0.0077401250600814,281.0979197159195,2.445967512971292,2.445967512971292,pure_test,held_out_pure_test
NASDAQ,GARCH,3,0a3562dbd0248afa,p=2 q=1,"{""p"": 2, ""q"": 1}",level,2023-02-21,2023-02-22,11492.2998046875,11507.0703125,11507.0703125,11485.09323772578,11507.0703125,11485.09323772578,0.0077401250600814,-21.977074774220455,-0.19098757700599958,0.19098757700599958,pure_test,held_out_pure_test
NASDAQ,GARCH,3,0a3562dbd0248afa,p=2 q=1,"{""p"": 2, ""q"": 1}",level,2023-02-22,2023-02-23,11507.0703125,11590.400390625,11590.400390625,11490.74533007937,11590.400390625,11490.74533007937,0.0077401250600814,-99.65506054563048,-0.8598068848962057,0.8598068848962057,pure_test,held_out_pure_test
NASDAQ,GARCH,3,0a3562dbd0248afa,p=2 q=1,"{""p"": 2, ""q"": 1}",level,2023-02-23,2023-02-24,11590.400390625,11394.9404296875,11394.9404296875,11572.057089056858,11394.9404296875,11572.057089056858,0.0077401250600814,177.11665936935788,1.55434475908195,1.55434475908195,pure_test,held_out_pure_test
NASDAQ,GARCH,3,0a3562dbd0248afa,p=2 q=1,"{""p"": 2, ""q"": 1}",level,2023-02-24,2023-02-27,11394.9404296875,11466.98046875,11466.98046875,11384.80440350645,11466.98046875,11384.80440350645,0.0077401250600814,-82.1760652435496,-0.716632120090351,0.716632120090351,pure_test,held_out_pure_test
NASDAQ,GARCH,3,0a3562dbd0248afa,p=2 q=1,"{""p"": 2, ""q"": 1}",level,2023-02-27,2023-02-28,11466.98046875,11455.5400390625,11455.5400390625,11448.9695336467,11455.5400390625,11448.9695336467,0.0077401250600814,-6.570505415800653,-0.05735657501432269,0.05735657501432269,pure_test,held_out_pure_test
NASDAQ,GARCH,3,0a3562dbd0248afa,p=2 q=1,"{""p"": 2, ""q"": 1}",level,2023-02-28,2023-03-01,11455.5400390625,11379.48046875,11379.48046875,11439.986678120673,11379.48046875,11439.986678120673,0.0077401250600814,60.50620937067288,0.5317132845988293,0.5317132845988293,pure_test,held_out_pure_test
NASDAQ,GARCH,3,0a3562dbd0248afa,p=2 q=1,"{""p"": 2, ""q"": 1}",level,2023-03-01,2023-03-02,11379.48046875,11462.98046875,11462.98046875,11365.829424993426,11462.98046875,11365.829424993426,0.0077401250600814,-97.15104375657393,-0.8475199274867815,0.8475199274867815,pure_test,held_out_pure_test
NASDAQ,GARCH,3,0a3562dbd0248afa,p=2 q=1,"{""p"": 2, ""q"": 1}",level,2023-03-02,2023-03-03,11462.98046875,11689.009765625,11689.009765625,11444.632164866756,11689.009765625,11444.632164866756,0.0077401250600814,-244.37760075824372,-2.0906612763461667,2.0906612763461667,pure_test,held_out_pure_test
NASDAQ,GARCH,3,0a3562dbd0248afa,p=2 q=1,"{""p"": 2, ""q"": 1}",level,2023-03-03,2023-03-06,11689.009765625,11675.740234375,11675.740234375,11666.465554333749,11675.740234375,11666.465554333749,0.0077401250600814,-9.274680041251486,-0.07943547779476577,0.07943547779476577,pure_test,held_out_pure_test
NASDAQ,GARCH,3,0a3562dbd0248afa,p=2 q=1,"{""p"": 2, ""q"": 1}",level,2023-03-06,2023-03-07,11675.740234375,11530.330078125,11530.330078125,11660.240720192847,11530.330078125,11660.240720192847,0.0077401250600814,129.91064206784722,1.1266862369734743,1.1266862369734743,pure_test,held_out_pure_test
NASDAQ,GARCH,3,0a3562dbd0248afa,p=2 q=1,"{""p"": 2, ""q"": 1}",level,2023-03-07,2023-03-08,11530.330078125,11576.0,11576.0,11518.7206401552,11576.0,11518.7206401552,0.0077401250600814,-57.27935984480064,-0.4948113324533573,0.4948113324533573,pure_test,held_out_pure_test
NASDAQ,GARCH,3,0a3562dbd0248afa,p=2 q=1,"{""p"": 2, ""q"": 1}",level,2023-03-08,2023-03-09,11576.0,11338.349609375,11338.349609375,11558.765372452292,11338.349609375,11558.765372452292,0.0077401250600814,220.41576307729156,1.9439845362947974,1.9439845362947974,pure_test,held_out_pure_test
NASDAQ,GARCH,3,0a3562dbd0248afa,p=2 q=1,"{""p"": 2, ""q"": 1}",level,2023-03-09,2023-03-10,11338.349609375,11138.8896484375,11138.8896484375,11329.455623534808,11138.8896484375,11329.455623534808,0.0077401250600814,190.56597509730818,1.710816617381964,1.710816617381964,pure_test,held_out_pure_test
NASDAQ,GARCH,3,0a3562dbd0248afa,p=2 q=1,"{""p"": 2, ""q"": 1}",level,2023-03-10,2023-03-13,11138.8896484375,11188.83984375,11188.83984375,11128.871377903884,11188.83984375,11128.871377903884,0.0077401250600814,-59.96846584611558,-0.535966790869864,0.535966790869864,pure_test,held_out_pure_test
NASDAQ,GARCH,3,0a3562dbd0248afa,p=2 q=1,"{""p"": 2, ""q"": 1}",level,2023-03-13,2023-03-14,11188.83984375,11428.150390625,11428.150390625,11171.479209609834,11428.150390625,11171.479209609834,0.0077401250600814,-256.67118101516644,-2.2459555767285386,2.2459555767285386,pure_test,held_out_pure_test
NASDAQ,GARCH,3,0a3562dbd0248afa,p=2 q=1,"{""p"": 2, ""q"": 1}",level,2023-03-14,2023-03-15,11428.150390625,11434.0498046875,11434.0498046875,11405.215193785622,11434.0498046875,11405.215193785622,0.0077401250600814,-28.834610901878477,-0.25218195997412435,0.25218195997412435,pure_test,held_out_pure_test
NASDAQ,GARCH,3,0a3562dbd0248afa,p=2 q=1,"{""p"": 2, ""q"": 1}",level,2023-03-15,2023-03-16,11434.0498046875,11717.2802734375,11717.2802734375,11417.985977613867,11717.2802734375,11417.985977613867,0.0077401250600814,-299.29429582363264,-2.5542983426121344,2.5542983426121344,pure_test,held_out_pure_test
NASDAQ,GARCH,3,0a3562dbd0248afa,p=2 q=1,"{""p"": 2, ""q"": 1}",level,2023-03-16,2023-03-17,11717.2802734375,11630.509765625,11630.509765625,11693.052121889194,11630.509765625,11693.052121889194,0.0077401250600814,62.542356264193586,0.5377438953625494,0.5377438953625494,pure_test,held_out_pure_test
NASDAQ,GARCH,3,0a3562dbd0248afa,p=2 q=1,"{""p"": 2, ""q"": 1}",level,2023-03-17,2023-03-20,11630.509765625,11675.5400390625,11675.5400390625,11617.174040213416,11675.5400390625,11617.174040213416,0.0077401250600814,-58.36599884908355,-0.4998997789721949,0.4998997789721949,pure_test,held_out_pure_test
NASDAQ,GARCH,3,0a3562dbd0248afa,p=2 q=1,"{""p"": 2, ""q"": 1}",level,2023-03-20,2023-03-21,11675.5400390625,11860.1103515625,11860.1103515625,11658.324242068766,11860.1103515625,11658.324242068766,0.0077401250600814,-201.78610949373433,-1.7013847553884707,1.7013847553884707,pure_test,held_out_pure_test
NASDAQ,GARCH,3,0a3562dbd0248afa,p=2 q=1,"{""p"": 2, ""q"": 1}",level,2023-03-21,2023-03-22,11860.1103515625,11669.9599609375,11669.9599609375,11838.78664765802,11669.9599609375,11838.78664765802,0.0077401250600814,168.82668672052023,1.4466775146241173,1.4466775146241173,pure_test,held_out_pure_test
NASDAQ,GARCH,3,0a3562dbd0248afa,p=2 q=1,"{""p"": 2, ""q"": 1}",level,2023-03-22,2023-03-23,11669.9599609375,11787.400390625,11787.400390625,11659.667626784012,11787.400390625,11659.667626784012,0.0077401250600814,-127.7327638409879,-1.0836381187371813,1.0836381187371813,pure_test,held_out_pure_test
NASDAQ,GARCH,3,0a3562dbd0248afa,p=2 q=1,"{""p"": 2, ""q"": 1}",level,2023-03-23,2023-03-24,11787.400390625,11823.9599609375,11823.9599609375,11768.052917423734,11823.9599609375,11768.052917423734,0.0077401250600814,-55.90704351376553,-0.4728284237976459,0.4728284237976459,pure_test,held_out_pure_test
NASDAQ,GARCH,3,0a3562dbd0248afa,p=2 q=1,"{""p"": 2, ""q"": 1}",level,2023-03-24,2023-03-27,11823.9599609375,11768.83984375,11768.83984375,11806.993532226445,11768.83984375,11806.993532226445,0.0077401250600814,38.153688476444586,0.32419243513375373,0.32419243513375373,pure_test,held_out_pure_test
NASDAQ,GARCH,3,0a3562dbd0248afa,p=2 q=1,"{""p"": 2, ""q"": 1}",level,2023-03-27,2023-03-28,11768.83984375,11716.080078125,11716.080078125,11754.572365278504,11716.080078125,11754.572365278504,0.0077401250600814,38.49228715350364,0.3285423699465172,0.3285423699465172,pure_test,held_out_pure_test
NASDAQ,GARCH,3,0a3562dbd0248afa,p=2 q=1,"{""p"": 2, ""q"": 1}",level,2023-03-28,2023-03-29,11716.080078125,11926.240234375,11926.240234375,11701.7431134719,11926.240234375,11701.7431134719,0.0077401250600814,-224.49712090309913,-1.8823796644313027,1.8823796644313027,pure_test,held_out_pure_test
NASDAQ,GARCH,3,0a3562dbd0248afa,p=2 q=1,"{""p"": 2, ""q"": 1}",level,2023-03-29,2023-03-30,11926.240234375,12013.4697265625,12013.4697265625,11904.163193315882,12013.4697265625,11904.163193315882,0.0077401250600814,-109.30653324661762,-0.9098664726722068,0.9098664726722068,pure_test,held_out_pure_test
NASDAQ,GARCH,3,0a3562dbd0248afa,p=2 q=1,"{""p"": 2, ""q"": 1}",level,2023-03-30,2023-03-31,12013.4697265625,12221.91015625,12221.91015625,11995.01163048747,12221.91015625,11995.01163048747,0.0077401250600814,-226.89852576252997,-1.856489884656036,1.856489884656036,pure_test,held_out_pure_test
NASDAQ,GARCH,3,0a3562dbd0248afa,p=2 q=1,"{""p"": 2, ""q"": 1}",level,2023-03-31,2023-04-03,12221.91015625,12189.4501953125,12189.4501953125,12199.883742069576,12189.4501953125,12199.883742069576,0.0077401250600814,10.433546757076329,0.08559489222154244,0.08559489222154244,pure_test,held_out_pure_test
NASDAQ,GARCH,3,0a3562dbd0248afa,p=2 q=1,"{""p"": 2, ""q"": 1}",level,2023-04-03,2023-04-04,12189.4501953125,12126.330078125,12126.330078125,12174.515626498454,12126.330078125,12174.515626498454,0.0077401250600814,48.18554837345437,0.3973629949293358,0.3973629949293358,pure_test,held_out_pure_test
NASDAQ,GARCH,3,0a3562dbd0248afa,p=2 q=1,"{""p"": 2, ""q"": 1}",level,2023-04-04,2023-04-05,12126.330078125,11996.8603515625,11996.8603515625,12112.298110948375,11996.8603515625,12112.298110948375,0.0077401250600814,115.43775938587532,0.9622330843489433,0.9622330843489433,pure_test,held_out_pure_test
NASDAQ,GARCH,3,0a3562dbd0248afa,p=2 q=1,"{""p"": 2, ""q"": 1}",level,2023-04-05,2023-04-06,11996.8603515625,12087.9599609375,12087.9599609375,11984.78164468814,12087.9599609375,11984.78164468814,0.0077401250600814,-103.17831624935934,-0.8535626903363535,0.8535626903363535,pure_test,held_out_pure_test
NASDAQ,GARCH,3,0a3562dbd0248afa,p=2 q=1,"{""p"": 2, ""q"": 1}",level,2023-04-06,2023-04-10,12087.9599609375,12084.3603515625,12084.3603515625,12069.387932823704,12084.3603515625,12069.387932823704,0.0077401250600814,-14.972418738796478,-0.12389914156160159,0.12389914156160159,pure_test,held_out_pure_test
NASDAQ,GARCH,3,0a3562dbd0248afa,p=2 q=1,"{""p"": 2, ""q"": 1}",level,2023-04-10,2023-04-11,12084.3603515625,12031.8798828125,12031.8798828125,12068.57616540259,12031.8798828125,12068.57616540259,0.0077401250600814,36.69628259009005,0.3049920955619792,0.3049920955619792,pure_test,held_out_pure_test
NASDAQ,GARCH,3,0a3562dbd0248afa,p=2 q=1,"{""p"": 2, ""q"": 1}",level,2023-04-11,2023-04-12,12031.8798828125,11929.33984375,11929.33984375,12017.534695963315,11929.33984375,12017.534695963315,0.0077401250600814,88.19485221331524,0.7393104175795792,0.7393104175795792,pure_test,held_out_pure_test
NASDAQ,GARCH,3,0a3562dbd0248afa,p=2 q=1,"{""p"": 2, ""q"": 1}",level,2023-04-12,2023-04-13,11929.33984375,12166.26953125,12166.26953125,11916.46835617894,12166.26953125,11916.46835617894,0.0077401250600814,-249.80117507105933,-2.053227362992623,2.053227362992623,pure_test,held_out_pure_test
NASDAQ,GARCH,3,0a3562dbd0248afa,p=2 q=1,"{""p"": 2, ""q"": 1}",level,2023-04-13,2023-04-14,12166.26953125,12123.4697265625,12123.4697265625,12143.40442431991,12123.4697265625,12143.40442431991,0.0077401250600814,19.934697757409594,0.16443063089218352,0.16443063089218352,pure_test,held_out_pure_test
NASDAQ,GARCH,3,0a3562dbd0248afa,p=2 q=1,"{""p"": 2, ""q"": 1}",level,2023-04-14,2023-04-17,12123.4697265625,12157.7197265625,12157.7197265625,12108.839551497244,12157.7197265625,12108.839551497244,0.0077401250600814,-48.88017506525648,-0.40205051740468906,0.40205051740468906,pure_test,held_out_pure_test
NASDAQ,GARCH,3,0a3562dbd0248afa,p=2 q=1,"{""p"": 2, ""q"": 1}",level,2023-04-17,2023-04-18,12157.7197265625,12153.41015625,12153.41015625,12140.821289088306,12153.41015625,12140.821289088306,0.0077401250600814,-12.588867161693997,-0.10358300262926665,0.10358300262926665,pure_test,held_out_pure_test
NASDAQ,GARCH,3,0a3562dbd0248afa,p=2 q=1,"{""p"": 2, ""q"": 1}",level,2023-04-18,2023-04-19,12153.41015625,12157.23046875,12157.23046875,12137.646870567552,12157.23046875,12137.646870567552,0.0077401250600814,-19.58359818244753,-0.1610860157071704,0.1610860157071704,pure_test,held_out_pure_test
NASDAQ,GARCH,3,0a3562dbd0248afa,p=2 q=1,"{""p"": 2, ""q"": 1}",level,2023-04-19,2023-04-20,12157.23046875,12059.5595703125,12059.5595703125,12141.227848164011,12059.5595703125,12141.227848164011,0.0077401250600814,81.66827785151145,0.6772077983059805,0.6772077983059805,pure_test,held_out_pure_test
NASDAQ,GARCH,3,0a3562dbd0248afa,p=2 q=1,"{""p"": 2, ""q"": 1}",level,2023-04-20,2023-04-21,12059.5595703125,12072.4599609375,12072.4599609375,12046.54474053975,12072.4599609375,12046.54474053975,0.0077401250600814,-25.91522039775009,-0.21466395814608785,0.21466395814608785,pure_test,held_out_pure_test
NASDAQ,GARCH,3,0a3562dbd0248afa,p=2 q=1,"{""p"": 2, ""q"": 1}",level,2023-04-21,2023-04-24,12072.4599609375,12037.2001953125,12037.2001953125,12056.190032731918,12037.2001953125,12056.190032731918,0.0077401250600814,18.98983741941811,0.15775958787171362,0.15775958787171362,pure_test,held_out_pure_test
NASDAQ,GARCH,3,0a3562dbd0248afa,p=2 q=1,"{""p"": 2, ""q"": 1}",level,2023-04-24,2023-04-25,12037.2001953125,11799.16015625,11799.16015625,12022.348049701872,11799.16015625,12022.348049701872,0.0077401250600814,223.1878934518718,1.8915574540587063,1.8915574540587063,pure_test,held_out_pure_test
NASDAQ,GARCH,3,0a3562dbd0248afa,p=2 q=1,"{""p"": 2, ""q"": 1}",level,2023-04-25,2023-04-26,11799.16015625,11854.349609375,11854.349609375,11790.277641235816,11854.349609375,11790.277641235816,0.0077401250600814,-64.07196813918381,-0.5404933231302084,0.5404933231302084,pure_test,held_out_pure_test
NASDAQ,GARCH,3,0a3562dbd0248afa,p=2 q=1,"{""p"": 2, ""q"": 1}",level,2023-04-26,2023-04-27,11854.349609375,12142.240234375,12142.240234375,11836.834737185884,12142.240234375,11836.834737185884,0.0077401250600814,-305.40549718911643,-2.515231878912307,2.515231878912307,pure_test,held_out_pure_test
NASDAQ,GARCH,3,0a3562dbd0248afa,p=2 q=1,"{""p"": 2, ""q"": 1}",level,2023-04-27,2023-04-28,12142.240234375,12226.580078125,12226.580078125,12117.874892897602,12226.580078125,12117.874892897602,0.0077401250600814,-108.70518522739803,-0.8890890546072345,0.8890890546072345,pure_test,held_out_pure_test
NASDAQ,GARCH,3,0a3562dbd0248afa,p=2 q=1,"{""p"": 2, ""q"": 1}",level,2023-04-28,2023-05-01,12226.580078125,12212.599609375,12212.599609375,12208.207050155625,12212.599609375,12208.207050155625,0.0077401250600814,-4.392559219375471,-0.035967438218506106,0.035967438218506106,pure_test,held_out_pure_test
NASDAQ,GARCH,3,0a3562dbd0248afa,p=2 q=1,"{""p"": 2, ""q"": 1}",level,2023-05-01,2023-05-02,12212.599609375,12080.509765625,12080.509765625,12197.12102441925,12080.509765625,12197.12102441925,0.0077401250600814,116.6112587942498,0.965284255852069,0.965284255852069,pure_test,held_out_pure_test
NASDAQ,GARCH,3,0a3562dbd0248afa,p=2 q=1,"{""p"": 2, ""q"": 1}",level,2023-05-02,2023-05-03,12080.509765625,12025.330078125,12025.330078125,12068.50819214958,12025.330078125,12068.50819214958,0.0077401250600814,43.17811402458028,0.35905969935182563,0.35905969935182563,pure_test,held_out_pure_test
NASDAQ,GARCH,3,0a3562dbd0248afa,p=2 q=1,"{""p"": 2, ""q"": 1}",level,2023-05-03,2023-05-04,12025.330078125,11966.400390625,11966.400390625,12011.064353338685,11966.400390625,12011.064353338685,0.0077401250600814,44.66396271368467,0.373244762465715,0.373244762465715,pure_test,held_out_pure_test
NASDAQ,GARCH,3,0a3562dbd0248afa,p=2 q=1,"{""p"": 2, ""q"": 1}",level,2023-05-04,2023-05-05,11966.400390625,12235.41015625,12235.41015625,11952.245061758156,12235.41015625,11952.245061758156,0.0077401250600814,-283.1650944918438,-2.3143081504889276,2.3143081504889276,pure_test,held_out_pure_test
NASDAQ,GARCH,3,0a3562dbd0248afa,p=2 q=1,"{""p"": 2, ""q"": 1}",level,2023-05-05,2023-05-08,12235.41015625,12256.919921875,12256.919921875,12211.600646727562,12256.919921875,12211.600646727562,0.0077401250600814,-45.31927514743802,-0.36974440101021167,0.36974440101021167,pure_test,held_out_pure_test
NASDAQ,GARCH,3,0a3562dbd0248afa,p=2 q=1,"{""p"": 2, ""q"": 1}",level,2023-05-08,2023-05-09,12256.919921875,12179.5498046875,12179.5498046875,12240.396543037634,12179.5498046875,12240.396543037634,0.0077401250600814,60.84673835013382,0.4995811776779791,0.4995811776779791,pure_test,held_out_pure_test
NASDAQ,GARCH,3,0a3562dbd0248afa,p=2 q=1,"{""p"": 2, ""q"": 1}",level,2023-05-09,2023-05-10,12179.5498046875,12306.4404296875,12306.4404296875,12165.937342004863,12306.4404296875,12165.937342004863,0.0077401250600814,-140.50308768263676,-1.141703715915233,1.141703715915233,pure_test,held_out_pure_test
NASDAQ,GARCH,3,0a3562dbd0248afa,p=2 q=1,"{""p"": 2, ""q"": 1}",level,2023-05-10,2023-05-11,12306.4404296875,12328.509765625,12328.509765625,12286.81475301938,12328.509765625,12286.81475301938,0.0077401250600814,-41.69501260561992,-0.33819993980031676,0.33819993980031676,pure_test,held_out_pure_test
NASDAQ,GARCH,3,0a3562dbd0248afa,p=2 q=1,"{""p"": 2, ""q"": 1}",level,2023-05-11,2023-05-12,12328.509765625,12284.740234375,12284.740234375,12311.969913646524,12284.740234375,12311.969913646524,0.0077401250600814,27.22967927152422,0.22165449779174398,0.22165449779174398,pure_test,held_out_pure_test
NASDAQ,GARCH,3,0a3562dbd0248afa,p=2 q=1,"{""p"": 2, ""q"": 1}",level,2023-05-12,2023-05-15,12284.740234375,12365.2099609375,12365.2099609375,12270.138607004545,12365.2099609375,12270.138607004545,0.0077401250600814,-95.07135393295539,-0.7688616225142312,0.7688616225142312,pure_test,held_out_pure_test
NASDAQ,GARCH,3,0a3562dbd0248afa,p=2 q=1,"{""p"": 2, ""q"": 1}",level,2023-05-15,2023-05-16,12365.2099609375,12343.0498046875,12343.0498046875,12346.950865006893,12343.0498046875,12346.950865006893,0.0077401250600814,3.9010603193928546,0.03160531943986287,0.03160531943986287,pure_test,held_out_pure_test
NASDAQ,GARCH,3,0a3562dbd0248afa,p=2 q=1,"{""p"": 2, ""q"": 1}",level,2023-05-16,2023-05-17,12343.0498046875,12500.5703125,12500.5703125,12327.812020831096,12500.5703125,12327.812020831096,0.0077401250600814,-172.75829166890435,-1.3820032794516097,1.3820032794516097,pure_test,held_out_pure_test
NASDAQ,GARCH,3,0a3562dbd0248afa,p=2 q=1,"{""p"": 2, ""q"": 1}",level,2023-05-17,2023-05-18,12500.5703125,12688.83984375,12688.83984375,12480.042925411515,12688.83984375,12480.042925411515,0.0077401250600814,-208.79691833848483,-1.6455162245690222,1.6455162245690222,pure_test,held_out_pure_test
NASDAQ,GARCH,3,0a3562dbd0248afa,p=2 q=1,"{""p"": 2, ""q"": 1}",level,2023-05-18,2023-05-19,12688.83984375,12657.900390625,12657.900390625,12667.407238870792,12657.900390625,12667.407238870792,0.0077401250600814,9.506848245791844,0.0751060440705714,0.0751060440705714,pure_test,held_out_pure_test
NASDAQ,GARCH,3,0a3562dbd0248afa,p=2 q=1,"{""p"": 2, ""q"": 1}",level,2023-05-19,2023-05-22,12657.900390625,12720.7802734375,12720.7802734375,12642.921059715482,12720.7802734375,12642.921059715482,0.0077401250600814,-77.85921372201847,-0.612063191474172,0.612063191474172,pure_test,held_out_pure_test
NASDAQ,GARCH,3,0a3562dbd0248afa,p=2 q=1,"{""p"": 2, ""q"": 1}",level,2023-05-22,2023-05-23,12720.7802734375,12560.25,12560.25,12703.03900336666,12560.25,12703.03900336666,0.0077401250600814,142.78900336666084,1.136832494310709,1.136832494310709,pure_test,held_out_pure_test
NASDAQ,GARCH,3,0a3562dbd0248afa,p=2 q=1,"{""p"": 2, ""q"": 1}",level,2023-05-23,2023-05-24,12560.25,12484.16015625,12484.16015625,12549.08568182738,12484.16015625,12549.08568182738,0.0077401250600814,64.92552557738054,0.5200632222334683,0.5200632222334683,pure_test,held_out_pure_test
NASDAQ,GARCH,3,0a3562dbd0248afa,p=2 q=1,"{""p"": 2, ""q"": 1}",level,2023-05-24,2023-05-25,12484.16015625,12698.08984375,12698.08984375,12470.510003710484,12698.08984375,12470.510003710484,0.0077401250600814,-227.57984003951606,-1.7922368075819755,1.7922368075819755,pure_test,held_out_pure_test
NASDAQ,GARCH,3,0a3562dbd0248afa,p=2 q=1,"{""p"": 2, ""q"": 1}",level,2023-05-25,2023-05-26,12698.08984375,12975.6904296875,12975.6904296875,12675.901831792664,12975.6904296875,12675.901831792664,0.0077401250600814,-299.78859789483613,-2.3103864840127515,2.3103864840127515,pure_test,held_out_pure_test
NASDAQ,GARCH,3,0a3562dbd0248afa,p=2 q=1,"{""p"": 2, ""q"": 1}",level,2023-05-26,2023-05-30,12975.6904296875,13017.4296875,13017.4296875,12951.628015763088,13017.4296875,12951.628015763088,0.0077401250600814,-65.80167173691189,-0.5054889737572235,0.5054889737572235,pure_test,held_out_pure_test
NASDAQ,GARCH,3,0a3562dbd0248afa,p=2 q=1,"{""p"": 2, ""q"": 1}",level,2023-05-30,2023-05-31,13017.4296875,12935.2900390625,12935.2900390625,13000.310774425176,12935.2900390625,13000.310774425176,0.0077401250600814,65.02073536267562,0.5026615960393886,0.5026615960393886,pure_test,held_out_pure_test
NASDAQ,GARCH,3,0a3562dbd0248afa,p=2 q=1,"{""p"": 2, ""q"": 1}",level,2023-05-31,2023-06-01,12935.2900390625,13100.98046875,13100.98046875,12921.817986189944,13100.98046875,12921.817986189944,0.0077401250600814,-179.16248256005565,-1.3675501844111215,1.3675501844111215,pure_test,held_out_pure_test
NASDAQ,GARCH,3,0a3562dbd0248afa,p=2 q=1,"{""p"": 2, ""q"": 1}",level,2023-06-01,2023-06-02,13100.98046875,13240.76953125,13240.76953125,13080.212568051544,13240.76953125,13080.212568051544,0.0077401250600814,-160.5569631984563,-1.2125954070835552,1.2125954070835552,pure_test,held_out_pure_test
NASDAQ,GARCH,3,0a3562dbd0248afa,p=2 q=1,"{""p"": 2, ""q"": 1}",level,2023-06-02,2023-06-05,13240.76953125,13229.4296875,13229.4296875,13220.7641386172,13229.4296875,13220.7641386172,0.0077401250600814,-8.665548882800067,-0.0655020593290414,0.0655020593290414,pure_test,held_out_pure_test
NASDAQ,GARCH,3,0a3562dbd0248afa,p=2 q=1,"{""p"": 2, ""q"": 1}",level,2023-06-05,2023-06-06,13229.4296875,13276.419921875,13276.419921875,13213.87336541762,13276.419921875,13213.87336541762,0.0077401250600814,-62.546556457380575,-0.4711101096939939,0.4711101096939939,pure_test,held_out_pure_test
NASDAQ,GARCH,3,0a3562dbd0248afa,p=2 q=1,"{""p"": 2, ""q"": 1}",level,2023-06-06,2023-06-07,13276.419921875,13104.900390625,13104.900390625,13259.146425763978,13104.900390625,13259.146425763978,0.0077401250600814,154.2460351389782,1.1770103590357917,1.1770103590357917,pure_test,held_out_pure_test
NASDAQ,GARCH,3,0a3562dbd0248afa,p=2 q=1,"{""p"": 2, ""q"": 1}",level,2023-06-07,2023-06-08,13104.900390625,13238.51953125,13238.51953125,13094.059584244516,13238.51953125,13094.059584244516,0.0077401250600814,-144.45994700548363,-1.0912092297366087,1.0912092297366087,pure_test,held_out_pure_test
NASDAQ,GARCH,3,0a3562dbd0248afa,p=2 q=1,"{""p"": 2, ""q"": 1}",level,2023-06-08,2023-06-09,13238.51953125,13259.1396484375,13259.1396484375,13218.695774403455,13259.1396484375,13218.695774403455,0.0077401250600814,-40.44387403404471,-0.30502638260402326,0.30502638260402326,pure_test,held_out_pure_test
NASDAQ,GARCH,3,0a3562dbd0248afa,p=2 q=1,"{""p"": 2, ""q"": 1}",level,2023-06-09,2023-06-12,13259.1396484375,13461.919921875,13461.919921875,13242.64245988207,13461.919921875,13242.64245988207,0.0077401250600814,-219.2774619929296,-1.6288721316534784,1.6288721316534784,pure_test,held_out_pure_test
NASDAQ,GARCH,3,0a3562dbd0248afa,p=2 q=1,"{""p"": 2, ""q"": 1}",level,2023-06-12,2023-06-13,13461.919921875,13573.3203125,13573.3203125,13440.060136535529,13573.3203125,13440.060136535529,0.0077401250600814,-133.26017596447127,-0.981780234286144,0.981780234286144,pure_test,held_out_pure_test
NASDAQ,GARCH,3,0a3562dbd0248afa,p=2 q=1,"{""p"": 2, ""q"": 1}",level,2023-06-13,2023-06-14,13573.3203125,13626.48046875,13626.48046875,13554.15065147632,13626.48046875,13554.15065147632,0.0077401250600814,-72.32981727367951,-0.530803368041774,0.530803368041774,pure_test,held_out_pure_test
NASDAQ,GARCH,3,0a3562dbd0248afa,p=2 q=1,"{""p"": 2, ""q"": 1}",level,2023-06-14,2023-06-15,13626.48046875,13782.8203125,13782.8203125,13609.025336852725,13782.8203125,13609.025336852725,0.0077401250600814,-173.79497564727535,-1.2609536488671782,1.2609536488671782,pure_test,held_out_pure_test
NASDAQ,GARCH,3,0a3562dbd0248afa,p=2 q=1,"{""p"": 2, ""q"": 1}",level,2023-06-15,2023-06-16,13782.8203125,13689.5703125,13689.5703125,13762.327682876788,13689.5703125,13762.327682876788,0.0077401250600814,72.75737037678846,0.5314803073866637,0.5314803073866637,pure_test,held_out_pure_test
NASDAQ,GARCH,3,0a3562dbd0248afa,p=2 q=1,"{""p"": 2, ""q"": 1}",level,2023-06-16,2023-06-20,13689.5703125,13667.2900390625,13667.2900390625,13676.425336287812,13667.2900390625,13676.425336287812,0.0077401250600814,9.13529722531166,0.06684058945995919,0.06684058945995919,pure_test,held_out_pure_test
NASDAQ,GARCH,3,0a3562dbd0248afa,p=2 q=1,"{""p"": 2, ""q"": 1}",level,2023-06-20,2023-06-21,13667.2900390625,13502.2001953125,13502.2001953125,13652.05579132539,13502.2001953125,13652.05579132539,0.0077401250600814,149.8555960128906,1.1098605697234094,1.1098605697234094,pure_test,held_out_pure_test
NASDAQ,GARCH,3,0a3562dbd0248afa,p=2 q=1,"{""p"": 2, ""q"": 1}",level,2023-06-21,2023-06-22,13502.2001953125,13630.6103515625,13630.6103515625,13491.170105928424,13630.6103515625,13491.170105928424,0.0077401250600814,-139.44024563407584,-1.0229934099619507,1.0229934099619507,pure_test,held_out_pure_test
NASDAQ,GARCH,3,0a3562dbd0248afa,p=2 q=1,"{""p"": 2, ""q"": 1}",level,2023-06-22,2023-06-23,13630.6103515625,13492.51953125,13492.51953125,13610.939941547846,13492.51953125,13610.939941547846,0.0077401250600814,118.42041029784559,0.8776745516178227,0.8776745516178227,pure_test,held_out_pure_test
NASDAQ,GARCH,3,0a3562dbd0248afa,p=2 q=1,"{""p"": 2, ""q"": 1}",level,2023-06-23,2023-06-26,13492.51953125,13335.7802734375,13335.7802734375,13480.69461999467,13335.7802734375,13480.69461999467,0.0077401250600814,144.91434655717057,1.086658175118663,1.086658175118663,pure_test,held_out_pure_test
NASDAQ,GARCH,3,0a3562dbd0248afa,p=2 q=1,"{""p"": 2, ""q"": 1}",level,2023-06-26,2023-06-27,13335.7802734375,13555.669921875,13555.669921875,13324.50435189004,13555.669921875,13324.50435189004,0.0077401250600814,-231.1655699849598,-1.7053053911553588,1.7053053911553588,pure_test,held_out_pure_test
NASDAQ,GARCH,3,0a3562dbd0248afa,p=2 q=1,"{""p"": 2, ""q"": 1}",level,2023-06-27,2023-06-28,13555.669921875,13591.75,13591.75,13533.306455152942,13591.75,13533.306455152942,0.0077401250600814,-58.44354484705764,-0.4299927886185196,0.4299927886185196,pure_test,held_out_pure_test
NASDAQ,GARCH,3,0a3562dbd0248afa,p=2 q=1,"{""p"": 2, ""q"": 1}",level,2023-06-28,2023-06-29,13591.75,13591.330078125,13591.330078125,13574.79768701719,13591.330078125,13574.79768701719,0.0077401250600814,-16.532391107810327,-0.12163924364120117,0.12163924364120117,pure_test,held_out_pure_test
NASDAQ,GARCH,3,0a3562dbd0248afa,p=2 q=1,"{""p"": 2, ""q"": 1}",level,2023-06-29,2023-06-30,13591.330078125,13787.919921875,13787.919921875,13575.452285425035,13787.919921875,13575.452285425035,0.0077401250600814,-212.46763644996463,-1.5409694693169602,1.5409694693169602,pure_test,held_out_pure_test
NASDAQ,GARCH,3,0a3562dbd0248afa,p=2 q=1,"{""p"": 2, ""q"": 1}",level,2023-06-30,2023-07-03,13787.919921875,13816.76953125,13816.76953125,13766.242376049468,13816.76953125,13766.242376049468,0.0077401250600814,-50.527155200532434,-0.36569442000355384,0.36569442000355384,pure_test,held_out_pure_test
NASDAQ,GARCH,3,0a3562dbd0248afa,p=2 q=1,"{""p"": 2, ""q"": 1}",level,2023-07-03,2023-07-05,13816.76953125,13791.650390625,13791.650390625,13800.03007539942,13791.650390625,13800.03007539942,0.0077401250600814,8.37968477441973,0.060759115385609665,0.060759115385609665,pure_test,held_out_pure_test
NASDAQ,GARCH,3,0a3562dbd0248afa,p=2 q=1,"{""p"": 2, ""q"": 1}",level,2023-07-05,2023-07-06,13791.650390625,13679.0400390625,13679.0400390625,13776.499716048802,13679.0400390625,13776.499716048802,0.0077401250600814,97.45967698630193,0.7124745355521408,0.7124745355521408,pure_test,held_out_pure_test
NASDAQ,GARCH,3,0a3562dbd0248afa,p=2 q=1,"{""p"": 2, ""q"": 1}",level,2023-07-06,2023-07-07,13679.0400390625,13660.7197265625,13660.7197265625,13666.465010533517,13660.7197265625,13666.465010533517,0.0077401250600814,5.745283971016761,0.04205696395223877,0.04205696395223877,pure_test,held_out_pure_test
NASDAQ,GARCH,3,0a3562dbd0248afa,p=2 q=1,"{""p"": 2, ""q"": 1}",level,2023-07-07,2023-07-10,13660.7197265625,13685.48046875,13685.48046875,13645.368901884389,13685.48046875,13645.368901884389,0.0077401250600814,-40.11156686561117,-0.2930957883225481,0.2930957883225481,pure_test,held_out_pure_test
NASDAQ,GARCH,3,0a3562dbd0248afa,p=2 q=1,"{""p"": 2, ""q"": 1}",level,2023-07-10,2023-07-11,13685.48046875,13760.7001953125,13760.7001953125,13668.861384700154,13760.7001953125,13668.861384700154,0.0077401250600814,-91.8388106123457,-0.667399255189282,0.667399255189282,pure_test,held_out_pure_test
NASDAQ,GARCH,3,0a3562dbd0248afa,p=2 q=1,"{""p"": 2, ""q"": 1}",level,2023-07-11,2023-07-12,13760.7001953125,13918.9599609375,13918.9599609375,13742.59565366915,13918.9599609375,13742.59565366915,0.0077401250600814,-176.36430726834988,-1.267079636433346,1.267079636433346,pure_test,held_out_pure_test
NASDAQ,GARCH,3,0a3562dbd0248afa,p=2 q=1,"{""p"": 2, ""q"": 1}",level,2023-07-12,2023-07-13,13918.9599609375,14138.5703125,14138.5703125,13898.410810903431,14138.5703125,13898.410810903431,0.0077401250600814,-240.1595015965686,-1.6986123510963627,1.6986123510963627,pure_test,held_out_pure_test
NASDAQ,GARCH,3,0a3562dbd0248afa,p=2 q=1,"{""p"": 2, ""q"": 1}",level,2023-07-13,2023-07-14,14138.5703125,14113.7001953125,14113.7001953125,14116.215067974028,14113.7001953125,14116.215067974028,0.0077401250600814,2.5148726615279884,0.017818662907146336,0.017818662907146336,pure_test,held_out_pure_test
NASDAQ,GARCH,3,0a3562dbd0248afa,p=2 q=1,"{""p"": 2, ""q"": 1}",level,2023-07-14,2023-07-17,14113.7001953125,14244.9501953125,14244.9501953125,14098.542189757274,14244.9501953125,14098.542189757274,0.0077401250600814,-146.40800555522583,-1.0277888202333163,1.0277888202333163,pure_test,held_out_pure_test
NASDAQ,GARCH,3,0a3562dbd0248afa,p=2 q=1,"{""p"": 2, ""q"": 1}",level,2023-07-17,2023-07-18,14244.9501953125,14353.6396484375,14353.6396484375,14225.196183387996,14353.6396484375,14225.196183387996,0.0077401250600814,-128.44346504950408,-0.8948494472165888,0.8948494472165888,pure_test,held_out_pure_test
NASDAQ,GARCH,3,0a3562dbd0248afa,p=2 q=1,"{""p"": 2, ""q"": 1}",level,2023-07-18,2023-07-19,14353.6396484375,14358.01953125,14358.01953125,14334.549794463936,14358.01953125,14334.549794463936,0.0077401250600814,-23.46973678606446,-0.16346082226022154,0.16346082226022154,pure_test,held_out_pure_test
NASDAQ,GARCH,3,0a3562dbd0248afa,p=2 q=1,"{""p"": 2, ""q"": 1}",level,2023-07-19,2023-07-20,14358.01953125,14063.3095703125,14063.3095703125,14342.000437522904,14063.3095703125,14342.000437522904,0.0077401250600814,278.69086721040367,1.9816876377287262,1.9816876377287262,pure_test,held_out_pure_test
NASDAQ,GARCH,3,0a3562dbd0248afa,p=2 q=1,"{""p"": 2, ""q"": 1}",level,2023-07-20,2023-07-21,14063.3095703125,14032.8095703125,14032.8095703125,14056.095356133445,14032.8095703125,14056.095356133445,0.0077401250600814,23.28578582094451,0.16593815874340234,0.16593815874340234,pure_test,held_out_pure_test
NASDAQ,GARCH,3,0a3562dbd0248afa,p=2 q=1,"{""p"": 2, ""q"": 1}",level,2023-07-21,2023-07-24,14032.8095703125,14058.8701171875,14058.8701171875,14017.817302381169,14058.8701171875,14017.817302381169,0.0077401250600814,-41.0528148063313,-0.29200650168993797,0.29200650168993797,pure_test,held_out_pure_test
NASDAQ,GARCH,3,0a3562dbd0248afa,p=2 q=1,"{""p"": 2, ""q"": 1}",level,2023-07-24,2023-07-25,14058.8701171875,14144.5595703125,14144.5595703125,14042.212768302024,14144.5595703125,14042.212768302024,0.0077401250600814,-102.34680201047559,-0.7235771570101592,0.7235771570101592,pure_test,held_out_pure_test
NASDAQ,GARCH,3,0a3562dbd0248afa,p=2 q=1,"{""p"": 2, ""q"": 1}",level,2023-07-25,2023-07-26,14144.5595703125,14127.2802734375,14127.2802734375,14126.14681131169,14127.2802734375,14126.14681131169,0.0077401250600814,-1.1334621258101834,-0.008023215395119965,0.008023215395119965,pure_test,held_out_pure_test
NASDAQ,GARCH,3,0a3562dbd0248afa,p=2 q=1,"{""p"": 2, ""q"": 1}",level,2023-07-26,2023-07-27,14127.2802734375,14050.1103515625,14050.1103515625,14111.89880239216,14050.1103515625,14111.89880239216,0.0077401250600814,61.78845082965927,0.43977199668604616,0.43977199668604616,pure_test,held_out_pure_test
NASDAQ,GARCH,3,0a3562dbd0248afa,p=2 q=1,"{""p"": 2, ""q"": 1}",level,2023-07-27,2023-07-28,14050.1103515625,14316.66015625,14316.66015625,14036.491995347706,14316.66015625,14036.491995347706,0.0077401250600814,-280.1681609022944,-1.9569379858471097,1.9569379858471097,pure_test,held_out_pure_test
NASDAQ,GARCH,3,0a3562dbd0248afa,p=2 q=1,"{""p"": 2, ""q"": 1}",level,2023-07-28,2023-07-31,14316.66015625,14346.01953125,14346.01953125,14292.923065300778,14346.01953125,14292.923065300778,0.0077401250600814,-53.096465949221965,-0.3701128792802888,0.3701128792802888,pure_test,held_out_pure_test
NASDAQ,GARCH,3,0a3562dbd0248afa,p=2 q=1,"{""p"": 2, ""q"": 1}",level,2023-07-31,2023-08-01,14346.01953125,14283.91015625,14283.91015625,14329.265068454117,14283.91015625,14329.265068454117,0.0077401250600814,45.35491220411677,0.3175244852983865,0.3175244852983865,pure_test,held_out_pure_test
NASDAQ,GARCH,3,0a3562dbd0248afa,p=2 q=1,"{""p"": 2, ""q"": 1}",level,2023-08-01,2023-08-02,14283.91015625,13973.4501953125,13973.4501953125,14269.848433923207,13973.4501953125,14269.848433923207,0.0077401250600814,296.39823861070727,2.1211528610889263,2.1211528610889263,pure_test,held_out_pure_test
NASDAQ,GARCH,3,0a3562dbd0248afa,p=2 q=1,"{""p"": 2, ""q"": 1}",level,2023-08-02,2023-08-03,13973.4501953125,13959.7197265625,13959.7197265625,13966.69964399522,13959.7197265625,13966.69964399522,0.0077401250600814,6.979917432719958,0.05000041239680907,0.05000041239680907,pure_test,held_out_pure_test
NASDAQ,GARCH,3,0a3562dbd0248afa,p=2 q=1,"{""p"": 2, ""q"": 1}",level,2023-08-03,2023-08-04,13959.7197265625,13909.240234375,13909.240234375,13944.233781878784,13909.240234375,13944.233781878784,0.0077401250600814,34.9935475037837,0.25158489546611895,0.25158489546611895,pure_test,held_out_pure_test
NASDAQ,GARCH,3,0a3562dbd0248afa,p=2 q=1,"{""p"": 2, ""q"": 1}",level,2023-08-04,2023-08-07,13909.240234375,13994.400390625,13994.400390625,13894.83614095316,13994.400390625,13894.83614095316,0.0077401250600814,-99.5642496718392,-0.7114577752008465,0.7114577752008465,pure_test,held_out_pure_test
NASDAQ,GARCH,3,0a3562dbd0248afa,p=2 q=1,"{""p"": 2, ""q"": 1}",level,2023-08-07,2023-08-08,13994.400390625,13884.3203125,13884.3203125,13976.003213548242,13884.3203125,13976.003213548242,0.0077401250600814,91.68290104824155,0.660334096194106,0.660334096194106,pure_test,held_out_pure_test
NASDAQ,GARCH,3,0a3562dbd0248afa,p=2 q=1,"{""p"": 2, ""q"": 1}",level,2023-08-08,2023-08-09,13884.3203125,13722.01953125,13722.01953125,13871.670795474312,13722.01953125,13871.670795474312,0.0077401250600814,149.6512642243124,1.090592123728598,1.090592123728598,pure_test,held_out_pure_test
NASDAQ,GARCH,3,0a3562dbd0248afa,p=2 q=1,"{""p"": 2, ""q"": 1}",level,2023-08-09,2023-08-10,13722.01953125,13737.990234375,13737.990234375,13710.907334900818,13737.990234375,13710.907334900818,0.0077401250600814,-27.08289947418234,-0.19713872998989257,0.19713872998989257,pure_test,held_out_pure_test
NASDAQ,GARCH,3,0a3562dbd0248afa,p=2 q=1,"{""p"": 2, ""q"": 1}",level,2023-08-10,2023-08-11,13737.990234375,13644.849609375,13644.849609375,13721.629919510351,13644.849609375,13721.629919510351,0.0077401250600814,76.7803101353511,0.562705433430336,0.562705433430336,pure_test,held_out_pure_test
NASDAQ,GARCH,3,0a3562dbd0248afa,p=2 q=1,"{""p"": 2, ""q"": 1}",level,2023-08-11,2023-08-14,13644.849609375,13788.330078125,13788.330078125,13631.701413281828,13788.330078125,13631.701413281828,0.0077401250600814,-156.62866484317237,-1.1359509378997363,1.1359509378997363,pure_test,held_out_pure_test
NASDAQ,GARCH,3,0a3562dbd0248afa,p=2 q=1,"{""p"": 2, ""q"": 1}",level,2023-08-14,2023-08-15,13788.330078125,13631.0498046875,13631.0498046875,13768.216014508973,13631.0498046875,13768.216014508973,0.0077401250600814,137.16620982147288,1.0062776659674708,1.0062776659674708,pure_test,held_out_pure_test
NASDAQ,GARCH,3,0a3562dbd0248afa,p=2 q=1,"{""p"": 2, ""q"": 1}",level,2023-08-15,2023-08-16,13631.0498046875,13474.6298828125,13474.6298828125,13619.789810051338,13474.6298828125,13619.789810051338,0.0077401250600814,145.15992723883755,1.0772832241128611,1.0772832241128611,pure_test,held_out_pure_test
NASDAQ,GARCH,3,0a3562dbd0248afa,p=2 q=1,"{""p"": 2, ""q"": 1}",level,2023-08-16,2023-08-17,13474.6298828125,13316.9296875,13316.9296875,13463.344560362522,13316.9296875,13463.344560362522,0.0077401250600814,146.41487286252232,1.0994641880549638,1.0994641880549638,pure_test,held_out_pure_test
NASDAQ,GARCH,3,0a3562dbd0248afa,p=2 q=1,"{""p"": 2, ""q"": 1}",level,2023-08-17,2023-08-18,13316.9296875,13290.7802734375,13290.7802734375,13305.682054906903,13290.7802734375,13305.682054906903,0.0077401250600814,14.901781469403431,0.11212119351025329,0.11212119351025329,pure_test,held_out_pure_test
NASDAQ,GARCH,3,0a3562dbd0248afa,p=2 q=1,"{""p"": 2, ""q"": 1}",level,2023-08-18,2023-08-21,13290.7802734375,13497.58984375,13497.58984375,13275.65992899022,13497.58984375,13275.65992899022,0.0077401250600814,-221.92991475977942,-1.644218837058107,1.644218837058107,pure_test,held_out_pure_test
NASDAQ,GARCH,3,0a3562dbd0248afa,p=2 q=1,"{""p"": 2, ""q"": 1}",level,2023-08-21,2023-08-22,13497.58984375,13505.8701171875,13505.8701171875,13475.611440294972,13505.8701171875,13475.611440294972,0.0077401250600814,-30.258676892528456,-0.22404092909216874,0.22404092909216874,pure_test,held_out_pure_test
NASDAQ,GARCH,3,0a3562dbd0248afa,p=2 q=1,"{""p"": 2, ""q"": 1}",level,2023-08-22,2023-08-23,13505.8701171875,13721.0302734375,13721.0302734375,13489.73620020458,13721.0302734375,13489.73620020458,0.0077401250600814,-231.2940732329207,-1.6856902770682038,1.6856902770682038,pure_test,held_out_pure_test
NASDAQ,GARCH,3,0a3562dbd0248afa,p=2 q=1,"{""p"": 2, ""q"": 1}",level,2023-08-23,2023-08-24,13721.0302734375,13463.9697265625,13463.9697265625,13698.806037819088,13463.9697265625,13698.806037819088,0.0077401250600814,234.83631125658758,1.7441832982830383,1.7441832982830383,pure_test,held_out_pure_test
NASDAQ,GARCH,3,0a3562dbd0248afa,p=2 q=1,"{""p"": 2, ""q"": 1}",level,2023-08-24,2023-08-25,13463.9697265625,13590.650390625,13590.650390625,13455.647154601318,13590.650390625,13455.647154601318,0.0077401250600814,-135.0032360236819,-0.99335375529054,0.99335375529054,pure_test,held_out_pure_test
NASDAQ,GARCH,3,0a3562dbd0248afa,p=2 q=1,"{""p"": 2, ""q"": 1}",level,2023-08-25,2023-08-28,13590.650390625,13705.1298828125,13705.1298828125,13571.030894978414,13705.1298828125,13571.030894978414,0.0077401250600814,-134.09898783408607,-0.9784583508563359,0.9784583508563359,pure_test,held_out_pure_test
NASDAQ,GARCH,3,0a3562dbd0248afa,p=2 q=1,"{""p"": 2, ""q"": 1}",level,2023-08-28,2023-08-29,13705.1298828125,13943.759765625,13943.759765625,13685.869576389316,13943.759765625,13685.869576389316,0.0077401250600814,-257.8901892356844,-1.8495025270834833,1.8495025270834833,pure_test,held_out_pure_test
NASDAQ,GARCH,3,0a3562dbd0248afa,p=2 q=1,"{""p"": 2, ""q"": 1}",level,2023-08-29,2023-08-30,13943.759765625,14019.3095703125,14019.3095703125,13920.844606794964,14019.3095703125,13920.844606794964,0.0077401250600814,-98.46496351753558,-0.7023524448454043,0.7023524448454043,pure_test,held_out_pure_test
NASDAQ,GARCH,3,0a3562dbd0248afa,p=2 q=1,"{""p"": 2, ""q"": 1}",level,2023-08-30,2023-08-31,14019.3095703125,14034.9697265625,14034.9697265625,14001.19531152832,14034.9697265625,14001.19531152832,0.0077401250600814,-33.77441503418049,-0.24064473021455285,0.24064473021455285,pure_test,held_out_pure_test
NASDAQ,GARCH,3,0a3562dbd0248afa,p=2 q=1,"{""p"": 2, ""q"": 1}",level,2023-08-31,2023-09-01,14034.9697265625,14031.8095703125,14031.8095703125,14018.618553859931,14031.8095703125,14018.618553859931,0.0077401250600814,-13.191016452568874,-0.09400794948413128,0.09400794948413128,pure_test,held_out_pure_test
NASDAQ,GARCH,3,0a3562dbd0248afa,p=2 q=1,"{""p"": 2, ""q"": 1}",level,2023-09-01,2023-09-05,14031.8095703125,14020.9501953125,14020.9501953125,14016.012447130775,14020.9501953125,14016.012447130775,0.0077401250600814,-4.937748181724601,-0.035216929758265555,0.035216929758265555,pure_test,held_out_pure_test
NASDAQ,GARCH,3,0a3562dbd0248afa,p=2 q=1,"{""p"": 2, ""q"": 1}",level,2023-09-05,2023-09-06,14020.9501953125,13872.4697265625,13872.4697265625,14005.37972875294,13872.4697265625,14005.37972875294,0.0077401250600814,132.91000219043963,0.9580846439761797,0.9580846439761797,pure_test,held_out_pure_test
NASDAQ,GARCH,3,0a3562dbd0248afa,p=2 q=1,"{""p"": 2, ""q"": 1}",level,2023-09-06,2023-09-07,13872.4697265625,13748.830078125,13748.830078125,13860.950675251768,13748.830078125,13860.950675251768,0.0077401250600814,112.12059712676819,0.8154919108728897,0.8154919108728897,pure_test,held_out_pure_test
NASDAQ,GARCH,3,0a3562dbd0248afa,p=2 q=1,"{""p"": 2, ""q"": 1}",level,2023-09-07,2023-09-08,13748.830078125,13761.5302734375,13761.5302734375,13736.579740094585,13761.5302734375,13736.579740094585,0.0077401250600814,-24.95053334291515,-0.18130638705983637,0.18130638705983637,pure_test,held_out_pure_test
NASDAQ,GARCH,3,0a3562dbd0248afa,p=2 q=1,"{""p"": 2, ""q"": 1}",level,2023-09-08,2023-09-11,13761.5302734375,13917.8896484375,13917.8896484375,13745.266238764078,13917.8896484375,13745.266238764078,0.0077401250600814,-172.62340967342243,-1.2402987380547459,1.2402987380547459,pure_test,held_out_pure_test
NASDAQ,GARCH,3,0a3562dbd0248afa,p=2 q=1,"{""p"": 2, ""q"": 1}",level,2023-09-11,2023-09-12,13917.8896484375,13773.6103515625,13773.6103515625,13897.39644383554,13773.6103515625,13897.39644383554,0.0077401250600814,123.78609227303969,0.8987192835682127,0.8987192835682127,pure_test,held_out_pure_test
NASDAQ,GARCH,3,0a3562dbd0248afa,p=2 q=1,"{""p"": 2, ""q"": 1}",level,2023-09-12,2023-09-13,13773.6103515625,13813.58984375,13813.58984375,13761.967622323236,13813.58984375,13761.967622323236,0.0077401250600814,-51.622221426763645,-0.3737060533190818,0.3737060533190818,pure_test,held_out_pure_test
NASDAQ,GARCH,3,0a3562dbd0248afa,p=2 q=1,"{""p"": 2, ""q"": 1}",level,2023-09-13,2023-09-14,13813.58984375,13926.0498046875,13926.0498046875,13796.522736260302,13926.0498046875,13796.522736260302,0.0077401250600814,-129.52706842719817,-0.9301063133035719,0.9301063133035719,pure_test,held_out_pure_test
NASDAQ,GARCH,3,0a3562dbd0248afa,p=2 q=1,"{""p"": 2, ""q"": 1}",level,2023-09-14,2023-09-15,13926.0498046875,13708.330078125,13708.330078125,13906.84895106678,13708.330078125,13906.84895106678,0.0077401250600814,198.5188729417805,1.4481623349481934,1.4481623349481934,pure_test,held_out_pure_test
NASDAQ,GARCH,3,0a3562dbd0248afa,p=2 q=1,"{""p"": 2, ""q"": 1}",level,2023-09-15,2023-09-18,13708.330078125,13710.240234375,13710.240234375,13698.849355222184,13710.240234375,13698.849355222184,0.0077401250600814,-11.390879152815614,-0.08308300188829539,0.08308300188829539,pure_test,held_out_pure_test
NASDAQ,GARCH,3,0a3562dbd0248afa,p=2 q=1,"{""p"": 2, ""q"": 1}",level,2023-09-18,2023-09-19,13710.240234375,13678.1904296875,13678.1904296875,13694.293846710492,13678.1904296875,13694.293846710492,0.0077401250600814,16.10341702299229,0.11773060994999028,0.11773060994999028,pure_test,held_out_pure_test
NASDAQ,GARCH,3,0a3562dbd0248afa,p=2 q=1,"{""p"": 2, ""q"": 1}",level,2023-09-19,2023-09-20,13678.1904296875,13469.1298828125,13469.1298828125,13663.24378631976,13469.1298828125,13663.24378631976,0.0077401250600814,194.11390350725924,1.4411762689656844,1.4411762689656844,pure_test,held_out_pure_test
NASDAQ,GARCH,3,0a3562dbd0248afa,p=2 q=1,"{""p"": 2, ""q"": 1}",level,2023-09-20,2023-09-21,13469.1298828125,13223.98046875,13223.98046875,13459.394243082092,13223.98046875,13459.394243082092,0.0077401250600814,235.41377433209163,1.7802035846045392,1.7802035846045392,pure_test,held_out_pure_test
NASDAQ,GARCH,3,0a3562dbd0248afa,p=2 q=1,"{""p"": 2, ""q"": 1}",level,2023-09-21,2023-09-22,13223.98046875,13211.8095703125,13211.8095703125,13215.307245999811,13211.8095703125,13215.307245999811,0.0077401250600814,3.49767568731113,0.026473857867059757,0.026473857867059757,pure_test,held_out_pure_test
NASDAQ,GARCH,3,0a3562dbd0248afa,p=2 q=1,"{""p"": 2, ""q"": 1}",level,2023-09-22,2023-09-25,13211.8095703125,13271.3203125,13271.3203125,13196.277713575815,13271.3203125,13196.277713575815,0.0077401250600814,-75.04259892418486,-0.565449383762546,0.565449383762546,pure_test,held_out_pure_test
NASDAQ,GARCH,3,0a3562dbd0248afa,p=2 q=1,"{""p"": 2, ""q"": 1}",level,2023-09-25,2023-09-26,13271.3203125,13063.6103515625,13063.6103515625,13253.67822626306,13063.6103515625,13253.67822626306,0.0077401250600814,190.06787470056042,1.454941395108489,1.454941395108489,pure_test,held_out_pure_test
NASDAQ,GARCH,3,0a3562dbd0248afa,p=2 q=1,"{""p"": 2, ""q"": 1}",level,2023-09-26,2023-09-27,13063.6103515625,13092.849609375,13092.849609375,13053.83495205172,13092.849609375,13053.83495205172,0.0077401250600814,-39.01465732327961,-0.2979844608872889,0.2979844608872889,pure_test,held_out_pure_test
NASDAQ,GARCH,3,0a3562dbd0248afa,p=2 q=1,"{""p"": 2, ""q"": 1}",level,2023-09-27,2023-09-28,13092.849609375,13201.2802734375,13201.2802734375,13076.098682698412,13201.2802734375,13076.098682698412,0.0077401250600814,-125.18159073908828,-0.9482534128978997,0.9482534128978997,pure_test,held_out_pure_test
NASDAQ,GARCH,3,0a3562dbd0248afa,p=2 q=1,"{""p"": 2, ""q"": 1}",level,2023-09-28,2023-09-29,13201.2802734375,13219.3203125,13219.3203125,13182.198037932338,13219.3203125,13182.198037932338,0.0077401250600814,-37.122274567662316,-0.28081833021747743,0.28081833021747743,pure_test,held_out_pure_test
NASDAQ,GARCH,3,0a3562dbd0248afa,p=2 q=1,"{""p"": 2, ""q"": 1}",level,2023-09-29,2023-10-02,13219.3203125,13307.76953125,13307.76953125,13202.89907863708,13307.76953125,13202.89907863708,0.0077401250600814,-104.87045261292042,-0.7880392906313725,0.7880392906313725,pure_test,held_out_pure_test
NASDAQ,GARCH,3,0a3562dbd0248afa,p=2 q=1,"{""p"": 2, ""q"": 1}",level,2023-10-02,2023-10-03,13307.76953125,13059.4697265625,13059.4697265625,13289.275527752205,13059.4697265625,13289.275527752205,0.0077401250600814,229.80580118970465,1.7596870776635576,1.7596870776635576,pure_test,held_out_pure_test
NASDAQ,GARCH,3,0a3562dbd0248afa,p=2 q=1,"{""p"": 2, ""q"": 1}",level,2023-10-03,2023-10-04,13059.4697265625,13236.009765625,13236.009765625,13050.889247884244,13236.009765625,13050.889247884244,0.0077401250600814,-185.12051774075553,-1.3986127316219474,1.3986127316219474,pure_test,held_out_pure_test
NASDAQ,GARCH,3,0a3562dbd0248afa,p=2 q=1,"{""p"": 2, ""q"": 1}",level,2023-10-04,2023-10-05,13236.009765625,13219.830078125,13219.830078125,13214.92246423245,13219.830078125,13214.92246423245,0.0077401250600814,-4.907613892550216,-0.03712312384915521,0.03712312384915521,pure_test,held_out_pure_test
NASDAQ,GARCH,3,0a3562dbd0248afa,p=2 q=1,"{""p"": 2, ""q"": 1}",level,2023-10-05,2023-10-06,13219.830078125,13431.33984375,13431.33984375,13204.416235776189,13431.33984375,13204.416235776189,0.0077401250600814,-226.92360797381116,-1.6895083484869562,1.6895083484869562,pure_test,held_out_pure_test
NASDAQ,GARCH,3,0a3562dbd0248afa,p=2 q=1,"{""p"": 2, ""q"": 1}",level,2023-10-06,2023-10-09,13431.33984375,13484.240234375,13484.240234375,13409.223071659448,13484.240234375,13409.223071659448,0.0077401250600814,-75.01716271555233,-0.5563321433884956,0.5563321433884956,pure_test,held_out_pure_test
NASDAQ,GARCH,3,0a3562dbd0248afa,p=2 q=1,"{""p"": 2, ""q"": 1}",level,2023-10-09,2023-10-10,13484.240234375,13562.83984375,13562.83984375,13466.792749695063,13562.83984375,13466.792749695063,0.0077401250600814,-96.04709405493668,-0.708163593771233,0.708163593771233,pure_test,held_out_pure_test
NASDAQ,GARCH,3,0a3562dbd0248afa,p=2 q=1,"{""p"": 2, ""q"": 1}",level,2023-10-10,2023-10-11,13562.83984375,13659.6796875,13659.6796875,13544.63580203444,13659.6796875,13544.63580203444,0.0077401250600814,-115.04388546556038,-0.8422151038493038,0.8422151038493038,pure_test,held_out_pure_test
NASDAQ,GARCH,3,0a3562dbd0248afa,p=2 q=1,"{""p"": 2, ""q"": 1}",level,2023-10-11,2023-10-12,13659.6796875,13574.2197265625,13574.2197265625,13640.938673132388,13574.2197265625,13640.938673132388,0.0077401250600814,66.71894656988843,0.4915122041183001,0.4915122041183001,pure_test,held_out_pure_test
NASDAQ,GARCH,3,0a3562dbd0248afa,p=2 q=1,"{""p"": 2, ""q"": 1}",level,2023-10-12,2023-10-13,13574.2197265625,13407.23046875,13407.23046875,13560.845420076974,13407.23046875,13560.845420076974,0.0077401250600814,153.61495132697382,1.1457619952534153,1.1457619952534153,pure_test,held_out_pure_test
NASDAQ,GARCH,3,0a3562dbd0248afa,p=2 q=1,"{""p"": 2, ""q"": 1}",level,2023-10-13,2023-10-16,13407.23046875,13567.98046875,13567.98046875,13396.256296049092,13567.98046875,13396.256296049092,0.0077401250600814,-171.72417270090773,-1.2656575759113577,1.2656575759113577,pure_test,held_out_pure_test
NASDAQ,GARCH,3,0a3562dbd0248afa,p=2 q=1,"{""p"": 2, ""q"": 1}",level,2023-10-16,2023-10-17,13567.98046875,13533.75,13533.75,13547.35800892566,13533.75,13547.35800892566,0.0077401250600814,13.608008925659306,0.10054869438004474,0.10054869438004474,pure_test,held_out_pure_test
NASDAQ,GARCH,3,0a3562dbd0248afa,p=2 q=1,"{""p"": 2, ""q"": 1}",level,2023-10-17,2023-10-18,13533.75,13314.2998046875,13314.2998046875,13518.867553009391,13314.2998046875,13518.867553009391,0.0077401250600814,204.5677483218915,1.5364514193218808,1.5364514193218808,pure_test,held_out_pure_test
NASDAQ,GARCH,3,0a3562dbd0248afa,p=2 q=1,"{""p"": 2, ""q"": 1}",level,2023-10-18,2023-10-19,13314.2998046875,13186.1796875,13186.1796875,13304.87002490169,13186.1796875,13304.87002490169,0.0077401250600814,118.69033740168925,0.9001116336538566,0.9001116336538566,pure_test,held_out_pure_test
NASDAQ,GARCH,3,0a3562dbd0248afa,p=2 q=1,"{""p"": 2, ""q"": 1}",level,2023-10-19,2023-10-20,13186.1796875,12983.8095703125,12983.8095703125,13174.061249594204,12983.8095703125,13174.061249594204,0.0077401250600814,190.25167928170413,1.4652993657324955,1.4652993657324955,pure_test,held_out_pure_test
NASDAQ,GARCH,3,0a3562dbd0248afa,p=2 q=1,"{""p"": 2, ""q"": 1}",level,2023-10-20,2023-10-23,12983.8095703125,13018.330078125,13018.330078125,12973.876971612224,13018.330078125,12973.876971612224,0.0077401250600814,-44.453106512775776,-0.34146550476140836,0.34146550476140836,pure_test,held_out_pure_test
NASDAQ,GARCH,3,0a3562dbd0248afa,p=2 q=1,"{""p"": 2, ""q"": 1}",level,2023-10-23,2023-10-24,13018.330078125,13139.8701171875,13139.8701171875,13001.423677195156,13139.8701171875,13001.423677195156,0.0077401250600814,-138.44643999234358,-1.0536362898385871,1.0536362898385871,pure_test,held_out_pure_test
NASDAQ,GARCH,3,0a3562dbd0248afa,p=2 q=1,"{""p"": 2, ""q"": 1}",level,2023-10-24,2023-10-25,13139.8701171875,12821.2197265625,12821.2197265625,13120.401955947187,12821.2197265625,13120.401955947187,0.0077401250600814,299.18222938468716,2.3334927235109553,2.3334927235109553,pure_test,held_out_pure_test
NASDAQ,GARCH,3,0a3562dbd0248afa,p=2 q=1,"{""p"": 2, ""q"": 1}",level,2023-10-25,2023-10-26,12821.2197265625,12595.6103515625,12595.6103515625,12814.710292582877,12595.6103515625,12814.710292582877,0.0077401250600814,219.09994102037672,1.7394944342113372,1.7394944342113372,pure_test,held_out_pure_test
NASDAQ,GARCH,3,0a3562dbd0248afa,p=2 q=1,"{""p"": 2, ""q"": 1}",level,2023-10-26,2023-10-27,12595.6103515625,12643.009765625,12643.009765625,12586.361891324632,12643.009765625,12586.361891324632,0.0077401250600814,-56.64787430036813,-0.44805687372312,0.44805687372312,pure_test,held_out_pure_test
NASDAQ,GARCH,3,0a3562dbd0248afa,p=2 q=1,"{""p"": 2, ""q"": 1}",level,2023-10-27,2023-10-30,12643.009765625,12789.48046875,12789.48046875,12625.724223709223,12789.48046875,12625.724223709223,0.0077401250600814,-163.75624504077678,-1.2803979445521743,1.2803979445521743,pure_test,held_out_pure_test
NASDAQ,GARCH,3,0a3562dbd0248afa,p=2 q=1,"{""p"": 2, ""q"": 1}",level,2023-10-30,2023-10-31,12789.48046875,12851.240234375,12851.240234375,12769.278375887769,12851.240234375,12769.278375887769,0.0077401250600814,-81.96185848723144,-0.6377739190338739,0.6377739190338739,pure_test,held_out_pure_test
NASDAQ,GARCH,3,0a3562dbd0248afa,p=2 q=1,"{""p"": 2, ""q"": 1}",level,2023-10-31,2023-11-01,12851.240234375,13061.4697265625,13061.4697265625,12833.531939335311,13061.4697265625,12833.531939335311,0.0077401250600814,-227.9377872271889,-1.7451159172665116,1.7451159172665116,pure_test,held_out_pure_test
NASDAQ,GARCH,3,0a3562dbd0248afa,p=2 q=1,"{""p"": 2, ""q"": 1}",level,2023-11-01,2023-11-02,13061.4697265625,13294.1904296875,13294.1904296875,13039.390644328829,13294.1904296875,13039.390644328829,0.0077401250600814,-254.79978535867122,-1.9166250604449981,1.9166250604449981,pure_test,held_out_pure_test
NASDAQ,GARCH,3,0a3562dbd0248afa,p=2 q=1,"{""p"": 2, ""q"": 1}",level,2023-11-02,2023-11-03,13294.1904296875,13478.2802734375,13478.2802734375,13271.44923067744,13478.2802734375,13271.44923067744,0.0077401250600814,-206.83104276006088,-1.5345506886933928,1.5345506886933928,pure_test,held_out_pure_test
NASDAQ,GARCH,3,0a3562dbd0248afa,p=2 q=1,"{""p"": 2, ""q"": 1}",level,2023-11-03,2023-11-06,13478.2802734375,13518.7802734375,13518.7802734375,13456.970714010202,13518.7802734375,13456.970714010202,0.0077401250600814,-61.809559427298154,-0.45721254563731045,0.45721254563731045,pure_test,held_out_pure_test
NASDAQ,GARCH,3,0a3562dbd0248afa,p=2 q=1,"{""p"": 2, ""q"": 1}",level,2023-11-06,2023-11-07,13518.7802734375,13639.8603515625,13639.8603515625,13501.697842764188,13639.8603515625,13501.697842764188,0.0077401250600814,-138.16250879831205,-1.0129319893109094,1.0129319893109094,pure_test,held_out_pure_test
NASDAQ,GARCH,3,0a3562dbd0248afa,p=2 q=1,"{""p"": 2, ""q"": 1}",level,2023-11-07,2023-11-08,13639.8603515625,13650.41015625,13650.41015625,13620.405731071683,13650.41015625,13620.405731071683,0.0077401250600814,-30.004425178316524,-0.21980603392037013,0.21980603392037013,pure_test,held_out_pure_test
NASDAQ,GARCH,3,0a3562dbd0248afa,p=2 q=1,"{""p"": 2, ""q"": 1}",level,2023-11-08,2023-11-09,13650.41015625,13521.4501953125,13521.4501953125,13634.209426736648,13521.4501953125,13634.209426736648,0.0077401250600814,112.75923142414831,0.8339285342576547,0.8339285342576547,pure_test,held_out_pure_test
NASDAQ,GARCH,3,0a3562dbd0248afa,p=2 q=1,"{""p"": 2, ""q"": 1}",level,2023-11-09,2023-11-10,13521.4501953125,13798.1103515625,13798.1103515625,13509.356481492834,13798.1103515625,13509.356481492834,0.0077401250600814,-288.75387006966594,-2.0927059047398284,2.0927059047398284,pure_test,held_out_pure_test
NASDAQ,GARCH,3,0a3562dbd0248afa,p=2 q=1,"{""p"": 2, ""q"": 1}",level,2023-11-10,2023-11-13,13798.1103515625,13767.740234375,13767.740234375,13774.075622864768,13767.740234375,13774.075622864768,0.0077401250600814,6.335388489767865,0.046016182626323836,0.046016182626323836,pure_test,held_out_pure_test
NASDAQ,GARCH,3,0a3562dbd0248afa,p=2 q=1,"{""p"": 2, ""q"": 1}",level,2023-11-13,2023-11-14,13767.740234375,14094.3798828125,14094.3798828125,13752.744142835,14094.3798828125,13752.744142835,0.0077401250600814,-341.63573997750063,-2.423914658310799,2.423914658310799,pure_test,held_out_pure_test
NASDAQ,GARCH,3,0a3562dbd0248afa,p=2 q=1,"{""p"": 2, ""q"": 1}",level,2023-11-14,2023-11-15,14094.3798828125,14103.83984375,14103.83984375,14068.873812249509,14103.83984375,14068.873812249509,0.0077401250600814,-34.966031500491226,-0.24791852352170698,0.24791852352170698,pure_test,held_out_pure_test
NASDAQ,GARCH,3,0a3562dbd0248afa,p=2 q=1,"{""p"": 2, ""q"": 1}",level,2023-11-15,2023-11-16,14103.83984375,14113.669921875,14113.669921875,14087.671198050744,14113.669921875,14087.671198050744,0.0077401250600814,-25.99872382425565,-0.18420952146514222,0.18420952146514222,pure_test,held_out_pure_test
NASDAQ,GARCH,3,0a3562dbd0248afa,p=2 q=1,"{""p"": 2, ""q"": 1}",level,2023-11-16,2023-11-17,14113.669921875,14125.48046875,14125.48046875,14097.490380328483,14125.48046875,14097.490380328483,0.0077401250600814,-27.990088421516703,-0.19815317775164937,0.19815317775164937,pure_test,held_out_pure_test
NASDAQ,GARCH,3,0a3562dbd0248afa,p=2 q=1,"{""p"": 2, ""q"": 1}",level,2023-11-17,2023-11-20,14125.48046875,14284.5302734375,14284.5302734375,14109.242624358514,14284.5302734375,14109.242624358514,0.0077401250600814,-175.28764907898585,-1.2271152479192007,1.2271152479192007,pure_test,held_out_pure_test
NASDAQ,GARCH,3,0a3562dbd0248afa,p=2 q=1,"{""p"": 2, ""q"": 1}",level,2023-11-20,2023-11-21,14284.5302734375,14199.98046875,14199.98046875,14263.957865513106,14199.98046875,14263.957865513106,0.0077401250600814,63.9773967631063,0.4505456673261053,0.4505456673261053,pure_test,held_out_pure_test
NASDAQ,GARCH,3,0a3562dbd0248afa,p=2 q=1,"{""p"": 2, ""q"": 1}",level,2023-11-21,2023-11-22,14199.98046875,14265.8603515625,14265.8603515625,14186.579368254852,14265.8603515625,14186.579368254852,0.0077401250600814,-79.28098330764806,-0.5557392358671494,0.5557392358671494,pure_test,held_out_pure_test
NASDAQ,GARCH,3,0a3562dbd0248afa,p=2 q=1,"{""p"": 2, ""q"": 1}",level,2023-11-22,2023-11-24,14265.8603515625,14250.849609375,14250.849609375,14248.030764756082,14250.849609375,14248.030764756082,0.0077401250600814,-2.818844618917865,-0.01978018641824325,0.01978018641824325,pure_test,held_out_pure_test
NASDAQ,GARCH,3,0a3562dbd0248afa,p=2 q=1,"{""p"": 2, ""q"": 1}",level,2023-11-24,2023-11-27,14250.849609375,14241.01953125,14241.01953125,14235.401354548168,14241.01953125,14235.401354548168,0.0077401250600814,-5.618176701831544,-0.03945066355328852,0.03945066355328852,pure_test,held_out_pure_test
NASDAQ,GARCH,3,0a3562dbd0248afa,p=2 q=1,"{""p"": 2, ""q"": 1}",level,2023-11-27,2023-11-28,14241.01953125,14281.759765625,14281.759765625,14225.41876331046,14281.759765625,14225.41876331046,0.0077401250600814,-56.341002314540674,-0.39449621922747047,0.39449621922747047,pure_test,held_out_pure_test
NASDAQ,GARCH,3,0a3562dbd0248afa,p=2 q=1,"{""p"": 2, ""q"": 1}",level,2023-11-28,2023-11-29,14281.759765625,14258.490234375,14258.490234375,14264.670262713096,14258.490234375,14264.670262713096,0.0077401250600814,6.1800283380962355,0.04334279602195995,0.04334279602195995,pure_test,held_out_pure_test
NASDAQ,GARCH,3,0a3562dbd0248afa,p=2 q=1,"{""p"": 2, ""q"": 1}",level,2023-11-29,2023-11-30,14258.490234375,14226.2197265625,14226.2197265625,14243.28510931144,14226.2197265625,14243.28510931144,0.0077401250600814,17.065382748940465,0.11995725552499951,0.11995725552499951,pure_test,held_out_pure_test
NASDAQ,GARCH,3,0a3562dbd0248afa,p=2 q=1,"{""p"": 2, ""q"": 1}",level,2023-11-30,2023-12-01,14226.2197265625,14305.0302734375,14305.0302734375,14211.279580454606,14305.0302734375,14211.279580454606,0.0077401250600814,-93.75069298289418,-0.6553687142974908,0.6553687142974908,pure_test,held_out_pure_test
NASDAQ,GARCH,3,0a3562dbd0248afa,p=2 q=1,"{""p"": 2, ""q"": 1}",level,2023-12-01,2023-12-04,14305.0302734375,14185.490234375,14185.490234375,14286.82002195147,14185.490234375,14286.82002195147,0.0077401250600814,101.32978757646924,0.7143199558300901,0.7143199558300901,pure_test,held_out_pure_test
NASDAQ,GARCH,3,0a3562dbd0248afa,p=2 q=1,"{""p"": 2, ""q"": 1}",level,2023-12-04,2023-12-05,14185.490234375,14229.91015625,14229.91015625,14173.11920830554,14229.91015625,14173.11920830554,0.0077401250600814,-56.79094794446064,-0.39909561846050845,0.39909561846050845,pure_test,held_out_pure_test
NASDAQ,GARCH,3,0a3562dbd0248afa,p=2 q=1,"{""p"": 2, ""q"": 1}",level,2023-12-05,2023-12-06,14229.91015625,14146.7099609375,14146.7099609375,14212.712327342117,14146.7099609375,14212.712327342117,0.0077401250600814,66.00236640461662,0.46655629886288175,0.46655629886288175,pure_test,held_out_pure_test
NASDAQ,GARCH,3,0a3562dbd0248afa,p=2 q=1,"{""p"": 2, ""q"": 1}",level,2023-12-06,2023-12-07,14146.7099609375,14339.990234375,14339.990234375,14133.269129410915,14339.990234375,14133.269129410915,0.0077401250600814,-206.7211049640846,-1.4415707513422473,1.4415707513422473,pure_test,held_out_pure_test
NASDAQ,GARCH,3,0a3562dbd0248afa,p=2 q=1,"{""p"": 2, ""q"": 1}",level,2023-12-07,2023-12-08,14339.990234375,14403.9697265625,14403.9697265625,14318.410118698188,14403.9697265625,14318.410118698188,0.0077401250600814,-85.55960786431206,-0.5940001922284712,0.5940001922284712,pure_test,held_out_pure_test
NASDAQ,GARCH,3,0a3562dbd0248afa,p=2 q=1,"{""p"": 2, ""q"": 1}",level,2023-12-08,2023-12-11,14403.9697265625,14432.490234375,14432.490234375,14386.196085188189,14432.490234375,14386.196085188189,0.0077401250600814,-46.29414918681141,-0.3207634194447538,0.3207634194447538,pure_test,held_out_pure_test
NASDAQ,GARCH,3,0a3562dbd0248afa,p=2 q=1,"{""p"": 2, ""q"": 1}",level,2023-12-11,2023-12-12,14432.490234375,14533.400390625,14533.400390625,14415.76046691631,14533.400390625,14415.76046691631,0.0077401250600814,-117.63992370868982,-0.8094452815362833,0.8094452815362833,pure_test,held_out_pure_test
NASDAQ,GARCH,3,0a3562dbd0248afa,p=2 q=1,"{""p"": 2, ""q"": 1}",level,2023-12-12,2023-12-13,14533.400390625,14733.9599609375,14733.9599609375,14514.539550686464,14733.9599609375,14514.539550686464,0.0077401250600814,-219.42041025103572,-1.4892154643609763,1.4892154643609763,pure_test,held_out_pure_test
NASDAQ,GARCH,3,0a3562dbd0248afa,p=2 q=1,"{""p"": 2, ""q"": 1}",level,2023-12-13,2023-12-14,14733.9599609375,14761.5595703125,14761.5595703125,14712.16555068159,14761.5595703125,14712.16555068159,0.0077401250600814,-49.39401963091041,-0.33461247367282576,0.33461247367282576,pure_test,held_out_pure_test
NASDAQ,GARCH,3,0a3562dbd0248afa,p=2 q=1,"{""p"": 2, ""q"": 1}",level,2023-12-14,2023-12-15,14761.5595703125,14813.919921875,14813.919921875,14744.856913101745,14813.919921875,14744.856913101745,0.0077401250600814,-69.0630087732552,-0.4662034703675777,0.4662034703675777,pure_test,held_out_pure_test
NASDAQ,GARCH,3,0a3562dbd0248afa,p=2 q=1,"{""p"": 2, ""q"": 1}",level,2023-12-15,2023-12-18,14813.919921875,14904.8095703125,14904.8095703125,14796.488335357424,14904.8095703125,14796.488335357424,0.0077401250600814,-108.32123495507585,-0.726753565311098,0.726753565311098,pure_test,held_out_pure_test
NASDAQ,GARCH,3,0a3562dbd0248afa,p=2 q=1,"{""p"": 2, ""q"": 1}",level,2023-12-18,2023-12-19,14904.8095703125,15003.2197265625,15003.2197265625,14886.243723220236,15003.2197265625,14886.243723220236,0.0077401250600814,-116.97600334226445,-0.779672666762081,0.779672666762081,pure_test,held_out_pure_test
NASDAQ,GARCH,3,0a3562dbd0248afa,p=2 q=1,"{""p"": 2, ""q"": 1}",level,2023-12-19,2023-12-20,15003.2197265625,14777.9404296875,14777.9404296875,14984.43248390361,14777.9404296875,14984.43248390361,0.0077401250600814,206.49205421611077,1.397299273187538,1.397299273187538,pure_test,held_out_pure_test
NASDAQ,GARCH,3,0a3562dbd0248afa,p=2 q=1,"{""p"": 2, ""q"": 1}",level,2023-12-20,2023-12-21,14777.9404296875,14963.8701171875,14963.8701171875,14768.682252308805,14963.8701171875,14768.682252308805,0.0077401250600814,-195.1878648786951,-1.30439427334044,1.30439427334044,pure_test,held_out_pure_test
NASDAQ,GARCH,3,0a3562dbd0248afa,p=2 q=1,"{""p"": 2, ""q"": 1}",level,2023-12-21,2023-12-22,14963.8701171875,14992.9697265625,14992.9697265625,14942.506394762211,14992.9697265625,14942.506394762211,0.0077401250600814,-50.46333180028887,-0.3365799619463302,0.3365799619463302,pure_test,held_out_pure_test
NASDAQ,GARCH,3,0a3562dbd0248afa,p=2 q=1,"{""p"": 2, ""q"": 1}",level,2023-12-22,2023-12-26,14992.9697265625,15074.5703125,15074.5703125,14976.222910983954,15074.5703125,14976.222910983954,0.0077401250600814,-98.34740151604638,-0.6524060021431962,0.6524060021431962,pure_test,held_out_pure_test
NASDAQ,GARCH,3,0a3562dbd0248afa,p=2 q=1,"{""p"": 2, ""q"": 1}",level,2023-12-26,2023-12-27,15074.5703125,15099.1796875,15099.1796875,15056.277925299926,15099.1796875,15056.277925299926,0.0077401250600814,-42.90176220007379,-0.2841330660869638,0.2841330660869638,pure_test,held_out_pure_test
NASDAQ,GARCH,3,0a3562dbd0248afa,p=2 q=1,"{""p"": 2, ""q"": 1}",level,2023-12-27,2023-12-28,15099.1796875,15095.1396484375,15095.1396484375,15082.565059535444,15095.1396484375,15082.565059535444,0.0077401250600814,-12.574588902056348,-0.08330223631523638,0.08330223631523638,pure_test,held_out_pure_test
NASDAQ,GARCH,3,0a3562dbd0248afa,p=2 q=1,"{""p"": 2, ""q"": 1}",level,2023-12-28,2023-12-29,15095.1396484375,15011.349609375,15011.349609375,15079.36842804834,15011.349609375,15079.36842804834,0.0077401250600814,68.01881867333941,0.4531159452236046,0.4531159452236046,pure_test,held_out_pure_test
NASDAQ,GARCH,3,0a3562dbd0248afa,p=2 q=1,"{""p"": 2, ""q"": 1}",level,2023-12-29,2024-01-02,15011.349609375,14765.9404296875,14765.9404296875,14997.926142206585,14765.9404296875,14997.926142206585,0.0077401250600814,231.9857125190847,1.5710866072076815,1.5710866072076815,pure_test,held_out_pure_test
NASDAQ,GARCH,3,0a3562dbd0248afa,p=2 q=1,"{""p"": 2, ""q"": 1}",level,2024-01-02,2024-01-03,14765.9404296875,14592.2099609375,14592.2099609375,14757.27485415465,14592.2099609375,14757.27485415465,0.0077401250600814,165.0648932171498,1.1311850203568818,1.1311850203568818,pure_test,held_out_pure_test
NASDAQ,GARCH,3,0a3562dbd0248afa,p=2 q=1,"{""p"": 2, ""q"": 1}",level,2024-01-03,2024-01-04,14592.2099609375,14510.2998046875,14510.2998046875,14581.434242151205,14510.2998046875,14581.434242151205,0.0077401250600814,71.13443746370467,0.49023409868295725,0.49023409868295725,pure_test,held_out_pure_test
NASDAQ,GARCH,3,0a3562dbd0248afa,p=2 q=1,"{""p"": 2, ""q"": 1}",level,2024-01-04,2024-01-05,14510.2998046875,14524.0703125,14524.0703125,14496.820995814662,14524.0703125,14496.820995814662,0.0077401250600814,-27.249316685338272,-0.18761487722822723,0.18761487722822723,pure_test,held_out_pure_test
NASDAQ,GARCH,3,0a3562dbd0248afa,p=2 q=1,"{""p"": 2, ""q"": 1}",level,2024-01-05,2024-01-08,14524.0703125,14843.76953125,14843.76953125,14507.774768991228,14843.76953125,14507.774768991228,0.0077401250600814,-335.9947622587715,-2.263540683189772,2.263540683189772,pure_test,held_out_pure_test
NASDAQ,GARCH,3,0a3562dbd0248afa,p=2 q=1,"{""p"": 2, ""q"": 1}",level,2024-01-08,2024-01-09,14843.76953125,14857.7099609375,14857.7099609375,14818.46777938484,14857.7099609375,14818.46777938484,0.0077401250600814,-39.24218155265953,-0.26411998656476265,0.26411998656476265,pure_test,held_out_pure_test
NASDAQ,GARCH,3,0a3562dbd0248afa,p=2 q=1,"{""p"": 2, ""q"": 1}",level,2024-01-09,2024-01-10,14857.7099609375,14969.650390625,14969.650390625,14841.409415113629,14969.650390625,14841.409415113629,0.0077401250600814,-128.2409755113713,-0.856673149772986,0.856673149772986,pure_test,held_out_pure_test
NASDAQ,GARCH,3,0a3562dbd0248afa,p=2 q=1,"{""p"": 2, ""q"": 1}",level,2024-01-10,2024-01-11,14969.650390625,14970.1904296875,14970.1904296875,14950.464831438958,14970.1904296875,14950.464831438958,0.0077401250600814,-19.725598248542155,-0.13176584720942608,0.13176584720942608,pure_test,held_out_pure_test
NASDAQ,GARCH,3,0a3562dbd0248afa,p=2 q=1,"{""p"": 2, ""q"": 1}",level,2024-01-11,2024-01-12,14970.1904296875,14972.759765625,14972.759765625,14954.28437678211,14972.759765625,14954.28437678211,0.0077401250600814,-18.475388842889515,-0.12339334319185416,0.12339334319185416,pure_test,held_out_pure_test
NASDAQ,GARCH,3,0a3562dbd0248afa,p=2 q=1,"{""p"": 2, ""q"": 1}",level,2024-01-12,2024-01-16,14972.759765625,14944.349609375,14944.349609375,14956.793972427771,14944.349609375,14956.793972427771,0.0077401250600814,12.444363052771223,0.0832713592631996,0.0832713592631996,pure_test,held_out_pure_test
NASDAQ,GARCH,3,0a3562dbd0248afa,p=2 q=1,"{""p"": 2, ""q"": 1}",level,2024-01-16,2024-01-17,14944.349609375,14855.6201171875,14855.6201171875,14929.295818717714,14855.6201171875,14929.295818717714,0.0077401250600814,73.6757015302137,0.49594497536304905,0.49594497536304905,pure_test,held_out_pure_test
NASDAQ,GARCH,3,0a3562dbd0248afa,p=2 q=1,"{""p"": 2, ""q"": 1}",level,2024-01-17,2024-01-18,14855.6201171875,15055.650390625,15055.650390625,14842.342062144262,15055.650390625,14842.342062144262,0.0077401250600814,-213.30832848073806,-1.4167991614202398,1.4167991614202398,pure_test,held_out_pure_test
NASDAQ,GARCH,3,0a3562dbd0248afa,p=2 q=1,"{""p"": 2, ""q"": 1}",level,2024-01-18,2024-01-19,15055.650390625,15310.9697265625,15310.9697265625,15033.87156229314,15310.9697265625,15033.87156229314,0.0077401250600814,-277.0981642693605,-1.8098015293481506,1.8098015293481506,pure_test,held_out_pure_test
NASDAQ,GARCH,3,0a3562dbd0248afa,p=2 q=1,"{""p"": 2, ""q"": 1}",level,2024-01-19,2024-01-22,15310.9697265625,15360.2900390625,15360.2900390625,15287.563248392942,15360.2900390625,15287.563248392942,0.0077401250600814,-72.72679066955789,-0.47347276961963336,0.47347276961963336,pure_test,held_out_pure_test
NASDAQ,GARCH,3,0a3562dbd0248afa,p=2 q=1,"{""p"": 2, ""q"": 1}",level,2024-01-22,2024-01-23,15360.2900390625,15425.9404296875,15425.9404296875,15342.947947986931,15425.9404296875,15342.947947986931,0.0077401250600814,-82.99248170056853,-0.5380059781693958,0.5380059781693958,pure_test,held_out_pure_test
NASDAQ,GARCH,3,0a3562dbd0248afa,p=2 q=1,"{""p"": 2, ""q"": 1}",level,2024-01-23,2024-01-24,15425.9404296875,15481.919921875,15481.919921875,15408.117598881365,15481.919921875,15408.117598881365,0.0077401250600814,-73.80232299363524,-0.476700069281182,0.476700069281182,pure_test,held_out_pure_test
NASDAQ,GARCH,3,0a3562dbd0248afa,p=2 q=1,"{""p"": 2, ""q"": 1}",level,2024-01-24,2024-01-25,15481.919921875,15510.5,15510.5,15464.38179179556,15510.5,15464.38179179556,0.0077401250600814,-46.118208204439725,-0.29733540636626626,0.29733540636626626,pure_test,held_out_pure_test
NASDAQ,GARCH,3,0a3562dbd0248afa,p=2 q=1,"{""p"": 2, ""q"": 1}",level,2024-01-25,2024-01-26,15510.5,15455.3603515625,15455.3603515625,15493.768478856133,15455.3603515625,15493.768478856133,0.0077401250600814,38.40812729363279,0.24851007301004027,0.24851007301004027,pure_test,held_out_pure_test
NASDAQ,GARCH,3,0a3562dbd0248afa,p=2 q=1,"{""p"": 2, ""q"": 1}",level,2024-01-26,2024-01-29,15455.3603515625,15628.0400390625,15628.0400390625,15441.093448069752,15628.0400390625,15441.093448069752,0.0077401250600814,-186.9465909927476,-1.1962254417410758,1.1962254417410758,pure_test,held_out_pure_test
NASDAQ,GARCH,3,0a3562dbd0248afa,p=2 q=1,"{""p"": 2, ""q"": 1}",level,2024-01-29,2024-01-30,15628.0400390625,15509.900390625,15509.900390625,15607.066382219342,15509.900390625,15607.066382219342,0.0077401250600814,97.1659915943419,0.6264772122783854,0.6264772122783854,pure_test,held_out_pure_test
NASDAQ,GARCH,3,0a3562dbd0248afa,p=2 q=1,"{""p"": 2, ""q"": 1}",level,2024-01-30,2024-01-31,15509.900390625,15164.009765625,15164.009765625,15497.48813857936,15164.009765625,15497.48813857936,0.0077401250600814,333.47837295435966,2.199143749632207,2.199143749632207,pure_test,held_out_pure_test
NASDAQ,GARCH,3,0a3562dbd0248afa,p=2 q=1,"{""p"": 2, ""q"": 1}",level,2024-01-31,2024-02-01,15164.009765625,15361.6396484375,15361.6396484375,15158.302254504157,15361.6396484375,15158.302254504157,0.0077401250600814,-203.33739393334326,-1.323669859382658,1.323669859382658,pure_test,held_out_pure_test
NASDAQ,GARCH,3,0a3562dbd0248afa,p=2 q=1,"{""p"": 2, ""q"": 1}",level,2024-02-01,2024-02-02,15361.6396484375,15628.9501953125,15628.9501953125,15339.931484993676,15628.9501953125,15339.931484993676,0.0077401250600814,-289.01871031882365,-1.8492522319605789,1.8492522319605789,pure_test,held_out_pure_test
NASDAQ,GARCH,3,0a3562dbd0248afa,p=2 q=1,"{""p"": 2, ""q"": 1}",level,2024-02-02,2024-02-05,15628.9501953125,15597.6796875,15597.6796875,15605.190708941072,15597.6796875,15605.190708941072,0.0077401250600814,7.511021441072444,0.04815473577837213,0.04815473577837213,pure_test,held_out_pure_test
NASDAQ,GARCH,3,0a3562dbd0248afa,p=2 q=1,"{""p"": 2, ""q"": 1}",level,2024-02-05,2024-02-06,15597.6796875,15609.0,15609.0,15582.710102480249,15609.0,15582.710102480249,0.0077401250600814,-26.28989751975132,-0.1684278142081576,0.1684278142081576,pure_test,held_out_pure_test
NASDAQ,GARCH,3,0a3562dbd0248afa,p=2 q=1,"{""p"": 2, ""q"": 1}",level,2024-02-06,2024-02-07,15609.0,15756.6396484375,15756.6396484375,15592.77658757507,15756.6396484375,15592.77658757507,0.0077401250600814,-163.86306086242985,-1.0399619748788205,1.0399619748788205,pure_test,held_out_pure_test
NASDAQ,GARCH,3,0a3562dbd0248afa,p=2 q=1,"{""p"": 2, ""q"": 1}",level,2024-02-07,2024-02-08,15756.6396484375,15793.7099609375,15793.7099609375,15736.403143097246,15793.7099609375,15736.403143097246,0.0077401250600814,-57.30681784025364,-0.36284582901668005,0.36284582901668005,pure_test,held_out_pure_test
NASDAQ,GARCH,3,0a3562dbd0248afa,p=2 q=1,"{""p"": 2, ""q"": 1}",level,2024-02-08,2024-02-09,15793.7099609375,15990.66015625,15990.66015625,15776.728496532203,15990.66015625,15776.728496532203,0.0077401250600814,-213.93165971779672,-1.3378538323458826,1.3378538323458826,pure_test,held_out_pure_test
NASDAQ,GARCH,3,0a3562dbd0248afa,p=2 q=1,"{""p"": 2, ""q"": 1}",level,2024-02-09,2024-02-12,15990.66015625,15942.5498046875,15942.5498046875,15968.97200206658,15942.5498046875,15968.97200206658,0.0077401250600814,26.4221973790809,0.16573382365292738,0.16573382365292738,pure_test,held_out_pure_test
NASDAQ,GARCH,3,0a3562dbd0248afa,p=2 q=1,"{""p"": 2, ""q"": 1}",level,2024-02-12,2024-02-13,15942.5498046875,15655.599609375,15655.599609375,15928.07596634362,15655.599609375,15928.07596634362,0.0077401250600814,272.47635696862017,1.7404402499247227,1.7404402499247227,pure_test,held_out_pure_test
NASDAQ,GARCH,3,0a3562dbd0248afa,p=2 q=1,"{""p"": 2, ""q"": 1}",level,2024-02-13,2024-02-14,15655.599609375,15859.150390625,15859.150390625,15648.156956139665,15859.150390625,15648.156956139665,0.0077401250600814,-210.99343448533546,-1.3304207936010393,1.3304207936010393,pure_test,held_out_pure_test
NASDAQ,GARCH,3,0a3562dbd0248afa,p=2 q=1,"{""p"": 2, ""q"": 1}",level,2024-02-14,2024-02-15,15859.150390625,15906.169921875,15906.169921875,15837.267922373949,15906.169921875,15837.267922373949,0.0077401250600814,-68.90199950105125,-0.4331778161522945,0.4331778161522945,pure_test,held_out_pure_test
NASDAQ,GARCH,3,0a3562dbd0248afa,p=2 q=1,"{""p"": 2, ""q"": 1}",level,2024-02-15,2024-02-16,15906.169921875,15775.650390625,15775.650390625,15888.89556329586,15775.650390625,15888.89556329586,0.0077401250600814,113.24517267086048,0.7178478849794917,0.7178478849794917,pure_test,held_out_pure_test
NASDAQ,GARCH,3,0a3562dbd0248afa,p=2 q=1,"{""p"": 2, ""q"": 1}",level,2024-02-16,2024-02-20,15775.650390625,15630.7802734375,15630.7802734375,15763.602588858304,15630.7802734375,15763.602588858304,0.0077401250600814,132.82231542080444,0.8497484648704254,0.8497484648704254,pure_test,held_out_pure_test
NASDAQ,GARCH,3,0a3562dbd0248afa,p=2 q=1,"{""p"": 2, ""q"": 1}",level,2024-02-20,2024-02-21,15630.7802734375,15580.8701171875,15580.8701171875,15619.15493730534,15580.8701171875,15619.15493730534,0.0077401250600814,38.284820117840354,0.2457168298682355,0.2457168298682355,pure_test,held_out_pure_test
NASDAQ,GARCH,3,0a3562dbd0248afa,p=2 q=1,"{""p"": 2, ""q"": 1}",level,2024-02-21,2024-02-22,15580.8701171875,16041.6201171875,16041.6201171875,15566.44926313518,16041.6201171875,15566.44926313518,0.0077401250600814,-475.17085405231956,-2.9621126206772996,2.9621126206772996,pure_test,held_out_pure_test
NASDAQ,GARCH,3,0a3562dbd0248afa,p=2 q=1,"{""p"": 2, ""q"": 1}",level,2024-02-22,2024-02-23,16041.6201171875,15996.8203125,15996.8203125,16012.165983805497,15996.8203125,16012.165983805497,0.0077401250600814,15.34567130549658,0.09592950977579832,0.09592950977579832,pure_test,held_out_pure_test
NASDAQ,GARCH,3,0a3562dbd0248afa,p=2 q=1,"{""p"": 2, ""q"": 1}",level,2024-02-23,2024-02-26,15996.8203125,15976.25,15976.25,15982.24901525846,15976.25,15982.24901525846,0.0077401250600814,5.999015258459622,0.03754958302767935,0.03754958302767935,pure_test,held_out_pure_test
NASDAQ,GARCH,3,0a3562dbd0248afa,p=2 q=1,"{""p"": 2, ""q"": 1}",level,2024-02-26,2024-02-27,15976.25,16035.2998046875,16035.2998046875,15960.96541287357,16035.2998046875,15960.96541287357,0.0077401250600814,-74.33439181393078,-0.46356720934023987,0.46356720934023987,pure_test,held_out_pure_test
NASDAQ,GARCH,3,0a3562dbd0248afa,p=2 q=1,"{""p"": 2, ""q"": 1}",level,2024-02-27,2024-02-28,16035.2998046875,15947.740234375,15947.740234375,16017.671287948991,15947.740234375,16017.671287948991,0.0077401250600814,69.93105357399145,0.43850133339428626,0.43850133339428626,pure_test,held_out_pure_test
NASDAQ,GARCH,3,0a3562dbd0248afa,p=2 q=1,"{""p"": 2, ""q"": 1}",level,2024-02-28,2024-02-29,15947.740234375,16091.919921875,16091.919921875,15934.427738104803,16091.919921875,15934.427738104803,0.0077401250600814,-157.4921837701968,-0.9787035017251446,0.9787035017251446,pure_test,held_out_pure_test
NASDAQ,GARCH,3,0a3562dbd0248afa,p=2 q=1,"{""p"": 2, ""q"": 1}",level,2024-02-29,2024-03-01,16091.919921875,16274.9404296875,16274.9404296875,16071.78527401982,16274.9404296875,16071.78527401982,0.0077401250600814,-203.15515566768045,-1.248269734352455,1.248269734352455,pure_test,held_out_pure_test
NASDAQ,GARCH,3,0a3562dbd0248afa,p=2 q=1,"{""p"": 2, ""q"": 1}",level,2024-03-01,2024-03-04,16274.9404296875,16207.509765625,16207.509765625,16253.662350346614,16207.509765625,16253.662350346614,0.0077401250600814,46.1525847216144,0.28476049306168444,0.28476049306168444,pure_test,held_out_pure_test
NASDAQ,GARCH,3,0a3562dbd0248afa,p=2 q=1,"{""p"": 2, ""q"": 1}",level,2024-03-04,2024-03-05,16207.509765625,15939.58984375,15939.58984375,16193.604696257891,15939.58984375,16193.604696257891,0.0077401250600814,254.0148525078912,1.5936097164224825,1.5936097164224825,pure_test,held_out_pure_test
NASDAQ,GARCH,3,0a3562dbd0248afa,p=2 q=1,"{""p"": 2, ""q"": 1}",level,2024-03-05,2024-03-06,15939.58984375,16031.5400390625,16031.5400390625,15931.586959972286,16031.5400390625,15931.586959972286,0.0077401250600814,-99.95307909021358,-0.6234777123512002,0.6234777123512002,pure_test,held_out_pure_test
NASDAQ,GARCH,3,0a3562dbd0248afa,p=2 q=1,"{""p"": 2, ""q"": 1}",level,2024-03-06,2024-03-07,16031.5400390625,16273.3798828125,16273.3798828125,16012.94297062426,16273.3798828125,16012.94297062426,0.0077401250600814,-260.43691218823915,-1.6003861156298915,1.6003861156298915,pure_test,held_out_pure_test
NASDAQ,GARCH,3,0a3562dbd0248afa,p=2 q=1,"{""p"": 2, ""q"": 1}",level,2024-03-07,2024-03-08,16273.3798828125,16085.1103515625,16085.1103515625,16250.370226225354,16085.1103515625,16250.370226225354,0.0077401250600814,165.2598746628537,1.0274090202110453,1.0274090202110453,pure_test,held_out_pure_test
NASDAQ,GARCH,3,0a3562dbd0248afa,p=2 q=1,"{""p"": 2, ""q"": 1}",level,2024-03-08,2024-03-11,16085.1103515625,16019.26953125,16019.26953125,16074.762646955653,16019.26953125,16074.762646955653,0.0077401250600814,55.4931157056526,0.34641477002055543,0.34641477002055543,pure_test,held_out_pure_test
NASDAQ,GARCH,3,0a3562dbd0248afa,p=2 q=1,"{""p"": 2, ""q"": 1}",level,2024-03-11,2024-03-12,16019.26953125,16265.6396484375,16265.6396484375,16005.317658612868,16265.6396484375,16005.317658612868,0.0077401250600814,-260.3219898246316,-1.6004411474198526,1.6004411474198526,pure_test,held_out_pure_test
NASDAQ,GARCH,3,0a3562dbd0248afa,p=2 q=1,"{""p"": 2, ""q"": 1}",level,2024-03-12,2024-03-13,16265.6396484375,16177.76953125,16177.76953125,16242.49662552993,16177.76953125,16242.49662552993,0.0077401250600814,64.72709427992959,0.40009900100813434,0.40009900100813434,pure_test,held_out_pure_test
NASDAQ,GARCH,3,0a3562dbd0248afa,p=2 q=1,"{""p"": 2, ""q"": 1}",level,2024-03-13,2024-03-14,16177.76953125,16128.5302734375,16128.5302734375,16164.466177141883,16128.5302734375,16164.466177141883,0.0077401250600814,35.935903704383236,0.2228095374788552,0.2228095374788552,pure_test,held_out_pure_test
NASDAQ,GARCH,3,0a3562dbd0248afa,p=2 q=1,"{""p"": 2, ""q"": 1}",level,2024-03-14,2024-03-15,16128.5302734375,15973.169921875,15973.169921875,16114.08966886521,15973.169921875,16114.08966886521,0.0077401250600814,140.91974699021011,0.8822278087533695,0.8822278087533695,pure_test,held_out_pure_test
NASDAQ,GARCH,3,0a3562dbd0248afa,p=2 q=1,"{""p"": 2, ""q"": 1}",level,2024-03-15,2024-03-18,15973.169921875,16103.4501953125,16103.4501953125,15961.853406827984,16103.4501953125,15961.853406827984,0.0077401250600814,-141.59678848451586,-0.8792947273232962,0.8792947273232962,pure_test,held_out_pure_test
NASDAQ,GARCH,3,0a3562dbd0248afa,p=2 q=1,"{""p"": 2, ""q"": 1}",level,2024-03-18,2024-03-19,16103.4501953125,16166.7900390625,16166.7900390625,16083.724731082795,16166.7900390625,16083.724731082795,0.0077401250600814,-83.06530797970481,-0.5138021077715543,0.5138021077715543,pure_test,held_out_pure_test
NASDAQ,GARCH,3,0a3562dbd0248afa,p=2 q=1,"{""p"": 2, ""q"": 1}",level,2024-03-19,2024-03-20,16166.7900390625,16369.41015625,16369.41015625,16149.03522824216,16369.41015625,16149.03522824216,0.0077401250600814,-220.37492800783912,-1.3462606526704801,1.3462606526704801,pure_test,held_out_pure_test
NASDAQ,GARCH,3,0a3562dbd0248afa,p=2 q=1,"{""p"": 2, ""q"": 1}",level,2024-03-20,2024-03-21,16369.41015625,16401.83984375,16401.83984375,16347.555085736256,16401.83984375,16347.555085736256,0.0077401250600814,-54.28475801374407,-0.3309674922501425,0.3309674922501425,pure_test,held_out_pure_test
NASDAQ,GARCH,3,0a3562dbd0248afa,p=2 q=1,"{""p"": 2, ""q"": 1}",level,2024-03-21,2024-03-22,16401.83984375,16428.8203125,16428.8203125,16384.994994295048,16428.8203125,16384.994994295048,0.0077401250600814,-43.825318204952055,-0.2667587652146101,0.2667587652146101,pure_test,held_out_pure_test
NASDAQ,GARCH,3,0a3562dbd0248afa,p=2 q=1,"{""p"": 2, ""q"": 1}",level,2024-03-22,2024-03-25,16428.8203125,16384.470703125,16384.470703125,16412.13588211553,16384.470703125,16412.13588211553,0.0077401250600814,27.665178990529967,0.16885000127134656,0.16885000127134656,pure_test,held_out_pure_test
NASDAQ,GARCH,3,0a3562dbd0248afa,p=2 q=1,"{""p"": 2, ""q"": 1}",level,2024-03-25,2024-03-26,16384.470703125,16315.7001953125,16315.7001953125,16369.886152623338,16315.7001953125,16369.886152623338,0.0077401250600814,54.18595731083769,0.3321092975611633,0.3321092975611633,pure_test,held_out_pure_test
NASDAQ,GARCH,3,0a3562dbd0248afa,p=2 q=1,"{""p"": 2, ""q"": 1}",level,2024-03-26,2024-03-27,16315.7001953125,16399.51953125,16399.51953125,16301.834569487455,16399.51953125,16301.834569487455,0.0077401250600814,-97.68496176254484,-0.5956574616494215,0.5956574616494215,pure_test,held_out_pure_test
NASDAQ,GARCH,3,0a3562dbd0248afa,p=2 q=1,"{""p"": 2, ""q"": 1}",level,2024-03-27,2024-03-28,16399.51953125,16379.4599609375,16379.4599609375,16381.161826464238,16379.4599609375,16381.161826464238,0.0077401250600814,1.701865526738402,0.01039024199086594,0.01039024199086594,pure_test,held_out_pure_test
NASDAQ,GARCH,3,0a3562dbd0248afa,p=2 q=1,"{""p"": 2, ""q"": 1}",level,2024-03-28,2024-04-01,16379.4599609375,16396.830078125,16396.830078125,16364.16033811683,16396.830078125,16364.16033811683,0.0077401250600814,-32.669740008170265,-0.19924424326232998,0.19924424326232998,pure_test,held_out_pure_test
NASDAQ,GARCH,3,0a3562dbd0248afa,p=2 q=1,"{""p"": 2, ""q"": 1}",level,2024-04-01,2024-04-02,16396.830078125,16240.4501953125,16240.4501953125,16380.428566033112,16240.4501953125,16380.428566033112,0.0077401250600814,139.97837072061157,0.8619118869070125,0.8619118869070125,pure_test,held_out_pure_test
NASDAQ,GARCH,3,0a3562dbd0248afa,p=2 q=1,"{""p"": 2, ""q"": 1}",level,2024-04-02,2024-04-03,16240.4501953125,16277.4599609375,16277.4599609375,16229.16369415609,16277.4599609375,16229.16369415609,0.0077401250600814,-48.29626678140994,-0.29670640810858007,0.29670640810858007,pure_test,held_out_pure_test
NASDAQ,GARCH,3,0a3562dbd0248afa,p=2 q=1,"{""p"": 2, ""q"": 1}",level,2024-04-03,2024-04-04,16277.4599609375,16049.080078125,16049.080078125,16260.48027896632,16049.080078125,16260.48027896632,0.0077401250600814,211.40020084132084,1.3172107049890085,1.3172107049890085,pure_test,held_out_pure_test
NASDAQ,GARCH,3,0a3562dbd0248afa,p=2 q=1,"{""p"": 2, ""q"": 1}",level,2024-04-04,2024-04-05,16049.080078125,16248.51953125,16248.51953125,16039.913178622428,16248.51953125,16039.913178622428,0.0077401250600814,-208.60635262757205,-1.2838483667780898,1.2838483667780898,pure_test,held_out_pure_test
NASDAQ,GARCH,3,0a3562dbd0248afa,p=2 q=1,"{""p"": 2, ""q"": 1}",level,2024-04-05,2024-04-08,16248.51953125,16253.9599609375,16253.9599609375,16226.758096025244,16253.9599609375,16226.758096025244,0.0077401250600814,-27.201864912256497,-0.16735530896858158,0.16735530896858158,pure_test,held_out_pure_test
NASDAQ,GARCH,3,0a3562dbd0248afa,p=2 q=1,"{""p"": 2, ""q"": 1}",level,2024-04-08,2024-04-09,16253.9599609375,16306.6396484375,16306.6396484375,16237.909645864427,16306.6396484375,16237.909645864427,0.0077401250600814,-68.73000257307285,-0.4214847697309516,0.4214847697309516,pure_test,held_out_pure_test
NASDAQ,GARCH,3,0a3562dbd0248afa,p=2 q=1,"{""p"": 2, ""q"": 1}",level,2024-04-09,2024-04-10,16306.6396484375,16170.3603515625,16170.3603515625,16289.198661017406,16170.3603515625,16289.198661017406,0.0077401250600814,118.83830945490627,0.7349144166933993,0.7349144166933993,pure_test,held_out_pure_test
NASDAQ,GARCH,3,0a3562dbd0248afa,p=2 q=1,"{""p"": 2, ""q"": 1}",level,2024-04-10,2024-04-11,16170.3603515625,16442.19921875,16442.19921875,16158.482111028365,16442.19921875,16158.482111028365,0.0077401250600814,-283.71710772163533,-1.7255423313330016,1.7255423313330016,pure_test,held_out_pure_test
NASDAQ,GARCH,3,0a3562dbd0248afa,p=2 q=1,"{""p"": 2, ""q"": 1}",level,2024-04-11,2024-04-12,16442.19921875,16175.08984375,16175.08984375,16418.306423556023,16175.08984375,16418.306423556023,0.0077401250600814,243.21657980602322,1.5036490192974186,1.5036490192974186,pure_test,held_out_pure_test
NASDAQ,GARCH,3,0a3562dbd0248afa,p=2 q=1,"{""p"": 2, ""q"": 1}",level,2024-04-12,2024-04-15,16175.08984375,15885.01953125,15885.01953125,16167.063098354276,15885.01953125,16167.063098354276,0.0077401250600814,282.043567104276,1.7755317615406285,1.7755317615406285,pure_test,held_out_pure_test
NASDAQ,GARCH,3,0a3562dbd0248afa,p=2 q=1,"{""p"": 2, ""q"": 1}",level,2024-04-15,2024-04-16,15885.01953125,15865.25,15865.25,15877.668730869536,15865.25,15877.668730869536,0.0077401250600814,12.418730869536375,0.07827630115842092,0.07827630115842092,pure_test,held_out_pure_test
NASDAQ,GARCH,3,0a3562dbd0248afa,p=2 q=1,"{""p"": 2, ""q"": 1}",level,2024-04-16,2024-04-17,15865.25,15683.3701171875,15683.3701171875,15849.941838744931,15683.3701171875,15849.941838744931,0.0077401250600814,166.57172155743137,1.0620913764885547,1.0620913764885547,pure_test,held_out_pure_test
NASDAQ,GARCH,3,0a3562dbd0248afa,p=2 q=1,"{""p"": 2, ""q"": 1}",level,2024-04-17,2024-04-18,15683.3701171875,15601.5,15601.5,15672.83430828349,15601.5,15672.83430828349,0.0077401250600814,71.33430828349083,0.45722724278749366,0.45722724278749366,pure_test,held_out_pure_test
NASDAQ,GARCH,3,0a3562dbd0248afa,p=2 q=1,"{""p"": 2, ""q"": 1}",level,2024-04-18,2024-04-19,15601.5,15282.009765625,15282.009765625,15588.020012420731,15282.009765625,15588.020012420731,0.0077401250600814,306.0102467957313,2.002421484404909,2.002421484404909,pure_test,held_out_pure_test
NASDAQ,GARCH,3,0a3562dbd0248afa,p=2 q=1,"{""p"": 2, ""q"": 1}",level,2024-04-19,2024-04-22,15282.009765625,15451.3095703125,15451.3095703125,15275.525055731508,15451.3095703125,15275.525055731508,0.0077401250600814,-175.78451458099153,-1.1376674176455344,1.1376674176455344,pure_test,held_out_pure_test
NASDAQ,GARCH,3,0a3562dbd0248afa,p=2 q=1,"{""p"": 2, ""q"": 1}",level,2024-04-22,2024-04-23,15451.3095703125,15696.6396484375,15696.6396484375,15430.435413541552,15696.6396484375,15430.435413541552,0.0077401250600814,-266.2042348959476,-1.695931364025717,1.695931364025717,pure_test,held_out_pure_test
NASDAQ,GARCH,3,0a3562dbd0248afa,p=2 q=1,"{""p"": 2, ""q"": 1}",level,2024-04-23,2024-04-24,15696.6396484375,15712.75,15712.75,15673.52724314822,15712.75,15673.52724314822,0.0077401250600814,-39.222756851779195,-0.24962375683301266,0.24962375683301266,pure_test,held_out_pure_test
NASDAQ,GARCH,3,0a3562dbd0248afa,p=2 q=1,"{""p"": 2, ""q"": 1}",level,2024-04-24,2024-04-25,15712.75,15611.759765625,15611.759765625,15696.38557403731,15611.759765625,15696.38557403731,0.0077401250600814,84.6258084123092,0.5420645057493382,0.5420645057493382,pure_test,held_out_pure_test
NASDAQ,GARCH,3,0a3562dbd0248afa,p=2 q=1,"{""p"": 2, ""q"": 1}",level,2024-04-25,2024-04-26,15611.759765625,15927.900390625,15927.900390625,15598.842653490345,15927.900390625,15598.842653490345,0.0077401250600814,-329.0577371346553,-2.065920360277588,2.065920360277588,pure_test,held_out_pure_test
NASDAQ,GARCH,3,0a3562dbd0248afa,p=2 q=1,"{""p"": 2, ""q"": 1}",level,2024-04-26,2024-04-29,15927.900390625,15983.080078125,15983.080078125,15902.703399887589,15983.080078125,15902.703399887589,0.0077401250600814,-80.3766782374114,-0.5028860385140516,0.5028860385140516,pure_test,held_out_pure_test
NASDAQ,GARCH,3,0a3562dbd0248afa,p=2 q=1,"{""p"": 2, ""q"": 1}",level,2024-04-29,2024-04-30,15983.080078125,15657.8203125,15657.8203125,15965.56549342526,15657.8203125,15965.56549342526,0.0077401250600814,307.7451809252598,1.965440749627071,1.965440749627071,pure_test,held_out_pure_test
NASDAQ,GARCH,3,0a3562dbd0248afa,p=2 q=1,"{""p"": 2, ""q"": 1}",level,2024-04-30,2024-05-01,15657.8203125,15605.48046875,15605.48046875,15651.505451328445,15605.48046875,15651.505451328445,0.0077401250600814,46.024982578444906,0.2949283277154459,0.2949283277154459,pure_test,held_out_pure_test
NASDAQ,GARCH,3,0a3562dbd0248afa,p=2 q=1,"{""p"": 2, ""q"": 1}",level,2024-05-01,2024-05-02,15605.48046875,15840.9599609375,15840.9599609375,15591.131142053837,15840.9599609375,15591.131142053837,0.0077401250600814,-249.8288188836632,-1.5771065610904922,1.5771065610904922,pure_test,held_out_pure_test
NASDAQ,GARCH,3,0a3562dbd0248afa,p=2 q=1,"{""p"": 2, ""q"": 1}",level,2024-05-02,2024-05-03,15840.9599609375,16156.330078125,16156.330078125,15818.137546179392,16156.330078125,15818.137546179392,0.0077401250600814,-338.1925319456077,-2.093250944430173,2.093250944430173,pure_test,held_out_pure_test
NASDAQ,GARCH,3,0a3562dbd0248afa,p=2 q=1,"{""p"": 2, ""q"": 1}",level,2024-05-03,2024-05-06,16156.330078125,16349.25,16349.25,16131.155770299169,16349.25,16131.155770299169,0.0077401250600814,-218.09422970083142,-1.3339708531023222,1.3339708531023222,pure_test,held_out_pure_test
NASDAQ,GARCH,3,0a3562dbd0248afa,p=2 q=1,"{""p"": 2, ""q"": 1}",level,2024-05-06,2024-05-07,16349.25,16332.5595703125,16332.5595703125,16327.680492681076,16332.5595703125,16327.680492681076,0.0077401250600814,-4.87907763142357,-0.029873319061956533,0.029873319061956533,pure_test,held_out_pure_test
NASDAQ,GARCH,3,0a3562dbd0248afa,p=2 q=1,"{""p"": 2, ""q"": 1}",level,2024-05-07,2024-05-08,16332.5595703125,16302.759765625,16302.759765625,16317.16076365793,16302.759765625,16317.16076365793,0.0077401250600814,14.400998032930147,0.08833472516288444,0.08833472516288444,pure_test,held_out_pure_test
NASDAQ,GARCH,3,0a3562dbd0248afa,p=2 q=1,"{""p"": 2, ""q"": 1}",level,2024-05-08,2024-05-09,16302.759765625,16346.259765625,16346.259765625,16287.74688470558,16346.259765625,16287.74688470558,0.0077401250600814,-58.51288091941933,-0.3579588343656919,0.3579588343656919,pure_test,held_out_pure_test
NASDAQ,GARCH,3,0a3562dbd0248afa,p=2 q=1,"{""p"": 2, ""q"": 1}",level,2024-05-09,2024-05-10,16346.259765625,16340.8701171875,16340.8701171875,16329.089018216113,16340.8701171875,16329.089018216113,0.0077401250600814,-11.78109897138711,-0.07209590974592978,0.07209590974592978,pure_test,held_out_pure_test
NASDAQ,GARCH,3,0a3562dbd0248afa,p=2 q=1,"{""p"": 2, ""q"": 1}",level,2024-05-10,2024-05-13,16340.8701171875,16388.240234375,16388.240234375,16325.138627829774,16388.240234375,16325.138627829774,0.0077401250600814,-63.10160654522588,-0.3850419913473546,0.3850419913473546,pure_test,held_out_pure_test
NASDAQ,GARCH,3,0a3562dbd0248afa,p=2 q=1,"{""p"": 2, ""q"": 1}",level,2024-05-13,2024-05-14,16388.240234375,16511.1796875,16511.1796875,16370.955554927345,16511.1796875,16370.955554927345,0.0077401250600814,-140.22413257265544,-0.8492678005243557,0.8492678005243557,pure_test,held_out_pure_test
NASDAQ,GARCH,3,0a3562dbd0248afa,p=2 q=1,"{""p"": 2, ""q"": 1}",level,2024-05-14,2024-05-15,16511.1796875,16742.390625,16742.390625,16491.670329032448,16742.390625,16491.670329032448,0.0077401250600814,-250.72029596755237,-1.4975178968359089,1.4975178968359089,pure_test,held_out_pure_test
NASDAQ,GARCH,3,0a3562dbd0248afa,p=2 q=1,"{""p"": 2, ""q"": 1}",level,2024-05-15,2024-05-16,16742.390625,16698.3203125,16698.3203125,16719.693871847103,16698.3203125,16719.693871847103,0.0077401250600814,21.373559347102855,0.12799825938841927,0.12799825938841927,pure_test,held_out_pure_test
NASDAQ,GARCH,3,0a3562dbd0248afa,p=2 q=1,"{""p"": 2, ""q"": 1}",level,2024-05-16,2024-05-17,16698.3203125,16685.970703125,16685.970703125,16683.727539802254,16685.970703125,16683.727539802254,0.0077401250600814,-2.2431633227461134,-0.01344340921278261,0.01344340921278261,pure_test,held_out_pure_test
NASDAQ,GARCH,3,0a3562dbd0248afa,p=2 q=1,"{""p"": 2, ""q"": 1}",level,2024-05-17,2024-05-20,16685.970703125,16794.869140625,16794.869140625,16670.444107443855,16794.869140625,16670.444107443855,0.0077401250600814,-124.42503318114541,-0.7408514596888076,0.7408514596888076,pure_test,held_out_pure_test
NASDAQ,GARCH,3,0a3562dbd0248afa,p=2 q=1,"{""p"": 2, ""q"": 1}",level,2024-05-20,2024-05-21,16794.869140625,16832.619140625,16832.619140625,16775.77313437884,16832.619140625,16775.77313437884,0.0077401250600814,-56.84600624615996,-0.33771337527006656,0.33771337527006656,pure_test,held_out_pure_test
NASDAQ,GARCH,3,0a3562dbd0248afa,p=2 q=1,"{""p"": 2, ""q"": 1}",level,2024-05-21,2024-05-22,16832.619140625,16801.5390625,16801.5390625,16815.6176669593,16801.5390625,16815.6176669593,0.0077401250600814,14.07860445930055,0.08379354062106803,0.08379354062106803,pure_test,held_out_pure_test
NASDAQ,GARCH,3,0a3562dbd0248afa,p=2 q=1,"{""p"": 2, ""q"": 1}",level,2024-05-22,2024-05-23,16801.5390625,16736.029296875,16736.029296875,16786.56387143746,16736.029296875,16786.56387143746,0.0077401250600814,50.534574562461785,0.30195080126860047,0.30195080126860047,pure_test,held_out_pure_test
NASDAQ,GARCH,3,0a3562dbd0248afa,p=2 q=1,"{""p"": 2, ""q"": 1}",level,2024-05-23,2024-05-24,16736.029296875,16920.7890625,16920.7890625,16722.067678348103,16920.7890625,16722.067678348103,0.0077401250600814,-198.72138415189693,-1.1744214966446511,1.1744214966446511,pure_test,held_out_pure_test
NASDAQ,GARCH,3,0a3562dbd0248afa,p=2 q=1,"{""p"": 2, ""q"": 1}",level,2024-05-24,2024-05-28,16920.7890625,17019.880859375,17019.880859375,16899.459781301674,17019.880859375,16899.459781301674,0.0077401250600814,-120.4210780733265,-0.7075318509470963,0.7075318509470963,pure_test,held_out_pure_test
NASDAQ,GARCH,3,0a3562dbd0248afa,p=2 q=1,"{""p"": 2, ""q"": 1}",level,2024-05-28,2024-05-29,17019.880859375,16920.580078125,16920.580078125,17001.073549957833,16920.580078125,17001.073549957833,0.0077401250600814,80.49347183283317,0.4757134298066736,0.4757134298066736,pure_test,held_out_pure_test
NASDAQ,GARCH,3,0a3562dbd0248afa,p=2 q=1,"{""p"": 2, ""q"": 1}",level,2024-05-29,2024-05-30,16920.580078125,16737.080078125,16737.080078125,16907.61323032871,16737.080078125,16907.61323032871,0.0077401250600814,170.5331522037086,1.0188942838756667,1.0188942838756667,pure_test,held_out_pure_test
NASDAQ,GARCH,3,0a3562dbd0248afa,p=2 q=1,"{""p"": 2, ""q"": 1}",level,2024-05-30,2024-05-31,16737.080078125,16735.01953125,16735.01953125,16726.591963708077,16735.01953125,16726.591963708077,0.0077401250600814,-8.427567541923054,-0.05035887485034544,0.05035887485034544,pure_test,held_out_pure_test
NASDAQ,GARCH,3,0a3562dbd0248afa,p=2 q=1,"{""p"": 2, ""q"": 1}",level,2024-05-31,2024-06-03,16735.01953125,16828.669921875,16828.669921875,16719.190036764805,16828.669921875,16719.190036764805,0.0077401250600814,-109.47988511019503,-0.6505557814042449,0.6505557814042449,pure_test,held_out_pure_test
NASDAQ,GARCH,3,0a3562dbd0248afa,p=2 q=1,"{""p"": 2, ""q"": 1}",level,2024-06-03,2024-06-04,16828.669921875,16857.05078125,16857.05078125,16810.022801536816,16857.05078125,16810.022801536816,0.0077401250600814,-47.02797971318432,-0.2789810645020615,0.2789810645020615,pure_test,held_out_pure_test
NASDAQ,GARCH,3,0a3562dbd0248afa,p=2 q=1,"{""p"": 2, ""q"": 1}",level,2024-06-04,2024-06-05,16857.05078125,17187.900390625,17187.900390625,16840.325124889354,17187.900390625,16840.325124889354,0.0077401250600814,-347.5752657356461,-2.022208983275399,2.022208983275399,pure_test,held_out_pure_test
NASDAQ,GARCH,3,0a3562dbd0248afa,p=2 q=1,"{""p"": 2, ""q"": 1}",level,2024-06-05,2024-06-06,17187.900390625,17173.119140625,17173.119140625,17162.27038339304,17173.119140625,17162.27038339304,0.0077401250600814,-10.848757231960917,-0.06317289912871406,0.06317289912871406,pure_test,held_out_pure_test
NASDAQ,GARCH,3,0a3562dbd0248afa,p=2 q=1,"{""p"": 2, ""q"": 1}",level,2024-06-06,2024-06-07,17173.119140625,17133.130859375,17133.130859375,17157.664129797886,17133.130859375,17157.664129797886,0.0077401250600814,24.533270422885835,0.14319198647491557,0.14319198647491557,pure_test,held_out_pure_test
NASDAQ,GARCH,3,0a3562dbd0248afa,p=2 q=1,"{""p"": 2, ""q"": 1}",level,2024-06-07,2024-06-10,17133.130859375,17192.529296875,17192.529296875,17118.41791611908,17192.529296875,17118.41791611908,0.0077401250600814,-74.11138075591953,-0.43106735184909867,0.43106735184909867,pure_test,held_out_pure_test
NASDAQ,GARCH,3,0a3562dbd0248afa,p=2 q=1,"{""p"": 2, ""q"": 1}",level,2024-06-10,2024-06-11,17192.529296875,17343.55078125,17343.55078125,17174.890516765856,17343.55078125,17174.890516765856,0.0077401250600814,-168.66026448414414,-0.9724667492338516,0.9724667492338516,pure_test,held_out_pure_test
NASDAQ,GARCH,3,0a3562dbd0248afa,p=2 q=1,"{""p"": 2, ""q"": 1}",level,2024-06-11,2024-06-12,17343.55078125,17608.439453125,17608.439453125,17323.21471833966,17608.439453125,17323.21471833966,0.0077401250600814,-285.22473478534084,-1.6198183578086558,1.6198183578086558,pure_test,held_out_pure_test
NASDAQ,GARCH,3,0a3562dbd0248afa,p=2 q=1,"{""p"": 2, ""q"": 1}",level,2024-06-12,2024-06-13,17608.439453125,17667.560546875,17667.560546875,17584.75126411823,17667.560546875,17584.75126411823,0.0077401250600814,-82.8092827567707,-0.4687080739701658,0.4687080739701658,pure_test,held_out_pure_test
NASDAQ,GARCH,3,0a3562dbd0248afa,p=2 q=1,"{""p"": 2, ""q"": 1}",level,2024-06-13,2024-06-14,17667.560546875,17688.880859375,17688.880859375,17649.929931464067,17688.880859375,17649.929931464067,0.0077401250600814,-38.95092791093339,-0.22020006930110353,0.22020006930110353,pure_test,held_out_pure_test
NASDAQ,GARCH,3,0a3562dbd0248afa,p=2 q=1,"{""p"": 2, ""q"": 1}",level,2024-06-14,2024-06-17,17688.880859375,17857.01953125,17857.01953125,17672.36305783148,17857.01953125,17672.36305783148,0.0077401250600814,-184.65647341851945,-1.0340833927821405,1.0340833927821405,pure_test,held_out_pure_test
NASDAQ,GARCH,3,0a3562dbd0248afa,p=2 q=1,"{""p"": 2, ""q"": 1}",level,2024-06-17,2024-06-18,17857.01953125,17862.23046875,17862.23046875,17836.179556965577,17862.23046875,17836.179556965577,0.0077401250600814,-26.05091178442308,-0.14584355425264045,0.14584355425264045,pure_test,held_out_pure_test
NASDAQ,GARCH,3,0a3562dbd0248afa,p=2 q=1,"{""p"": 2, ""q"": 1}",level,2024-06-18,2024-06-20,17862.23046875,17721.58984375,17721.58984375,17846.186909677206,17721.58984375,17846.186909677206,0.0077401250600814,124.59706592720613,0.7030806323008806,0.7030806323008806,pure_test,held_out_pure_test
NASDAQ,GARCH,3,0a3562dbd0248afa,p=2 q=1,"{""p"": 2, ""q"": 1}",level,2024-06-20,2024-06-21,17721.58984375,17689.359375,17689.359375,17709.839995970124,17689.359375,17709.839995970124,0.0077401250600814,20.48062097012371,0.11577932550270045,0.11577932550270045,pure_test,held_out_pure_test
NASDAQ,GARCH,3,0a3562dbd0248afa,p=2 q=1,"{""p"": 2, ""q"": 1}",level,2024-06-21,2024-06-24,17689.359375,17496.8203125,17496.8203125,17674.418050185675,17496.8203125,17674.418050185675,0.0077401250600814,177.59773768567538,1.015028642425943,1.015028642425943,pure_test,held_out_pure_test
NASDAQ,GARCH,3,0a3562dbd0248afa,p=2 q=1,"{""p"": 2, ""q"": 1}",level,2024-06-24,2024-06-25,17496.8203125,17717.650390625,17717.650390625,17486.5982982473,17717.650390625,17486.5982982473,0.0077401250600814,-231.05209237770032,-1.3040786294099,1.3040786294099,pure_test,held_out_pure_test
NASDAQ,GARCH,3,0a3562dbd0248afa,p=2 q=1,"{""p"": 2, ""q"": 1}",level,2024-06-25,2024-06-26,17717.650390625,17805.16015625,17805.16015625,17695.259238676263,17805.16015625,17695.259238676263,0.0077401250600814,-109.90091757373739,-0.6172419490153239,0.6172419490153239,pure_test,held_out_pure_test
NASDAQ,GARCH,3,0a3562dbd0248afa,p=2 q=1,"{""p"": 2, ""q"": 1}",level,2024-06-26,2024-06-27,17805.16015625,17858.6796875,17858.6796875,17786.693809229946,17858.6796875,17786.693809229946,0.0077401250600814,-71.98587827005395,-0.40308622770383035,0.40308622770383035,pure_test,held_out_pure_test
NASDAQ,GARCH,3,0a3562dbd0248afa,p=2 q=1,"{""p"": 2, ""q"": 1}",level,2024-06-27,2024-06-28,17858.6796875,17732.599609375,17732.599609375,17841.213975993775,17732.599609375,17841.213975993775,0.0077401250600814,108.61436661877451,0.6125123727563976,0.6125123727563976,pure_test,held_out_pure_test
NASDAQ,GARCH,3,0a3562dbd0248afa,p=2 q=1,"{""p"": 2, ""q"": 1}",level,2024-06-28,2024-07-01,17732.599609375,17879.30078125,17879.30078125,17720.421114939054,17879.30078125,17720.421114939054,0.0077401250600814,-158.87966631094605,-0.8886234884395644,0.8886234884395644,pure_test,held_out_pure_test
NASDAQ,GARCH,3,0a3562dbd0248afa,p=2 q=1,"{""p"": 2, ""q"": 1}",level,2024-07-01,2024-07-02,17879.30078125,18028.759765625,18028.759765625,17859.09190363855,18028.759765625,17859.09190363855,0.0077401250600814,-169.6678619864506,-0.9410955839011854,0.9410955839011854,pure_test,held_out_pure_test
NASDAQ,GARCH,3,0a3562dbd0248afa,p=2 q=1,"{""p"": 2, ""q"": 1}",level,2024-07-02,2024-07-03,18028.759765625,18188.30078125,18188.30078125,18008.46970101444,18188.30078125,18008.46970101444,0.0077401250600814,-179.83108023555906,-0.9887184206946026,0.9887184206946026,pure_test,held_out_pure_test
NASDAQ,GARCH,3,0a3562dbd0248afa,p=2 q=1,"{""p"": 2, ""q"": 1}",level,2024-07-03,2024-07-05,18188.30078125,18352.759765625,18352.759765625,18167.713912610114,18352.759765625,18167.713912610114,0.0077401250600814,-185.04585301488623,-1.0082726269946602,1.0082726269946602,pure_test,held_out_pure_test
NASDAQ,GARCH,3,0a3562dbd0248afa,p=2 q=1,"{""p"": 2, ""q"": 1}",level,2024-07-05,2024-07-08,18352.759765625,18403.740234375,18403.740234375,18332.02811733656,18403.740234375,18332.02811733656,0.0077401250600814,-71.71211703844165,-0.38966055880584444,0.38966055880584444,pure_test,held_out_pure_test
NASDAQ,GARCH,3,0a3562dbd0248afa,p=2 q=1,"{""p"": 2, ""q"": 1}",level,2024-07-08,2024-07-09,18403.740234375,18429.2890625,18429.2890625,18386.34927010592,18429.2890625,18386.34927010592,0.0077401250600814,-42.93979239408145,-0.23299755214896234,0.23299755214896234,pure_test,held_out_pure_test
NASDAQ,GARCH,3,0a3562dbd0248afa,p=2 q=1,"{""p"": 2, ""q"": 1}",level,2024-07-09,2024-07-10,18429.2890625,18647.44921875,18647.44921875,18412.646778057704,18647.44921875,18412.646778057704,0.0077401250600814,-234.80244069229593,-1.259166537674237,1.259166537674237,pure_test,held_out_pure_test
NASDAQ,GARCH,3,0a3562dbd0248afa,p=2 q=1,"{""p"": 2, ""q"": 1}",level,2024-07-10,2024-07-11,18647.44921875,18283.41015625,18283.41015625,18625.13666639601,18283.41015625,18625.13666639601,0.0077401250600814,341.7265101460107,1.869052366192173,1.869052366192173,pure_test,held_out_pure_test
NASDAQ,GARCH,3,0a3562dbd0248afa,p=2 q=1,"{""p"": 2, ""q"": 1}",level,2024-07-11,2024-07-12,18283.41015625,18398.44921875,18398.44921875,18278.236915381098,18398.44921875,18278.236915381098,0.0077401250600814,-120.21230336890221,-0.6533828038419289,0.6533828038419289,pure_test,held_out_pure_test
NASDAQ,GARCH,3,0a3562dbd0248afa,p=2 q=1,"{""p"": 2, ""q"": 1}",level,2024-07-12,2024-07-15,18398.44921875,18472.5703125,18472.5703125,18379.172439185702,18472.5703125,18379.172439185702,0.0077401250600814,-93.39787331429761,-0.5056030196896706,0.5056030196896706,pure_test,held_out_pure_test
NASDAQ,GARCH,3,0a3562dbd0248afa,p=2 q=1,"{""p"": 2, ""q"": 1}",level,2024-07-15,2024-07-16,18472.5703125,18509.33984375,18509.33984375,18454.498113411184,18509.33984375,18454.498113411184,0.0077401250600814,-54.84173033881598,-0.2962922005958751,0.2962922005958751,pure_test,held_out_pure_test
NASDAQ,GARCH,3,0a3562dbd0248afa,p=2 q=1,"{""p"": 2, ""q"": 1}",level,2024-07-16,2024-07-17,18509.33984375,17996.919921875,17996.919921875,18492.367234017413,17996.919921875,18492.367234017413,0.0077401250600814,495.44731214241256,2.7529561407905327,2.7529561407905327,pure_test,held_out_pure_test
NASDAQ,GARCH,3,0a3562dbd0248afa,p=2 q=1,"{""p"": 2, ""q"": 1}",level,2024-07-17,2024-07-18,17996.919921875,17871.220703125,17871.220703125,17996.11485204678,17871.220703125,17996.11485204678,0.0077401250600814,124.89414892177956,0.6988562840586502,0.6988562840586502,pure_test,held_out_pure_test
NASDAQ,GARCH,3,0a3562dbd0248afa,p=2 q=1,"{""p"": 2, ""q"": 1}",level,2024-07-18,2024-07-19,17871.220703125,17726.939453125,17726.939453125,17859.030996603484,17726.939453125,17859.030996603484,0.0077401250600814,132.0915434784838,0.745145792525387,0.745145792525387,pure_test,held_out_pure_test
NASDAQ,GARCH,3,0a3562dbd0248afa,p=2 q=1,"{""p"": 2, ""q"": 1}",level,2024-07-19,2024-07-22,17726.939453125,18007.5703125,18007.5703125,17715.29678138361,18007.5703125,17715.29678138361,0.0077401250600814,-292.27353111638877,-1.6230592247834033,1.6230592247834033,pure_test,held_out_pure_test
NASDAQ,GARCH,3,0a3562dbd0248afa,p=2 q=1,"{""p"": 2, ""q"": 1}",level,2024-07-22,2024-07-23,18007.5703125,17997.349609375,17997.349609375,17983.41869062295,17997.349609375,17983.41869062295,0.0077401250600814,-13.930918752048456,-0.07740539054034767,0.07740539054034767,pure_test,held_out_pure_test
NASDAQ,GARCH,3,0a3562dbd0248afa,p=2 q=1,"{""p"": 2, ""q"": 1}",level,2024-07-23,2024-07-24,17997.349609375,17342.41015625,17342.41015625,17981.760341010406,17342.41015625,17981.760341010406,0.0077401250600814,639.3501847604057,3.686628207959846,3.686628207959846,pure_test,held_out_pure_test
NASDAQ,GARCH,3,0a3562dbd0248afa,p=2 q=1,"{""p"": 2, ""q"": 1}",level,2024-07-24,2024-07-25,17342.41015625,17181.720703125,17181.720703125,17345.800706340415,17181.720703125,17345.800706340415,0.0077401250600814,164.08000321541476,0.9549683995594923,0.9549683995594923,pure_test,held_out_pure_test
NASDAQ,GARCH,3,0a3562dbd0248afa,p=2 q=1,"{""p"": 2, ""q"": 1}",level,2024-07-25,2024-07-26,17181.720703125,17357.880859375,17357.880859375,17170.56107102917,17357.880859375,17170.56107102917,0.0077401250600814,-187.3197883458306,-1.0791627725953603,1.0791627725953603,pure_test,held_out_pure_test
NASDAQ,GARCH,3,0a3562dbd0248afa,p=2 q=1,"{""p"": 2, ""q"": 1}",level,2024-07-26,2024-07-29,17357.880859375,17370.19921875,17370.19921875,17336.804741319083,17370.19921875,17336.804741319083,0.0077401250600814,-33.394477430916595,-0.19225155112135633,0.19225155112135633,pure_test,held_out_pure_test
NASDAQ,GARCH,3,0a3562dbd0248afa,p=2 q=1,"{""p"": 2, ""q"": 1}",level,2024-07-29,2024-07-30,17370.19921875,17147.419921875,17147.419921875,17353.946424911086,17147.419921875,17353.946424911086,0.0077401250600814,206.52650303608607,1.204417364110969,1.204417364110969,pure_test,held_out_pure_test
NASDAQ,GARCH,3,0a3562dbd0248afa,p=2 q=1,"{""p"": 2, ""q"": 1}",level,2024-07-30,2024-07-31,17147.419921875,17599.400390625,17599.400390625,17138.08814721666,17599.400390625,17138.08814721666,0.0077401250600814,-461.3122434083416,-2.6211815923801436,2.6211815923801436,pure_test,held_out_pure_test
NASDAQ,GARCH,3,0a3562dbd0248afa,p=2 q=1,"{""p"": 2, ""q"": 1}",level,2024-07-31,2024-08-01,17599.400390625,17194.150390625,17194.150390625,17570.20442270051,17194.150390625,17570.20442270051,0.0077401250600814,376.0540320755099,2.18710447176588,2.18710447176588,pure_test,held_out_pure_test
NASDAQ,GARCH,3,0a3562dbd0248afa,p=2 q=1,"{""p"": 2, ""q"": 1}",level,2024-08-01,2024-08-02,17194.150390625,16776.16015625,16776.16015625,17190.19035491278,16776.16015625,17190.19035491278,0.0077401250600814,414.0301986627783,2.4679676088364615,2.4679676088364615,pure_test,held_out_pure_test
NASDAQ,GARCH,3,0a3562dbd0248afa,p=2 q=1,"{""p"": 2, ""q"": 1}",level,2024-08-02,2024-08-05,16776.16015625,16200.080078125,16200.080078125,16772.575179174608,16200.080078125,16772.575179174608,0.0077401250600814,572.4951010496079,3.5339029084346882,3.5339029084346882,pure_test,held_out_pure_test
NASDAQ,GARCH,3,0a3562dbd0248afa,p=2 q=1,"{""p"": 2, ""q"": 1}",level,2024-08-05,2024-08-06,16200.080078125,16366.849609375,16366.849609375,16201.149094025546,16366.849609375,16201.149094025546,0.0077401250600814,-165.70051534945378,-1.0124154574899975,1.0124154574899975,pure_test,held_out_pure_test
NASDAQ,GARCH,3,0a3562dbd0248afa,p=2 q=1,"{""p"": 2, ""q"": 1}",level,2024-08-06,2024-08-07,16366.849609375,16195.8095703125,16195.8095703125,16346.04994110076,16195.8095703125,16346.04994110076,0.0077401250600814,150.2403707882604,0.9276496499665963,0.9276496499665963,pure_test,held_out_pure_test
NASDAQ,GARCH,3,0a3562dbd0248afa,p=2 q=1,"{""p"": 2, ""q"": 1}",level,2024-08-07,2024-08-08,16195.8095703125,16660.01953125,16660.01953125,16184.954648203771,16660.01953125,16184.954648203771,0.0077401250600814,-475.0648830462287,-2.851526567271585,2.851526567271585,pure_test,held_out_pure_test
NASDAQ,GARCH,3,0a3562dbd0248afa,p=2 q=1,"{""p"": 2, ""q"": 1}",level,2024-08-08,2024-08-09,16660.01953125,16745.30078125,16745.30078125,16630.463540382923,16745.30078125,16630.463540382923,0.0077401250600814,-114.83724086707662,-0.6857878659048146,0.6857878659048146,pure_test,held_out_pure_test
NASDAQ,GARCH,3,0a3562dbd0248afa,p=2 q=1,"{""p"": 2, ""q"": 1}",level,2024-08-09,2024-08-12,16745.30078125,16780.609375,16780.609375,16726.90003930501,16780.609375,16726.90003930501,0.0077401250600814,-53.70933569499175,-0.32006785030708546,0.32006785030708546,pure_test,held_out_pure_test
NASDAQ,GARCH,3,0a3562dbd0248afa,p=2 q=1,"{""p"": 2, ""q"": 1}",level,2024-08-12,2024-08-13,16780.609375,17187.609375,17187.609375,16763.679773677704,17187.609375,16763.679773677704,0.0077401250600814,-423.92960132229564,-2.4664838027964295,2.4664838027964295,pure_test,held_out_pure_test
NASDAQ,GARCH,3,0a3562dbd0248afa,p=2 q=1,"{""p"": 2, ""q"": 1}",level,2024-08-13,2024-08-14,17187.609375,17192.599609375,17192.599609375,17159.737583130413,17192.599609375,17159.737583130413,0.0077401250600814,-32.86202624458747,-0.19114053134040326,0.19114053134040326,pure_test,held_out_pure_test
NASDAQ,GARCH,3,0a3562dbd0248afa,p=2 q=1,"{""p"": 2, ""q"": 1}",level,2024-08-14,2024-08-15,17192.599609375,17594.5,17594.5,17176.56254756205,17594.5,17176.56254756205,0.0077401250600814,-417.9374524379491,-2.375386924538629,2.375386924538629,pure_test,held_out_pure_test
NASDAQ,GARCH,3,0a3562dbd0248afa,p=2 q=1,"{""p"": 2, ""q"": 1}",level,2024-08-15,2024-08-16,17594.5,17631.720703125,17631.720703125,17566.77833508132,17631.720703125,17566.77833508132,0.0077401250600814,-64.9423680436812,-0.36832688730244567,0.36832688730244567,pure_test,held_out_pure_test
NASDAQ,GARCH,3,0a3562dbd0248afa,p=2 q=1,"{""p"": 2, ""q"": 1}",level,2024-08-16,2024-08-19,17631.720703125,17876.76953125,17876.76953125,17614.73481138335,17876.76953125,17614.73481138335,0.0077401250600814,-262.03471986664954,-1.4657833978817718,1.4657833978817718,pure_test,held_out_pure_test
NASDAQ,GARCH,3,0a3562dbd0248afa,p=2 q=1,"{""p"": 2, ""q"": 1}",level,2024-08-19,2024-08-20,17876.76953125,17816.939453125,17816.939453125,17853.66540565468,17816.939453125,17853.66540565468,0.0077401250600814,36.72595252967949,0.20612941199190046,0.20612941199190046,pure_test,held_out_pure_test
NASDAQ,GARCH,3,0a3562dbd0248afa,p=2 q=1,"{""p"": 2, ""q"": 1}",level,2024-08-20,2024-08-21,17816.939453125,17918.990234375,17918.990234375,17802.810630778404,17918.990234375,17802.810630778404,0.0077401250600814,-116.17960359659628,-0.6483602149284197,0.6483602149284197,pure_test,held_out_pure_test
NASDAQ,GARCH,3,0a3562dbd0248afa,p=2 q=1,"{""p"": 2, ""q"": 1}",level,2024-08-21,2024-08-22,17918.990234375,17619.349609375,17619.349609375,17900.095815677625,17619.349609375,17900.095815677625,0.0077401250600814,280.74620630262507,1.5933971033371408,1.5933971033371408,pure_test,held_out_pure_test
NASDAQ,GARCH,3,0a3562dbd0248afa,p=2 q=1,"{""p"": 2, ""q"": 1}",level,2024-08-22,2024-08-23,17619.349609375,17877.7890625,17877.7890625,17612.280548580686,17877.7890625,17612.280548580686,0.0077401250600814,-265.5085139193143,-1.4851305885258388,1.4851305885258388,pure_test,held_out_pure_test
NASDAQ,GARCH,3,0a3562dbd0248afa,p=2 q=1,"{""p"": 2, ""q"": 1}",level,2024-08-23,2024-08-26,17877.7890625,17725.76953125,17725.76953125,17854.290731475572,17725.76953125,17854.290731475572,0.0077401250600814,128.5212002255721,0.7250528672337361,0.7250528672337361,pure_test,held_out_pure_test
NASDAQ,GARCH,3,0a3562dbd0248afa,p=2 q=1,"{""p"": 2, ""q"": 1}",level,2024-08-26,2024-08-27,17725.76953125,17754.8203125,17754.8203125,17714.354666088268,17754.8203125,17714.354666088268,0.0077401250600814,-40.46564641173245,-0.22791357895772818,0.22791357895772818,pure_test,held_out_pure_test
NASDAQ,GARCH,3,0a3562dbd0248afa,p=2 q=1,"{""p"": 2, ""q"": 1}",level,2024-08-27,2024-08-28,17754.8203125,17556.029296875,17556.029296875,17738.074934368324,17556.029296875,17738.074934368324,0.0077401250600814,182.04563749332374,1.0369408390411385,1.0369408390411385,pure_test,held_out_pure_test
NASDAQ,GARCH,3,0a3562dbd0248afa,p=2 q=1,"{""p"": 2, ""q"": 1}",level,2024-08-28,2024-08-29,17556.029296875,17516.4296875,17516.4296875,17545.991333319293,17516.4296875,17545.991333319293,0.0077401250600814,29.561645819292607,0.1687652469520559,0.1687652469520559,pure_test,held_out_pure_test
NASDAQ,GARCH,3,0a3562dbd0248afa,p=2 q=1,"{""p"": 2, ""q"": 1}",level,2024-08-29,2024-08-30,17516.4296875,17713.619140625,17713.619140625,17501.705302167007,17713.619140625,17501.705302167007,0.0077401250600814,-211.91383845799282,-1.1963328147435586,1.1963328147435586,pure_test,held_out_pure_test
NASDAQ,GARCH,3,0a3562dbd0248afa,p=2 q=1,"{""p"": 2, ""q"": 1}",level,2024-08-30,2024-09-03,17713.619140625,17136.30078125,17136.30078125,17691.923942951926,17136.30078125,17691.923942951926,0.0077401250600814,555.6231617019257,3.2423751706661865,3.2423751706661865,pure_test,held_out_pure_test
NASDAQ,GARCH,3,0a3562dbd0248afa,p=2 q=1,"{""p"": 2, ""q"": 1}",level,2024-09-03,2024-09-04,17136.30078125,17084.30078125,17084.30078125,17137.40625080312,17084.30078125,17137.40625080312,0.0077401250600814,53.1054695531202,0.3108436817701278,0.3108436817701278,pure_test,held_out_pure_test
NASDAQ,GARCH,3,0a3562dbd0248afa,p=2 q=1,"{""p"": 2, ""q"": 1}",level,2024-09-04,2024-09-05,17084.30078125,17127.66015625,17127.66015625,17069.941449923634,17127.66015625,17069.941449923634,0.0077401250600814,-57.71870632636637,-0.3369911931917006,0.3369911931917006,pure_test,held_out_pure_test
NASDAQ,GARCH,3,0a3562dbd0248afa,p=2 q=1,"{""p"": 2, ""q"": 1}",level,2024-09-05,2024-09-06,17127.66015625,16690.830078125,16690.830078125,17110.493548688093,16690.830078125,17110.493548688093,0.0077401250600814,419.66347056309314,2.5143355279441977,2.5143355279441977,pure_test,held_out_pure_test
NASDAQ,GARCH,3,0a3562dbd0248afa,p=2 q=1,"{""p"": 2, ""q"": 1}",level,2024-09-06,2024-09-09,16690.830078125,16884.599609375,16884.599609375,16687.799725549197,16884.599609375,16687.799725549197,0.0077401250600814,-196.79988382580268,-1.1655584874901717,1.1655584874901717,pure_test,held_out_pure_test
NASDAQ,GARCH,3,0a3562dbd0248afa,p=2 q=1,"{""p"": 2, ""q"": 1}",level,2024-09-09,2024-09-10,16884.599609375,17025.880859375,17025.880859375,16863.00509048057,17025.880859375,16863.00509048057,0.0077401250600814,-162.87576889443153,-0.9566363716491465,0.9566363716491465,pure_test,held_out_pure_test
NASDAQ,GARCH,3,0a3562dbd0248afa,p=2 q=1,"{""p"": 2, ""q"": 1}",level,2024-09-10,2024-09-11,17025.880859375,17395.529296875,17395.529296875,17005.83153836591,17395.529296875,17005.83153836591,0.0077401250600814,-389.6977585090899,-2.240217885057954,2.240217885057954,pure_test,held_out_pure_test
NASDAQ,GARCH,3,0a3562dbd0248afa,p=2 q=1,"{""p"": 2, ""q"": 1}",level,2024-09-11,2024-09-12,17395.529296875,17569.6796875,17569.6796875,17368.75709436164,17569.6796875,17368.75709436164,0.0077401250600814,-200.92259313835893,-1.1435757322389086,1.1435757322389086,pure_test,held_out_pure_test
NASDAQ,GARCH,3,0a3562dbd0248afa,p=2 q=1,"{""p"": 2, ""q"": 1}",level,2024-09-12,2024-09-13,17569.6796875,17683.98046875,17683.98046875,17548.662734757174,17683.98046875,17548.662734757174,0.0077401250600814,-135.3177339928261,-0.7651995218607652,0.7651995218607652,pure_test,held_out_pure_test
NASDAQ,GARCH,3,0a3562dbd0248afa,p=2 q=1,"{""p"": 2, ""q"": 1}",level,2024-09-13,2024-09-16,17683.98046875,17592.130859375,17592.130859375,17664.725423382355,17592.130859375,17664.725423382355,0.0077401250600814,72.59456400735507,0.41265361534454936,0.41265361534454936,pure_test,held_out_pure_test
NASDAQ,GARCH,3,0a3562dbd0248afa,p=2 q=1,"{""p"": 2, ""q"": 1}",level,2024-09-16,2024-09-17,17592.130859375,17628.060546875,17628.060546875,17578.944657186636,17628.060546875,17578.944657186636,0.0077401250600814,-49.115889688364405,-0.27862333214569873,0.27862333214569873,pure_test,held_out_pure_test
NASDAQ,GARCH,3,0a3562dbd0248afa,p=2 q=1,"{""p"": 2, ""q"": 1}",level,2024-09-17,2024-09-18,17628.060546875,17573.30078125,17573.30078125,17611.112661228544,17573.30078125,17611.112661228544,0.0077401250600814,37.81187997854431,0.21516663516559198,0.21516663516559198,pure_test,held_out_pure_test
NASDAQ,GARCH,3,0a3562dbd0248afa,p=2 q=1,"{""p"": 2, ""q"": 1}",level,2024-09-18,2024-09-19,17573.30078125,18013.98046875,18013.98046875,17559.02269442062,18013.98046875,17559.02269442062,0.0077401250600814,-454.9577743293812,-2.525581589913598,2.525581589913598,pure_test,held_out_pure_test
NASDAQ,GARCH,3,0a3562dbd0248afa,p=2 q=1,"{""p"": 2, ""q"": 1}",level,2024-09-19,2024-09-20,18013.98046875,17948.3203125,17948.3203125,17985.117183528666,17948.3203125,17985.117183528666,0.0077401250600814,36.79687102866592,0.20501568050932856,0.20501568050932856,pure_test,held_out_pure_test
NASDAQ,GARCH,3,0a3562dbd0248afa,p=2 q=1,"{""p"": 2, ""q"": 1}",level,2024-09-20,2024-09-23,17948.3203125,17974.26953125,17974.26953125,17934.363121309456,17974.26953125,17934.363121309456,0.0077401250600814,-39.90640994054411,-0.22201964798159374,0.22201964798159374,pure_test,held_out_pure_test
NASDAQ,GARCH,3,0a3562dbd0248afa,p=2 q=1,"{""p"": 2, ""q"": 1}",level,2024-09-23,2024-09-24,17974.26953125,18074.51953125,18074.51953125,17957.615459743385,18074.51953125,17957.615459743385,0.0077401250600814,-116.90407150661486,-0.6467893727658607,0.6467893727658607,pure_test,held_out_pure_test
NASDAQ,GARCH,3,0a3562dbd0248afa,p=2 q=1,"{""p"": 2, ""q"": 1}",level,2024-09-24,2024-09-25,18074.51953125,18082.2109375,18082.2109375,18055.67812559312,18082.2109375,18055.67812559312,0.0077401250600814,-26.532811906879942,-0.14673433463744506,0.14673433463744506,pure_test,held_out_pure_test
NASDAQ,GARCH,3,0a3562dbd0248afa,p=2 q=1,"{""p"": 2, ""q"": 1}",level,2024-09-25,2024-09-26,18082.2109375,18190.2890625,18190.2890625,18066.09435612631,18190.2890625,18066.09435612631,0.0077401250600814,-124.19470637369159,-0.6827527915965002,0.6827527915965002,pure_test,held_out_pure_test
NASDAQ,GARCH,3,0a3562dbd0248afa,p=2 q=1,"{""p"": 2, ""q"": 1}",level,2024-09-26,2024-09-27,18190.2890625,18119.58984375,18119.58984375,18171.217205361227,18119.58984375,18171.217205361227,0.0077401250600814,51.62736161122666,0.28492566364041905,0.28492566364041905,pure_test,held_out_pure_test
NASDAQ,GARCH,3,0a3562dbd0248afa,p=2 q=1,"{""p"": 2, ""q"": 1}",level,2024-09-27,2024-09-30,18119.58984375,18189.169921875,18189.169921875,18105.780997076246,18189.169921875,18105.780997076246,0.0077401250600814,-83.38892479875358,-0.4584537126043714,0.4584537126043714,pure_test,held_out_pure_test
NASDAQ,GARCH,3,0a3562dbd0248afa,p=2 q=1,"{""p"": 2, ""q"": 1}",level,2024-09-30,2024-10-01,18189.169921875,17910.359375,17910.359375,18171.231405344915,17910.359375,18171.231405344915,0.0077401250600814,260.8720303449154,1.456542690645566,1.456542690645566,pure_test,held_out_pure_test
NASDAQ,GARCH,3,0a3562dbd0248afa,p=2 q=1,"{""p"": 2, ""q"": 1}",level,2024-10-01,2024-10-02,17910.359375,17925.119140625,17925.119140625,17902.677099371747,17925.119140625,17902.677099371747,0.0077401250600814,-22.442041253252683,-0.1251988401147675,0.1251988401147675,pure_test,held_out_pure_test
NASDAQ,GARCH,3,0a3562dbd0248afa,p=2 q=1,"{""p"": 2, ""q"": 1}",level,2024-10-02,2024-10-03,17925.119140625,17918.48046875,17918.48046875,17908.79447444268,17918.48046875,17908.79447444268,0.0077401250600814,-9.68599430732138,-0.05405589120245908,0.05405589120245908,pure_test,held_out_pure_test
NASDAQ,GARCH,3,0a3562dbd0248afa,p=2 q=1,"{""p"": 2, ""q"": 1}",level,2024-10-03,2024-10-04,17918.48046875,18137.849609375,18137.849609375,17902.78574928316,18137.849609375,17902.78574928316,0.0077401250600814,-235.06386009183916,-1.2959852747391871,1.2959852747391871,pure_test,held_out_pure_test
NASDAQ,GARCH,3,0a3562dbd0248afa,p=2 q=1,"{""p"": 2, ""q"": 1}",level,2024-10-04,2024-10-07,18137.849609375,17923.900390625,17923.900390625,18115.50146583656,17923.900390625,18115.50146583656,0.0077401250600814,191.6010752115617,1.0689697612455915,1.0689697612455915,pure_test,held_out_pure_test
NASDAQ,GARCH,3,0a3562dbd0248afa,p=2 q=1,"{""p"": 2, ""q"": 1}",level,2024-10-07,2024-10-08,17923.900390625,18182.919921875,18182.919921875,17914.308668075028,18182.919921875,17914.308668075028,0.0077401250600814,-268.6112537999725,-1.4772723795413032,1.4772723795413032,pure_test,held_out_pure_test
NASDAQ,GARCH,3,0a3562dbd0248afa,p=2 q=1,"{""p"": 2, ""q"": 1}",level,2024-10-08,2024-10-09,18182.919921875,18291.619140625,18291.619140625,18159.40451398178,18291.619140625,18159.40451398178,0.0077401250600814,-132.21462664322098,-0.7228153266627844,0.7228153266627844,pure_test,held_out_pure_test
NASDAQ,GARCH,3,0a3562dbd0248afa,p=2 q=1,"{""p"": 2, ""q"": 1}",level,2024-10-09,2024-10-10,18291.619140625,18282.05078125,18282.05078125,18272.528999162063,18282.05078125,18272.528999162063,0.0077401250600814,-9.521782087937027,-0.0520826804490803,0.0520826804490803,pure_test,held_out_pure_test
NASDAQ,GARCH,3,0a3562dbd0248afa,p=2 q=1,"{""p"": 2, ""q"": 1}",level,2024-10-10,2024-10-11,18282.05078125,18342.939453125,18342.939453125,18266.442308595248,18342.939453125,18266.442308595248,0.0077401250600814,-76.4971445297524,-0.41703863617518483,0.41703863617518483,pure_test,held_out_pure_test
NASDAQ,GARCH,3,0a3562dbd0248afa,p=2 q=1,"{""p"": 2, ""q"": 1}",level,2024-10-11,2024-10-14,18342.939453125,18502.689453125,18502.689453125,18325.25680213744,18502.689453125,18325.25680213744,0.0077401250600814,-177.43265098756092,-0.9589560017048956,0.9589560017048956,pure_test,held_out_pure_test
NASDAQ,GARCH,3,0a3562dbd0248afa,p=2 q=1,"{""p"": 2, ""q"": 1}",level,2024-10-14,2024-10-15,18502.689453125,18315.58984375,18315.58984375,18482.09643221252,18315.58984375,18482.09643221252,0.0077401250600814,166.50658846251827,0.9090976041884715,0.9090976041884715,pure_test,held_out_pure_test
NASDAQ,GARCH,3,0a3562dbd0248afa,p=2 q=1,"{""p"": 2, ""q"": 1}",level,2024-10-15,2024-10-16,18315.58984375,18367.080078125,18367.080078125,18305.20769791619,18367.080078125,18305.20769791619,0.0077401250600814,-61.87238020880977,-0.3368656310400646,0.3368656310400646,pure_test,held_out_pure_test
NASDAQ,GARCH,3,0a3562dbd0248afa,p=2 q=1,"{""p"": 2, ""q"": 1}",level,2024-10-16,2024-10-17,18367.080078125,18373.609375,18373.609375,18349.674106910617,18373.609375,18349.674106910617,0.0077401250600814,-23.93526808938259,-0.1302698212467173,0.1302698212467173,pure_test,held_out_pure_test
NASDAQ,GARCH,3,0a3562dbd0248afa,p=2 q=1,"{""p"": 2, ""q"": 1}",level,2024-10-17,2024-10-18,18373.609375,18489.55078125,18489.55078125,18357.527004861768,18489.55078125,18357.527004861768,0.0077401250600814,-132.02377638823236,-0.7140453435035093,0.7140453435035093,pure_test,held_out_pure_test
NASDAQ,GARCH,3,0a3562dbd0248afa,p=2 q=1,"{""p"": 2, ""q"": 1}",level,2024-10-18,2024-10-21,18489.55078125,18540.009765625,18540.009765625,18470.247437667585,18540.009765625,18470.247437667585,0.0077401250600814,-69.76232795741453,-0.37627988787126065,0.37627988787126065,pure_test,held_out_pure_test
NASDAQ,GARCH,3,0a3562dbd0248afa,p=2 q=1,"{""p"": 2, ""q"": 1}",level,2024-10-21,2024-10-22,18540.009765625,18579.76953125,18579.76953125,18522.63415328847,18579.76953125,18522.63415328847,0.0077401250600814,-57.13537796153105,-0.307513921878487,0.307513921878487,pure_test,held_out_pure_test
NASDAQ,GARCH,3,0a3562dbd0248afa,p=2 q=1,"{""p"": 2, ""q"": 1}",level,2024-10-22,2024-10-23,18579.76953125,18276.650390625,18276.650390625,18562.70889227121,18276.650390625,18562.70889227121,0.0077401250600814,286.05850164621006,1.5651582512786022,1.5651582512786022,pure_test,held_out_pure_test
NASDAQ,GARCH,3,0a3562dbd0248afa,p=2 q=1,"{""p"": 2, ""q"": 1}",level,2024-10-23,2024-10-24,18276.650390625,18415.490234375,18415.490234375,18269.683733545568,18415.490234375,18269.683733545568,0.0077401250600814,-145.80650082943248,-0.791760083352356,0.791760083352356,pure_test,held_out_pure_test
NASDAQ,GARCH,3,0a3562dbd0248afa,p=2 q=1,"{""p"": 2, ""q"": 1}",level,2024-10-24,2024-10-25,18415.490234375,18518.609375,18518.609375,18395.51278570932,18518.609375,18395.51278570932,0.0077401250600814,-123.09658929067882,-0.6647183208954037,0.6647183208954037,pure_test,held_out_pure_test
NASDAQ,GARCH,3,0a3562dbd0248afa,p=2 q=1,"{""p"": 2, ""q"": 1}",level,2024-10-25,2024-10-28,18518.609375,18567.189453125,18567.189453125,18499.68350496515,18567.189453125,18499.68350496515,0.0077401250600814,-67.50594815985096,-0.3635765570781591,0.3635765570781591,pure_test,held_out_pure_test
NASDAQ,GARCH,3,0a3562dbd0248afa,p=2 q=1,"{""p"": 2, ""q"": 1}",level,2024-10-28,2024-10-29,18567.189453125,18712.75,18712.75,18549.86915374395,18712.75,18549.86915374395,0.0077401250600814,-162.88084625604824,-0.8704270951947108,0.8704270951947108,pure_test,held_out_pure_test
NASDAQ,GARCH,3,0a3562dbd0248afa,p=2 q=1,"{""p"": 2, ""q"": 1}",level,2024-10-29,2024-10-30,18712.75,18607.9296875,18607.9296875,18692.57470114739,18607.9296875,18692.57470114739,0.0077401250600814,84.64501364739044,0.4548867878851202,0.4548867878851202,pure_test,held_out_pure_test
NASDAQ,GARCH,3,0a3562dbd0248afa,p=2 q=1,"{""p"": 2, ""q"": 1}",level,2024-10-30,2024-10-31,18607.9296875,18095.150390625,18095.150390625,18595.12532869768,18095.150390625,18595.12532869768,0.0077401250600814,499.9749380726789,2.763032786573099,2.763032786573099,pure_test,held_out_pure_test
NASDAQ,GARCH,3,0a3562dbd0248afa,p=2 q=1,"{""p"": 2, ""q"": 1}",level,2024-10-31,2024-11-01,18095.150390625,18239.919921875,18239.919921875,18094.355900405728,18239.919921875,18094.355900405728,0.0077401250600814,-145.56402146927212,-0.7980518669640554,0.7980518669640554,pure_test,held_out_pure_test
NASDAQ,GARCH,3,0a3562dbd0248afa,p=2 q=1,"{""p"": 2, ""q"": 1}",level,2024-11-01,2024-11-04,18239.919921875,18179.98046875,18179.98046875,18219.767909661652,18179.98046875,18219.767909661652,0.0077401250600814,39.787440911652084,0.21885304541467282,0.21885304541467282,pure_test,held_out_pure_test
NASDAQ,GARCH,3,0a3562dbd0248afa,p=2 q=1,"{""p"": 2, ""q"": 1}",level,2024-11-04,2024-11-05,18179.98046875,18439.169921875,18439.169921875,18165.85486628439,18439.169921875,18165.85486628439,0.0077401250600814,-273.3150555906104,-1.4822524915634498,1.4822524915634498,pure_test,held_out_pure_test
NASDAQ,GARCH,3,0a3562dbd0248afa,p=2 q=1,"{""p"": 2, ""q"": 1}",level,2024-11-05,2024-11-06,18439.169921875,18983.470703125,18983.470703125,18415.649511666677,18983.470703125,18415.649511666677,0.0077401250600814,-567.8211914583226,-2.991134763175048,2.991134763175048,pure_test,held_out_pure_test
NASDAQ,GARCH,3,0a3562dbd0248afa,p=2 q=1,"{""p"": 2, ""q"": 1}",level,2024-11-06,2024-11-07,18983.470703125,19269.4609375,19269.4609375,18951.55692565804,19269.4609375,18951.55692565804,0.0077401250600814,-317.9040118419616,-1.6497815526499422,1.6497815526499422,pure_test,held_out_pure_test
NASDAQ,GARCH,3,0a3562dbd0248afa,p=2 q=1,"{""p"": 2, ""q"": 1}",level,2024-11-07,2024-11-08,19269.4609375,19286.779296875,19286.779296875,19245.15154145471,19286.779296875,19245.15154145471,0.0077401250600814,-41.62775542028976,-0.21583570164581406,0.21583570164581406,pure_test,held_out_pure_test
NASDAQ,GARCH,3,0a3562dbd0248afa,p=2 q=1,"{""p"": 2, ""q"": 1}",level,2024-11-08,2024-11-11,19286.779296875,19298.759765625,19298.759765625,19270.379308476793,19298.759765625,19270.379308476793,0.0077401250600814,-28.380457148206915,-0.1470584508687354,0.1470584508687354,pure_test,held_out_pure_test
NASDAQ,GARCH,3,0a3562dbd0248afa,p=2 q=1,"{""p"": 2, ""q"": 1}",level,2024-11-11,2024-11-12,19298.759765625,19281.400390625,19281.400390625,19282.516918918413,19281.400390625,19282.516918918413,0.0077401250600814,1.116528293412557,0.005790701249871018,0.005790701249871018,pure_test,held_out_pure_test
NASDAQ,GARCH,3,0a3562dbd0248afa,p=2 q=1,"{""p"": 2, ""q"": 1}",level,2024-11-12,2024-11-13,19281.400390625,19230.720703125,19230.720703125,19266.021276992524,19230.720703125,19266.021276992524,0.0077401250600814,35.30057386752378,0.18356344732201027,0.18356344732201027,pure_test,held_out_pure_test
NASDAQ,GARCH,3,0a3562dbd0248afa,p=2 q=1,"{""p"": 2, ""q"": 1}",level,2024-11-13,2024-11-14,19230.720703125,19107.650390625,19107.650390625,19216.32250323532,19107.650390625,19216.32250323532,0.0077401250600814,108.67211261031844,0.5687361365143956,0.5687361365143956,pure_test,held_out_pure_test
NASDAQ,GARCH,3,0a3562dbd0248afa,p=2 q=1,"{""p"": 2, ""q"": 1}",level,2024-11-14,2024-11-15,19107.650390625,18680.119140625,18680.119140625,19095.383291964103,18680.119140625,19095.383291964103,0.0077401250600814,415.2641513391027,2.2230273169725017,2.2230273169725017,pure_test,held_out_pure_test
NASDAQ,GARCH,3,0a3562dbd0248afa,p=2 q=1,"{""p"": 2, ""q"": 1}",level,2024-11-15,2024-11-18,18680.119140625,18791.810546875,18791.810546875,18676.815040667636,18791.810546875,18676.815040667636,0.0077401250600814,-114.99550620736409,-0.6119447932944777,0.6119447932944777,pure_test,held_out_pure_test
NASDAQ,GARCH,3,0a3562dbd0248afa,p=2 q=1,"{""p"": 2, ""q"": 1}",level,2024-11-18,2024-11-19,18791.810546875,18987.470703125,18987.470703125,18772.632318667984,18987.470703125,18772.632318667984,0.0077401250600814,-214.83838445701622,-1.1314744750160832,1.1314744750160832,pure_test,held_out_pure_test
NASDAQ,GARCH,3,0a3562dbd0248afa,p=2 q=1,"{""p"": 2, ""q"": 1}",level,2024-11-19,2024-11-20,18987.470703125,18966.140625,18966.140625,18965.820526287836,18966.140625,18965.820526287836,0.0077401250600814,-0.320098712163599,-0.001687737734801273,0.001687737734801273,pure_test,held_out_pure_test
NASDAQ,GARCH,3,0a3562dbd0248afa,p=2 q=1,"{""p"": 2, ""q"": 1}",level,2024-11-20,2024-11-21,18966.140625,18972.419921875,18972.419921875,18950.87840454684,18972.419921875,18950.87840454684,0.0077401250600814,-21.541517328161717,-0.11354122150398208,0.11354122150398208,pure_test,held_out_pure_test
NASDAQ,GARCH,3,0a3562dbd0248afa,p=2 q=1,"{""p"": 2, ""q"": 1}",level,2024-11-21,2024-11-22,18972.419921875,19003.650390625,19003.650390625,18956.344911464737,19003.650390625,18956.344911464737,0.0077401250600814,-47.30547916026262,-0.2489283805368239,0.2489283805368239,pure_test,held_out_pure_test
NASDAQ,GARCH,3,0a3562dbd0248afa,p=2 q=1,"{""p"": 2, ""q"": 1}",level,2024-11-22,2024-11-25,19003.650390625,19054.83984375,19054.83984375,18986.84084486513,19054.83984375,18986.84084486513,0.0077401250600814,-67.99899888486834,-0.3568594616510097,0.3568594616510097,pure_test,held_out_pure_test
NASDAQ,GARCH,3,0a3562dbd0248afa,p=2 q=1,"{""p"": 2, ""q"": 1}",level,2024-11-25,2024-11-26,19054.83984375,19174.30078125,19174.30078125,19037.442727208323,19174.30078125,19037.442727208323,0.0077401250600814,-136.85805404167695,-0.7137577302193284,0.7137577302193284,pure_test,held_out_pure_test
NASDAQ,GARCH,3,0a3562dbd0248afa,p=2 q=1,"{""p"": 2, ""q"": 1}",level,2024-11-26,2024-11-27,19174.30078125,19060.48046875,19060.48046875,19154.893826497333,19060.48046875,19154.893826497333,0.0077401250600814,94.41335774733307,0.4953356653423583,0.4953356653423583,pure_test,held_out_pure_test
NASDAQ,GARCH,3,0a3562dbd0248afa,p=2 q=1,"{""p"": 2, ""q"": 1}",level,2024-11-27,2024-11-29,19060.48046875,19218.169921875,19218.169921875,19047.941060154408,19218.169921875,19047.941060154408,0.0077401250600814,-170.22886172059225,-0.8857704058846414,0.8857704058846414,pure_test,held_out_pure_test
NASDAQ,GARCH,3,0a3562dbd0248afa,p=2 q=1,"{""p"": 2, ""q"": 1}",level,2024-11-29,2024-12-02,19218.169921875,19403.94921875,19403.94921875,19197.637561220352,19403.94921875,19197.637561220352,0.0077401250600814,-206.31165752964807,-1.063245709436765,1.063245709436765,pure_test,held_out_pure_test
NASDAQ,GARCH,3,0a3562dbd0248afa,p=2 q=1,"{""p"": 2, ""q"": 1}",level,2024-12-02,2024-12-03,19403.94921875,19480.91015625,19480.91015625,19382.589923661068,19480.91015625,19382.589923661068,0.0077401250600814,-98.32023258893241,-0.504700405680936,0.504700405680936,pure_test,held_out_pure_test
NASDAQ,GARCH,3,0a3562dbd0248afa,p=2 q=1,"{""p"": 2, ""q"": 1}",level,2024-12-03,2024-12-04,19480.91015625,19735.119140625,19735.119140625,19462.754355251334,19735.119140625,19462.754355251334,0.0077401250600814,-272.36478537366565,-1.3801020578234018,1.3801020578234018,pure_test,held_out_pure_test
NASDAQ,GARCH,3,0a3562dbd0248afa,p=2 q=1,"{""p"": 2, ""q"": 1}",level,2024-12-04,2024-12-05,19735.119140625,19700.259765625,19700.259765625,19711.745349997225,19700.259765625,19711.745349997225,0.0077401250600814,11.485584372225276,0.05830168997195906,0.05830168997195906,pure_test,held_out_pure_test
NASDAQ,GARCH,3,0a3562dbd0248afa,p=2 q=1,"{""p"": 2, ""q"": 1}",level,2024-12-05,2024-12-06,19700.259765625,19859.76953125,19859.76953125,19685.395832950053,19859.76953125,19685.395832950053,0.0077401250600814,-174.37369829994714,-0.8780247828433476,0.8780247828433476,pure_test,held_out_pure_test
NASDAQ,GARCH,3,0a3562dbd0248afa,p=2 q=1,"{""p"": 2, ""q"": 1}",level,2024-12-06,2024-12-09,19859.76953125,19736.689453125,19736.689453125,19839.183582576108,19736.689453125,19839.183582576108,0.0077401250600814,102.49412945110817,0.5193076057387112,0.5193076057387112,pure_test,held_out_pure_test
NASDAQ,GARCH,3,0a3562dbd0248afa,p=2 q=1,"{""p"": 2, ""q"": 1}",level,2024-12-09,2024-12-10,19736.689453125,19687.240234375,19687.240234375,19724.42264195348,19687.240234375,19724.42264195348,0.0077401250600814,37.18240757847889,0.18886551459638495,0.18886551459638495,pure_test,held_out_pure_test
NASDAQ,GARCH,3,0a3562dbd0248afa,p=2 q=1,"{""p"": 2, ""q"": 1}",level,2024-12-10,2024-12-11,19687.240234375,20034.890625,20034.890625,19672.805810824244,20034.890625,19672.805810824244,0.0077401250600814,-362.08481417575604,-1.8072712297412705,1.8072712297412705,pure_test,held_out_pure_test
NASDAQ,GARCH,3,0a3562dbd0248afa,p=2 q=1,"{""p"": 2, ""q"": 1}",level,2024-12-11,2024-12-12,20034.890625,19902.83984375,19902.83984375,20008.76602104966,19902.83984375,20008.76602104966,0.0077401250600814,105.9261772996615,0.5322163979173306,0.5322163979173306,pure_test,held_out_pure_test
NASDAQ,GARCH,3,0a3562dbd0248afa,p=2 q=1,"{""p"": 2, ""q"": 1}",level,2024-12-12,2024-12-13,19902.83984375,19926.720703125,19926.720703125,19890.837120317086,19926.720703125,19890.837120317086,0.0077401250600814,-35.883582807913626,-0.1800777124471173,0.1800777124471173,pure_test,held_out_pure_test
NASDAQ,GARCH,3,0a3562dbd0248afa,p=2 q=1,"{""p"": 2, ""q"": 1}",level,2024-12-13,2024-12-16,19926.720703125,20173.890625,20173.890625,19910.12752186772,20173.890625,19910.12752186772,0.0077401250600814,-263.7631031322817,-1.3074478693039988,1.3074478693039988,pure_test,held_out_pure_test
NASDAQ,GARCH,3,0a3562dbd0248afa,p=2 q=1,"{""p"": 2, ""q"": 1}",level,2024-12-16,2024-12-17,20173.890625,20109.060546875,20109.060546875,20150.72405671273,20109.060546875,20150.72405671273,0.0077401250600814,41.66350983773009,0.20718774872953827,0.20718774872953827,pure_test,held_out_pure_test
NASDAQ,GARCH,3,0a3562dbd0248afa,p=2 q=1,"{""p"": 2, ""q"": 1}",level,2024-12-17,2024-12-18,20109.060546875,19392.689453125,19392.689453125,20095.078919087697,19392.689453125,20095.078919087697,0.0077401250600814,702.3894659626967,3.6219291174670536,3.6219291174670536,pure_test,held_out_pure_test
NASDAQ,GARCH,3,0a3562dbd0248afa,p=2 q=1,"{""p"": 2, ""q"": 1}",level,2024-12-18,2024-12-19,19392.689453125,19372.76953125,19372.76953125,19397.888483869123,19372.76953125,19397.888483869123,0.0077401250600814,25.118952619122865,0.12966113378164004,0.12966113378164004,pure_test,held_out_pure_test
NASDAQ,GARCH,3,0a3562dbd0248afa,p=2 q=1,"{""p"": 2, ""q"": 1}",level,2024-12-19,2024-12-20,19372.76953125,19572.599609375,19572.599609375,19357.46579733129,19572.599609375,19357.46579733129,0.0077401250600814,-215.13381204371035,-1.099158090071307,1.099158090071307,pure_test,held_out_pure_test
NASDAQ,GARCH,3,0a3562dbd0248afa,p=2 q=1,"{""p"": 2, ""q"": 1}",level,2024-12-20,2024-12-23,19572.599609375,19764.880859375,19764.880859375,19550.8266745753,19764.880859375,19550.8266745753,0.0077401250600814,-214.05418479970103,-1.0830026566953452,1.0830026566953452,pure_test,held_out_pure_test
NASDAQ,GARCH,3,0a3562dbd0248afa,p=2 q=1,"{""p"": 2, ""q"": 1}",level,2024-12-23,2024-12-24,19764.880859375,20031.130859375,20031.130859375,19743.33015386111,20031.130859375,19743.33015386111,0.0077401250600814,-287.80070551389144,-1.4367671377834095,1.4367671377834095,pure_test,held_out_pure_test
NASDAQ,GARCH,3,0a3562dbd0248afa,p=2 q=1,"{""p"": 2, ""q"": 1}",level,2024-12-24,2024-12-26,20031.130859375,20020.359375,20020.359375,20007.402594349547,20020.359375,20007.402594349547,0.0077401250600814,-12.956780650452856,-0.06471802232797261,0.06471802232797261,pure_test,held_out_pure_test
NASDAQ,GARCH,3,0a3562dbd0248afa,p=2 q=1,"{""p"": 2, ""q"": 1}",level,2024-12-26,2024-12-27,20020.359375,19722.029296875,19722.029296875,20004.786321036077,19722.029296875,20004.786321036077,0.0077401250600814,282.7570241610774,1.4337116120493794,1.4337116120493794,pure_test,held_out_pure_test
NASDAQ,GARCH,3,0a3562dbd0248afa,p=2 q=1,"{""p"": 2, ""q"": 1}",level,2024-12-27,2024-12-30,19722.029296875,19486.7890625,19486.7890625,19714.921655006743,19486.7890625,19714.921655006743,0.0077401250600814,228.1325925067431,1.1707038639103302,1.1707038639103302,pure_test,held_out_pure_test
NASDAQ,GARCH,3,0a3562dbd0248afa,p=2 q=1,"{""p"": 2, ""q"": 1}",level,2024-12-30,2024-12-31,19486.7890625,19310.7890625,19310.7890625,19477.824124282397,19310.7890625,19477.824124282397,0.0077401250600814,167.03506178239695,0.8649830995604711,0.8649830995604711,pure_test,held_out_pure_test
NASDAQ,GARCH,3,0a3562dbd0248afa,p=2 q=1,"{""p"": 2, ""q"": 1}",level,2024-12-31,2025-01-02,19310.7890625,19280.7890625,19280.7890625,19300.080156244137,19280.7890625,19300.080156244137,0.0077401250600814,19.29109374413747,0.10005344533153734,0.10005344533153734,pure_test,held_out_pure_test
NASDAQ,GARCH,3,0a3562dbd0248afa,p=2 q=1,"{""p"": 2, ""q"": 1}",level,2025-01-02,2025-01-03,19280.7890625,19621.6796875,19621.6796875,19265.78207511274,19621.6796875,19265.78207511274,0.0077401250600814,-355.89761238725987,-1.8137978911865766,1.8137978911865766,pure_test,held_out_pure_test
NASDAQ,GARCH,3,0a3562dbd0248afa,p=2 q=1,"{""p"": 2, ""q"": 1}",level,2025-01-03,2025-01-06,19621.6796875,19864.98046875,19864.98046875,19595.754083694083,19864.98046875,19595.754083694083,0.0077401250600814,-269.2263850559175,-1.3552813982346619,1.3552813982346619,pure_test,held_out_pure_test
NASDAQ,GARCH,3,0a3562dbd0248afa,p=2 q=1,"{""p"": 2, ""q"": 1}",level,2025-01-06,2025-01-07,19864.98046875,19489.6796875,19489.6796875,19841.92780375256,19489.6796875,19841.92780375256,0.0077401250600814,352.24811625255825,1.8073571341373962,1.8073571341373962,pure_test,held_out_pure_test
NASDAQ,GARCH,3,0a3562dbd0248afa,p=2 q=1,"{""p"": 2, ""q"": 1}",level,2025-01-07,2025-01-08,19489.6796875,19478.880859375,19478.880859375,19484.837979376756,19478.880859375,19484.837979376756,0.0077401250600814,5.957120001756266,0.030582455145974984,0.030582455145974984,pure_test,held_out_pure_test
NASDAQ,GARCH,3,0a3562dbd0248afa,p=2 q=1,"{""p"": 2, ""q"": 1}",level,2025-01-08,2025-01-10,19478.880859375,19161.630859375,19161.630859375,19463.30861038132,19161.630859375,19463.30861038132,0.0077401250600814,301.67775100631843,1.5743845250975592,1.5743845250975592,pure_test,held_out_pure_test
NASDAQ,GARCH,3,0a3562dbd0248afa,p=2 q=1,"{""p"": 2, ""q"": 1}",level,2025-01-10,2025-01-13,19161.630859375,19088.099609375,19088.099609375,19155.0801994192,19088.099609375,19155.0801994192,0.0077401250600814,66.98059004420065,0.35090234970957274,0.35090234970957274,pure_test,held_out_pure_test
NASDAQ,GARCH,3,0a3562dbd0248afa,p=2 q=1,"{""p"": 2, ""q"": 1}",level,2025-01-13,2025-01-14,19088.099609375,19044.390625,19044.390625,19074.374134619597,19044.390625,19074.374134619597,0.0077401250600814,29.98350961959659,0.15744011037158923,0.15744011037158923,pure_test,held_out_pure_test
NASDAQ,GARCH,3,0a3562dbd0248afa,p=2 q=1,"{""p"": 2, ""q"": 1}",level,2025-01-14,2025-01-15,19044.390625,19511.23046875,19511.23046875,19029.78721519543,19511.23046875,19029.78721519543,0.0077401250600814,-481.44325355457113,-2.467518664830856,2.467518664830856,pure_test,held_out_pure_test
NASDAQ,GARCH,3,0a3562dbd0248afa,p=2 q=1,"{""p"": 2, ""q"": 1}",level,2025-01-15,2025-01-16,19511.23046875,19338.2890625,19338.2890625,19481.597056994608,19338.2890625,19481.597056994608,0.0077401250600814,143.30799449460756,0.7410582913071891,0.7410582913071891,pure_test,held_out_pure_test
NASDAQ,GARCH,3,0a3562dbd0248afa,p=2 q=1,"{""p"": 2, ""q"": 1}",level,2025-01-16,2025-01-17,19338.2890625,19630.19921875,19630.19921875,19327.490114572316,19630.19921875,19327.490114572316,0.0077401250600814,-302.7091041776839,-1.5420582379446663,1.5420582379446663,pure_test,held_out_pure_test
NASDAQ,GARCH,3,0a3562dbd0248afa,p=2 q=1,"{""p"": 2, ""q"": 1}",level,2025-01-17,2025-01-21,19630.19921875,19756.779296875,19756.779296875,19605.71554664642,19756.779296875,19605.71554664642,0.0077401250600814,-151.063750228579,-0.764617288873968,0.764617288873968,pure_test,held_out_pure_test
NASDAQ,GARCH,3,0a3562dbd0248afa,p=2 q=1,"{""p"": 2, ""q"": 1}",level,2025-01-21,2025-01-22,19756.779296875,20009.33984375,20009.33984375,19737.16276236896,20009.33984375,19737.16276236896,0.0077401250600814,-272.1770813810399,-1.3602501806977683,1.3602501806977683,pure_test,held_out_pure_test
NASDAQ,GARCH,3,0a3562dbd0248afa,p=2 q=1,"{""p"": 2, ""q"": 1}",level,2025-01-22,2025-01-23,20009.33984375,20053.6796875,20053.6796875,19986.01458132849,20053.6796875,19986.01458132849,0.0077401250600814,-67.66510617150925,-0.3374199011151392,0.3374199011151392,pure_test,held_out_pure_test
NASDAQ,GARCH,3,0a3562dbd0248afa,p=2 q=1,"{""p"": 2, ""q"": 1}",level,2025-01-23,2025-01-24,20053.6796875,19954.30078125,19954.30078125,20036.48421600498,19954.30078125,20036.48421600498,0.0077401250600814,82.18343475498114,0.4118582537966179,0.4118582537966179,pure_test,held_out_pure_test
NASDAQ,GARCH,3,0a3562dbd0248afa,p=2 q=1,"{""p"": 2, ""q"": 1}",level,2025-01-24,2025-01-27,19954.30078125,19341.830078125,19341.830078125,19941.336233368696,19341.830078125,19941.336233368696,0.0077401250600814,599.5061552436964,3.099531703164526,3.099531703164526,pure_test,held_out_pure_test
NASDAQ,GARCH,3,0a3562dbd0248afa,p=2 q=1,"{""p"": 2, ""q"": 1}",level,2025-01-27,2025-01-28,19341.830078125,19733.58984375,19733.58984375,19343.97039442741,19733.58984375,19343.97039442741,0.0077401250600814,-389.6194493225885,-1.9743972202097244,1.9743972202097244,pure_test,held_out_pure_test
NASDAQ,GARCH,3,0a3562dbd0248afa,p=2 q=1,"{""p"": 2, ""q"": 1}",level,2025-01-28,2025-01-29,19733.58984375,19632.3203125,19632.3203125,19706.166707796885,19632.3203125,19706.166707796885,0.0077401250600814,73.84639529688502,0.37614705812367294,0.37614705812367294,pure_test,held_out_pure_test
NASDAQ,GARCH,3,0a3562dbd0248afa,p=2 q=1,"{""p"": 2, ""q"": 1}",level,2025-01-29,2025-01-30,19632.3203125,19681.75,19681.75,19619.41142256143,19681.75,19619.41142256143,0.0077401250600814,-62.33857743857152,-0.3167328994554423,0.3167328994554423,pure_test,held_out_pure_test
NASDAQ,GARCH,3,0a3562dbd0248afa,p=2 q=1,"{""p"": 2, ""q"": 1}",level,2025-01-30,2025-01-31,19681.75,19627.439453125,19627.439453125,19664.404689043447,19627.439453125,19664.404689043447,0.0077401250600814,36.96523591844743,0.188334479424732,0.188334479424732,pure_test,held_out_pure_test
NASDAQ,GARCH,3,0a3562dbd0248afa,p=2 q=1,"{""p"": 2, ""q"": 1}",level,2025-01-31,2025-02-03,19627.439453125,19391.9609375,19391.9609375,19613.148141784433,19391.9609375,19613.148141784433,0.0077401250600814,221.1872042844334,1.1406128807567035,1.1406128807567035,pure_test,held_out_pure_test
NASDAQ,GARCH,3,0a3562dbd0248afa,p=2 q=1,"{""p"": 2, ""q"": 1}",level,2025-02-03,2025-02-04,19391.9609375,19654.01953125,19654.01953125,19383.003014023114,19654.01953125,19383.003014023114,0.0077401250600814,-271.0165172268862,-1.3789368469689798,1.3789368469689798,pure_test,held_out_pure_test
NASDAQ,GARCH,3,0a3562dbd0248afa,p=2 q=1,"{""p"": 2, ""q"": 1}",level,2025-02-04,2025-02-05,19654.01953125,19692.330078125,19692.330078125,19630.414656663703,19692.330078125,19630.414656663703,0.0077401250600814,-61.91542146129723,-0.3144138921887932,0.3144138921887932,pure_test,held_out_pure_test
NASDAQ,GARCH,3,0a3562dbd0248afa,p=2 q=1,"{""p"": 2, ""q"": 1}",level,2025-02-05,2025-02-06,19692.330078125,19791.990234375,19791.990234375,19675.312102569253,19791.990234375,19675.312102569253,0.0077401250600814,-116.6781318057474,-0.5895219754256913,0.5895219754256913,pure_test,held_out_pure_test
NASDAQ,GARCH,3,0a3562dbd0248afa,p=2 q=1,"{""p"": 2, ""q"": 1}",level,2025-02-06,2025-02-07,19791.990234375,19523.400390625,19523.400390625,19773.16619307629,19523.400390625,19773.16619307629,0.0077401250600814,249.76580245128935,1.2793150652753356,1.2793150652753356,pure_test,held_out_pure_test
NASDAQ,GARCH,3,0a3562dbd0248afa,p=2 q=1,"{""p"": 2, ""q"": 1}",level,2025-02-07,2025-02-10,19523.400390625,19714.26953125,19714.26953125,19515.417228618317,19714.26953125,19515.417228618317,0.0077401250600814,-198.85230263168341,-1.0086719283028642,1.0086719283028642,pure_test,held_out_pure_test
NASDAQ,GARCH,3,0a3562dbd0248afa,p=2 q=1,"{""p"": 2, ""q"": 1}",level,2025-02-10,2025-02-11,19714.26953125,19643.859375,19643.859375,19692.760396699538,19643.859375,19692.760396699538,0.0077401250600814,48.90102169953752,0.2489379544315615,0.2489379544315615,pure_test,held_out_pure_test
NASDAQ,GARCH,3,0a3562dbd0248afa,p=2 q=1,"{""p"": 2, ""q"": 1}",level,2025-02-11,2025-02-12,19643.859375,19649.94921875,19649.94921875,19630.042018640783,19649.94921875,19630.042018640783,0.0077401250600814,-19.90720010921723,-0.10130916822025046,0.10130916822025046,pure_test,held_out_pure_test
NASDAQ,GARCH,3,0a3562dbd0248afa,p=2 q=1,"{""p"": 2, ""q"": 1}",level,2025-02-12,2025-02-13,19649.94921875,19945.640625,19945.640625,19633.87978563358,19945.640625,19633.87978563358,0.0077401250600814,-311.76083936641953,-1.563052524748974,1.563052524748974,pure_test,held_out_pure_test
NASDAQ,GARCH,3,0a3562dbd0248afa,p=2 q=1,"{""p"": 2, ""q"": 1}",level,2025-02-13,2025-02-14,19945.640625,20026.76953125,20026.76953125,19921.045637010953,20026.76953125,19921.045637010953,0.0077401250600814,-105.72389423904679,-0.5279128721887673,0.5279128721887673,pure_test,held_out_pure_test
NASDAQ,GARCH,3,0a3562dbd0248afa,p=2 q=1,"{""p"": 2, ""q"": 1}",level,2025-02-14,2025-02-18,20026.76953125,20041.259765625,20041.259765625,20008.491029786674,20041.259765625,20008.491029786674,0.0077401250600814,-32.76873583832639,-0.16350636747162825,0.16350636747162825,pure_test,held_out_pure_test
NASDAQ,GARCH,3,0a3562dbd0248afa,p=2 q=1,"{""p"": 2, ""q"": 1}",level,2025-02-18,2025-02-19,20041.259765625,20056.25,20056.25,20024.943034149393,20056.25,20024.943034149393,0.0077401250600814,-31.306965850606502,-0.15609580978800375,0.15609580978800375,pure_test,held_out_pure_test
NASDAQ,GARCH,3,0a3562dbd0248afa,p=2 q=1,"{""p"": 2, ""q"": 1}",level,2025-02-19,2025-02-20,20056.25,19962.359375,19962.359375,20039.91854906846,19962.359375,20039.91854906846,0.0077401250600814,77.55917406846129,0.38852709046803885,0.38852709046803885,pure_test,held_out_pure_test
NASDAQ,GARCH,3,0a3562dbd0248afa,p=2 q=1,"{""p"": 2, ""q"": 1}",level,2025-02-20,2025-02-21,19962.359375,19524.009765625,19524.009765625,19949.23325809072,19524.009765625,19949.23325809072,0.0077401250600814,425.2234924657205,2.1779516481004397,2.1779516481004397,pure_test,held_out_pure_test
NASDAQ,GARCH,3,0a3562dbd0248afa,p=2 q=1,"{""p"": 2, ""q"": 1}",level,2025-02-21,2025-02-24,19524.009765625,19286.9296875,19286.9296875,19521.02414639573,19286.9296875,19521.02414639573,0.0077401250600814,234.0944588957318,1.2137466288760836,1.2137466288760836,pure_test,held_out_pure_test
NASDAQ,GARCH,3,0a3562dbd0248afa,p=2 q=1,"{""p"": 2, ""q"": 1}",level,2025-02-24,2025-02-25,19286.9296875,19026.390625,19026.390625,19278.01891228039,19026.390625,19278.01891228039,0.0077401250600814,251.6282872803895,1.3225224491594263,1.3225224491594263,pure_test,held_out_pure_test
NASDAQ,GARCH,3,0a3562dbd0248afa,p=2 q=1,"{""p"": 2, ""q"": 1}",level,2025-02-25,2025-02-26,19026.390625,19075.259765625,19075.259765625,19018.1704567537,19075.259765625,19018.1704567537,0.0077401250600814,-57.08930887129827,-0.29928456845540496,0.29928456845540496,pure_test,held_out_pure_test
NASDAQ,GARCH,3,0a3562dbd0248afa,p=2 q=1,"{""p"": 2, ""q"": 1}",level,2025-02-26,2025-02-27,19075.259765625,18544.419921875,18544.419921875,19057.930956558495,18544.419921875,19057.930956558495,0.0077401250600814,513.5110346834954,2.7690865330209533,2.7690865330209533,pure_test,held_out_pure_test
NASDAQ,GARCH,3,0a3562dbd0248afa,p=2 q=1,"{""p"": 2, ""q"": 1}",level,2025-02-27,2025-02-28,18544.419921875,18847.279296875,18847.279296875,18544.157114503305,18847.279296875,18544.157114503305,0.0077401250600814,-303.1221823716951,-1.608307372098819,1.608307372098819,pure_test,held_out_pure_test
NASDAQ,GARCH,3,0a3562dbd0248afa,p=2 q=1,"{""p"": 2, ""q"": 1}",level,2025-02-28,2025-03-03,18847.279296875,18350.189453125,18350.189453125,18822.473291685714,18350.189453125,18822.473291685714,0.0077401250600814,472.2838385607138,2.57372731636994,2.57372731636994,pure_test,held_out_pure_test
NASDAQ,GARCH,3,0a3562dbd0248afa,p=2 q=1,"{""p"": 2, ""q"": 1}",level,2025-03-03,2025-03-04,18350.189453125,18285.16015625,18285.16015625,18348.93308247807,18285.16015625,18348.93308247807,0.0077401250600814,63.77292622806999,0.34876875938257473,0.34876875938257473,pure_test,held_out_pure_test
NASDAQ,GARCH,3,0a3562dbd0248afa,p=2 q=1,"{""p"": 2, ""q"": 1}",level,2025-03-04,2025-03-05,18285.16015625,18552.73046875,18552.73046875,18271.18439324592,18552.73046875,18271.18439324592,0.0077401250600814,-281.54607550408036,-1.5175452259079236,1.5175452259079236,pure_test,held_out_pure_test
NASDAQ,GARCH,3,0a3562dbd0248afa,p=2 q=1,"{""p"": 2, ""q"": 1}",level,2025-03-05,2025-03-06,18552.73046875,18069.259765625,18069.259765625,18528.963335161236,18069.259765625,18528.963335161236,0.0077401250600814,459.7035695362356,2.5441195461187442,2.5441195461187442,pure_test,held_out_pure_test
NASDAQ,GARCH,3,0a3562dbd0248afa,p=2 q=1,"{""p"": 2, ""q"": 1}",level,2025-03-06,2025-03-07,18069.259765625,18196.220703125,18196.220703125,18067.602462297615,18196.220703125,18067.602462297615,0.0077401250600814,-128.6182408273853,-0.7068404089278635,0.7068404089278635,pure_test,held_out_pure_test
NASDAQ,GARCH,3,0a3562dbd0248afa,p=2 q=1,"{""p"": 2, ""q"": 1}",level,2025-03-07,2025-03-10,18196.220703125,17468.3203125,17468.3203125,18176.59295653339,17468.3203125,18176.59295653339,0.0077401250600814,708.27264403339,4.054612185732382,4.054612185732382,pure_test,held_out_pure_test
NASDAQ,GARCH,3,0a3562dbd0248afa,p=2 q=1,"{""p"": 2, ""q"": 1}",level,2025-03-10,2025-03-11,17468.3203125,17436.099609375,17436.099609375,17473.85875319862,17436.099609375,17473.85875319862,0.0077401250600814,37.759143823619524,0.2165572844245354,0.2165572844245354,pure_test,held_out_pure_test
NASDAQ,GARCH,3,0a3562dbd0248afa,p=2 q=1,"{""p"": 2, ""q"": 1}",level,2025-03-11,2025-03-12,17436.099609375,17648.44921875,17648.44921875,17421.1579970713,17648.44921875,17421.1579970713,0.0077401250600814,-227.29122167870082,-1.287882118487912,1.287882118487912,pure_test,held_out_pure_test
NASDAQ,GARCH,3,0a3562dbd0248afa,p=2 q=1,"{""p"": 2, ""q"": 1}",level,2025-03-12,2025-03-13,17648.44921875,17303.009765625,17303.009765625,17626.307722573318,17303.009765625,17626.307722573318,0.0077401250600814,323.29795694831773,1.8684492543638112,1.8684492543638112,pure_test,held_out_pure_test
NASDAQ,GARCH,3,0a3562dbd0248afa,p=2 q=1,"{""p"": 2, ""q"": 1}",level,2025-03-13,2025-03-14,17303.009765625,17754.08984375,17754.08984375,17297.288972495095,17754.08984375,17297.288972495095,0.0077401250600814,-456.80087125490536,-2.5729331960979893,2.5729331960979893,pure_test,held_out_pure_test
NASDAQ,GARCH,3,0a3562dbd0248afa,p=2 q=1,"{""p"": 2, ""q"": 1}",level,2025-03-14,2025-03-17,17754.08984375,17808.66015625,17808.66015625,17724.920382345757,17808.66015625,17724.920382345757,0.0077401250600814,-83.73977390424261,-0.4702193942134041,0.4702193942134041,pure_test,held_out_pure_test
NASDAQ,GARCH,3,0a3562dbd0248afa,p=2 q=1,"{""p"": 2, ""q"": 1}",level,2025-03-17,2025-03-18,17808.66015625,17504.119140625,17504.119140625,17791.163510887174,17504.119140625,17791.163510887174,0.0077401250600814,287.0443702621742,1.6398675532091072,1.6398675532091072,pure_test,held_out_pure_test
NASDAQ,GARCH,3,0a3562dbd0248afa,p=2 q=1,"{""p"": 2, ""q"": 1}",level,2025-03-18,2025-03-19,17504.119140625,17750.7890625,17750.7890625,17497.19434199837,17750.7890625,17497.19434199837,0.0077401250600814,-253.59472050163095,-1.4286391416670632,1.4286391416670632,pure_test,held_out_pure_test
NASDAQ,GARCH,3,0a3562dbd0248afa,p=2 q=1,"{""p"": 2, ""q"": 1}",level,2025-03-19,2025-03-20,17750.7890625,17691.630859375,17691.630859375,17727.63721366866,17691.630859375,17727.63721366866,0.0077401250600814,36.00635429365866,0.20352196233270647,0.20352196233270647,pure_test,held_out_pure_test
NASDAQ,GARCH,3,0a3562dbd0248afa,p=2 q=1,"{""p"": 2, ""q"": 1}",level,2025-03-20,2025-03-21,17691.630859375,17784.05078125,17784.05078125,17677.482257759497,17784.05078125,17677.482257759497,0.0077401250600814,-106.56852349050314,-0.5992365001727277,0.5992365001727277,pure_test,held_out_pure_test
NASDAQ,GARCH,3,0a3562dbd0248afa,p=2 q=1,"{""p"": 2, ""q"": 1}",level,2025-03-21,2025-03-24,17784.05078125,18188.58984375,18188.58984375,17765.43988457289,18188.58984375,17765.43988457289,0.0077401250600814,-423.14995917710985,-2.326458306071009,2.326458306071009,pure_test,held_out_pure_test
NASDAQ,GARCH,3,0a3562dbd0248afa,p=2 q=1,"{""p"": 2, ""q"": 1}",level,2025-03-24,2025-03-25,18188.58984375,18271.859375,18271.859375,18160.790499202565,18271.859375,18160.790499202565,0.0077401250600814,-111.06887579743488,-0.6078684906551,0.6078684906551,pure_test,held_out_pure_test
NASDAQ,GARCH,3,0a3562dbd0248afa,p=2 q=1,"{""p"": 2, ""q"": 1}",level,2025-03-25,2025-03-26,18271.859375,17899.01953125,17899.01953125,18253.517855865975,17899.01953125,18253.517855865975,0.0077401250600814,354.49832461597543,1.9805460516820756,1.9805460516820756,pure_test,held_out_pure_test
NASDAQ,GARCH,3,0a3562dbd0248afa,p=2 q=1,"{""p"": 2, ""q"": 1}",level,2025-03-26,2025-03-27,17899.01953125,17804.029296875,17804.029296875,17894.105375804604,17804.029296875,17894.105375804604,0.0077401250600814,90.07607892960368,0.5059308622088935,0.5059308622088935,pure_test,held_out_pure_test
NASDAQ,GARCH,3,0a3562dbd0248afa,p=2 q=1,"{""p"": 2, ""q"": 1}",level,2025-03-27,2025-03-28,17804.029296875,17322.990234375,17322.990234375,17790.93555126919,17322.990234375,17790.93555126919,0.0077401250600814,467.9453168941909,2.7012964307144864,2.7012964307144864,pure_test,held_out_pure_test
NASDAQ,GARCH,3,0a3562dbd0248afa,p=2 q=1,"{""p"": 2, ""q"": 1}",level,2025-03-28,2025-03-31,17322.990234375,17299.2890625,17299.2890625,17321.261346193583,17299.2890625,17321.261346193583,0.0077401250600814,21.97228369358345,0.12701263973450325,0.12701263973450325,pure_test,held_out_pure_test
NASDAQ,GARCH,3,0a3562dbd0248afa,p=2 q=1,"{""p"": 2, ""q"": 1}",level,2025-03-31,2025-04-01,17299.2890625,17449.890625,17449.890625,17284.096644466754,17449.890625,17284.096644466754,0.0077401250600814,-165.7939805332462,-0.9501147261961489,0.9501147261961489,pure_test,held_out_pure_test
NASDAQ,GARCH,3,0a3562dbd0248afa,p=2 q=1,"{""p"": 2, ""q"": 1}",level,2025-04-01,2025-04-02,17449.890625,17601.05078125,17601.05078125,17429.566924132727,17601.05078125,17429.566924132727,0.0077401250600814,-171.48385711727315,-0.9742819292354467,0.9742819292354467,pure_test,held_out_pure_test
NASDAQ,GARCH,3,0a3562dbd0248afa,p=2 q=1,"{""p"": 2, ""q"": 1}",level,2025-04-02,2025-04-03,17601.05078125,16550.609375,16550.609375,17580.710635990556,16550.609375,17580.710635990556,0.0077401250600814,1030.1012609905556,6.223947636312065,6.223947636312065,pure_test,held_out_pure_test
NASDAQ,GARCH,3,0a3562dbd0248afa,p=2 q=1,"{""p"": 2, ""q"": 1}",level,2025-04-03,2025-04-04,16550.609375,15587.7900390625,15587.7900390625,16565.643072228475,15587.7900390625,16565.643072228475,0.0077401250600814,977.8530331659749,6.2731986427550455,6.2731986427550455,pure_test,held_out_pure_test
NASDAQ,GARCH,3,0a3562dbd0248afa,p=2 q=1,"{""p"": 2, ""q"": 1}",level,2025-04-04,2025-04-07,15587.7900390625,15603.259765625,15603.259765625,15600.244237886152,15603.259765625,15600.244237886152,0.0077401250600814,-3.015527738847595,-0.019326267614226355,0.019326267614226355,pure_test,held_out_pure_test
NASDAQ,GARCH,3,0a3562dbd0248afa,p=2 q=1,"{""p"": 2, ""q"": 1}",level,2025-04-07,2025-04-08,15603.259765625,15267.91015625,15267.91015625,15586.914198965218,15267.91015625,15586.914198965218,0.0077401250600814,319.004042715218,2.089375948971196,2.089375948971196,pure_test,held_out_pure_test
NASDAQ,GARCH,3,0a3562dbd0248afa,p=2 q=1,"{""p"": 2, ""q"": 1}",level,2025-04-08,2025-04-09,15267.91015625,17124.970703125,17124.970703125,15261.89232909927,17124.970703125,15261.89232909927,0.0077401250600814,-1863.0783740257302,-10.87930838728823,10.87930838728823,pure_test,held_out_pure_test
NASDAQ,GARCH,3,0a3562dbd0248afa,p=2 q=1,"{""p"": 2, ""q"": 1}",level,2025-04-09,2025-04-10,17124.970703125,16387.310546875,16387.310546875,17054.41070662593,16387.310546875,17054.41070662593,0.0077401250600814,667.1001597509312,4.07083369685787,4.07083369685787,pure_test,held_out_pure_test
NASDAQ,GARCH,3,0a3562dbd0248afa,p=2 q=1,"{""p"": 2, ""q"": 1}",level,2025-04-10,2025-04-11,16387.310546875,16724.4609375,16724.4609375,16393.136304453616,16724.4609375,16393.136304453616,0.0077401250600814,-331.3246330463844,-1.9810781004216411,1.9810781004216411,pure_test,held_out_pure_test
NASDAQ,GARCH,3,0a3562dbd0248afa,p=2 q=1,"{""p"": 2, ""q"": 1}",level,2025-04-11,2025-04-14,16724.4609375,16831.48046875,16831.48046875,16698.64544212418,16831.48046875,16698.64544212418,0.0077401250600814,-132.83502662582032,-0.7892058388591968,0.7892058388591968,pure_test,held_out_pure_test
NASDAQ,GARCH,3,0a3562dbd0248afa,p=2 q=1,"{""p"": 2, ""q"": 1}",level,2025-04-14,2025-04-15,16831.48046875,16823.169921875,16823.169921875,16812.439775459326,16823.169921875,16812.439775459326,0.0077401250600814,-10.730146415673516,-0.06378195349332598,0.06378195349332598,pure_test,held_out_pure_test
NASDAQ,GARCH,3,0a3562dbd0248afa,p=2 q=1,"{""p"": 2, ""q"": 1}",level,2025-04-15,2025-04-16,16823.169921875,16307.16015625,16307.16015625,16807.524420588925,16307.16015625,16807.524420588925,0.0077401250600814,500.36426433892484,3.06837155914699,3.06837155914699,pure_test,held_out_pure_test
NASDAQ,GARCH,3,0a3562dbd0248afa,p=2 q=1,"{""p"": 2, ""q"": 1}",level,2025-04-16,2025-04-17,16307.16015625,16286.4501953125,16286.4501953125,16306.460767515524,16286.4501953125,16306.460767515524,0.0077401250600814,20.010572203023912,0.1228663825637294,0.1228663825637294,pure_test,held_out_pure_test
NASDAQ,GARCH,3,0a3562dbd0248afa,p=2 q=1,"{""p"": 2, ""q"": 1}",level,2025-04-17,2025-04-21,16286.4501953125,15870.900390625,15870.900390625,16271.169719284111,15870.900390625,16271.169719284111,0.0077401250600814,400.2693286591111,2.522032895471713,2.522032895471713,pure_test,held_out_pure_test
NASDAQ,GARCH,3,0a3562dbd0248afa,p=2 q=1,"{""p"": 2, ""q"": 1}",level,2025-04-21,2025-04-22,15870.900390625,16300.419921875,16300.419921875,15867.24356995514,16300.419921875,15867.24356995514,0.0077401250600814,-433.17635191985937,-2.657455169842226,2.657455169842226,pure_test,held_out_pure_test
NASDAQ,GARCH,3,0a3562dbd0248afa,p=2 q=1,"{""p"": 2, ""q"": 1}",level,2025-04-22,2025-04-23,16300.419921875,16708.05078125,16708.05078125,16271.88517950984,16708.05078125,16271.88517950984,0.0077401250600814,-436.1656017401601,-2.610511587800721,2.610511587800721,pure_test,held_out_pure_test
NASDAQ,GARCH,3,0a3562dbd0248afa,p=2 q=1,"{""p"": 2, ""q"": 1}",level,2025-04-23,2025-04-24,16708.05078125,17166.0390625,17166.0390625,16680.160417566876,17166.0390625,16680.160417566876,0.0077401250600814,-485.8786449331237,-2.8304645187167723,2.8304645187167723,pure_test,held_out_pure_test
NASDAQ,GARCH,3,0a3562dbd0248afa,p=2 q=1,"{""p"": 2, ""q"": 1}",level,2025-04-24,2025-04-25,17166.0390625,17382.939453125,17382.939453125,17136.666231112857,17382.939453125,17136.666231112857,0.0077401250600814,-246.27322201214338,-1.4167524582148265,1.4167524582148265,pure_test,held_out_pure_test
NASDAQ,GARCH,3,0a3562dbd0248afa,p=2 q=1,"{""p"": 2, ""q"": 1}",level,2025-04-25,2025-04-28,17382.939453125,17366.130859375,17366.130859375,17360.663986900207,17366.130859375,17360.663986900207,0.0077401250600814,-5.46687247479349,-0.03148008338220158,0.03148008338220158,pure_test,held_out_pure_test
NASDAQ,GARCH,3,0a3562dbd0248afa,p=2 q=1,"{""p"": 2, ""q"": 1}",level,2025-04-28,2025-04-29,17366.130859375,17461.3203125,17461.3203125,17350.73553134185,17461.3203125,17350.73553134185,0.0077401250600814,-110.5847811581516,-0.6333128261726434,0.6333128261726434,pure_test,held_out_pure_test
NASDAQ,GARCH,3,0a3562dbd0248afa,p=2 q=1,"{""p"": 2, ""q"": 1}",level,2025-04-29,2025-04-30,17461.3203125,17446.33984375,17446.33984375,17442.627883836532,17446.33984375,17442.627883836532,0.0077401250600814,-3.711959913467581,-0.02127643933748865,0.02127643933748865,pure_test,held_out_pure_test
NASDAQ,GARCH,3,0a3562dbd0248afa,p=2 q=1,"{""p"": 2, ""q"": 1}",level,2025-04-30,2025-05-01,17446.33984375,17710.740234375,17710.740234375,17430.89069770611,17710.740234375,17430.89069770611,0.0077401250600814,-279.84953666889123,-1.5801120278740677,1.5801120278740677,pure_test,held_out_pure_test
NASDAQ,GARCH,3,0a3562dbd0248afa,p=2 q=1,"{""p"": 2, ""q"": 1}",level,2025-05-01,2025-05-02,17710.740234375,17977.73046875,17977.73046875,17687.066419836912,17977.73046875,17687.066419836912,0.0077401250600814,-290.66404891308775,-1.6168005712308233,1.6168005712308233,pure_test,held_out_pure_test
NASDAQ,GARCH,3,0a3562dbd0248afa,p=2 q=1,"{""p"": 2, ""q"": 1}",level,2025-05-02,2025-05-05,17977.73046875,17844.240234375,17844.240234375,17953.98041203003,17844.240234375,17953.98041203003,0.0077401250600814,109.74017765502867,0.614989353503693,0.614989353503693,pure_test,held_out_pure_test
NASDAQ,GARCH,3,0a3562dbd0248afa,p=2 q=1,"{""p"": 2, ""q"": 1}",level,2025-05-05,2025-05-06,17844.240234375,17689.66015625,17689.66015625,17832.279886875756,17689.66015625,17832.279886875756,0.0077401250600814,142.61973062575635,0.8062321682045815,0.8062321682045815,pure_test,held_out_pure_test
NASDAQ,GARCH,3,0a3562dbd0248afa,p=2 q=1,"{""p"": 2, ""q"": 1}",level,2025-05-06,2025-05-07,17689.66015625,17738.16015625,17738.16015625,17678.320670802033,17738.16015625,17678.320670802033,0.0077401250600814,-59.83948544796658,-0.3373488846693172,0.3373488846693172,pure_test,held_out_pure_test
NASDAQ,GARCH,3,0a3562dbd0248afa,p=2 q=1,"{""p"": 2, ""q"": 1}",level,2025-05-07,2025-05-08,17738.16015625,17928.140625,17928.140625,17720.842214281816,17928.140625,17720.842214281816,0.0077401250600814,-207.29841071818373,-1.156273899531529,1.156273899531529,pure_test,held_out_pure_test
NASDAQ,GARCH,3,0a3562dbd0248afa,p=2 q=1,"{""p"": 2, ""q"": 1}",level,2025-05-08,2025-05-09,17928.140625,17928.919921875,17928.919921875,17906.657651982536,17928.919921875,17906.657651982536,0.0077401250600814,-22.262269892464246,-0.1241696097114146,0.1241696097114146,pure_test,held_out_pure_test
NASDAQ,GARCH,3,0a3562dbd0248afa,p=2 q=1,"{""p"": 2, ""q"": 1}",level,2025-05-09,2025-05-12,17928.919921875,18708.33984375,18708.33984375,17913.00682547996,18708.33984375,17913.00682547996,0.0077401250600814,-795.3330182700411,-4.251221780834511,4.251221780834511,pure_test,held_out_pure_test
NASDAQ,GARCH,3,0a3562dbd0248afa,p=2 q=1,"{""p"": 2, ""q"": 1}",level,2025-05-12,2025-05-13,18708.33984375,19010.08984375,19010.08984375,18669.504414625844,19010.08984375,18669.504414625844,0.0077401250600814,-340.5854291241558,-1.7916034691236928,1.7916034691236928,pure_test,held_out_pure_test
NASDAQ,GARCH,3,0a3562dbd0248afa,p=2 q=1,"{""p"": 2, ""q"": 1}",level,2025-05-13,2025-05-14,19010.08984375,19146.810546875,19146.810546875,18985.316497353557,19146.810546875,18985.316497353557,0.0077401250600814,-161.49404952144323,-0.8434514413044165,0.8434514413044165,pure_test,held_out_pure_test
NASDAQ,GARCH,3,0a3562dbd0248afa,p=2 q=1,"{""p"": 2, ""q"": 1}",level,2025-05-14,2025-05-15,19146.810546875,19112.3203125,19112.3203125,19126.89548340339,19112.3203125,19126.89548340339,0.0077401250600814,14.575170903390244,0.0762606039720759,0.0762606039720759,pure_test,held_out_pure_test
NASDAQ,GARCH,3,0a3562dbd0248afa,p=2 q=1,"{""p"": 2, ""q"": 1}",level,2025-05-15,2025-05-16,19112.3203125,19211.099609375,19211.099609375,19097.44551272673,19211.099609375,19097.44551272673,0.0077401250600814,-113.65409664827166,-0.5916064096237811,0.5916064096237811,pure_test,held_out_pure_test
NASDAQ,GARCH,3,0a3562dbd0248afa,p=2 q=1,"{""p"": 2, ""q"": 1}",level,2025-05-16,2025-05-19,19211.099609375,19215.4609375,19215.4609375,19192.301499617788,19215.4609375,19192.301499617788,0.0077401250600814,-23.159437882211932,-0.12052501866876922,0.12052501866876922,pure_test,held_out_pure_test
NASDAQ,GARCH,3,0a3562dbd0248afa,p=2 q=1,"{""p"": 2, ""q"": 1}",level,2025-05-19,2025-05-20,19215.4609375,19142.7109375,19142.7109375,19199.44239000271,19142.7109375,19199.44239000271,0.0077401250600814,56.731452502710454,0.29636059745109156,0.29636059745109156,pure_test,held_out_pure_test
NASDAQ,GARCH,3,0a3562dbd0248afa,p=2 q=1,"{""p"": 2, ""q"": 1}",level,2025-05-20,2025-05-21,19142.7109375,18872.640625,18872.640625,19128.962463594704,18872.640625,19128.962463594704,0.0077401250600814,256.3218385947039,1.358166266649312,1.358166266649312,pure_test,held_out_pure_test
NASDAQ,GARCH,3,0a3562dbd0248afa,p=2 q=1,"{""p"": 2, ""q"": 1}",level,2025-05-21,2025-05-22,18872.640625,18925.740234375,18925.740234375,18864.701046382357,18925.740234375,18864.701046382357,0.0077401250600814,-61.03918799264284,-0.3225194218917619,0.3225194218917619,pure_test,held_out_pure_test
NASDAQ,GARCH,3,0a3562dbd0248afa,p=2 q=1,"{""p"": 2, ""q"": 1}",level,2025-05-22,2025-05-23,18925.740234375,18737.2109375,18737.2109375,18908.28688491184,18737.2109375,18908.28688491184,0.0077401250600814,171.07594741183857,0.9130278139178822,0.9130278139178822,pure_test,held_out_pure_test
NASDAQ,GARCH,3,0a3562dbd0248afa,p=2 q=1,"{""p"": 2, ""q"": 1}",level,2025-05-23,2025-05-27,18737.2109375,19199.16015625,19199.16015625,18726.87088011049,19199.16015625,18726.87088011049,0.0077401250600814,-472.28927613950873,-2.459947582580908,2.459947582580908,pure_test,held_out_pure_test
NASDAQ,GARCH,3,0a3562dbd0248afa,p=2 q=1,"{""p"": 2, ""q"": 1}",level,2025-05-27,2025-05-28,19199.16015625,19100.939453125,19100.939453125,19169.67071917292,19100.939453125,19169.67071917292,0.0077401250600814,68.73126604791833,0.35983186176046217,0.35983186176046217,pure_test,held_out_pure_test
NASDAQ,GARCH,3,0a3562dbd0248afa,p=2 q=1,"{""p"": 2, ""q"": 1}",level,2025-05-28,2025-05-29,19100.939453125,19175.869140625,19175.869140625,19087.940809003987,19175.869140625,19087.940809003987,0.0077401250600814,-87.92833162101306,-0.4585363561682462,0.4585363561682462,pure_test,held_out_pure_test
NASDAQ,GARCH,3,0a3562dbd0248afa,p=2 q=1,"{""p"": 2, ""q"": 1}",level,2025-05-29,2025-05-30,19175.869140625,19113.76953125,19113.76953125,19157.773137416047,19113.76953125,19157.773137416047,0.0077401250600814,44.003606166046666,0.23021940331603927,0.23021940331603927,pure_test,held_out_pure_test
NASDAQ,GARCH,3,0a3562dbd0248afa,p=2 q=1,"{""p"": 2, ""q"": 1}",level,2025-05-30,2025-06-02,19113.76953125,19242.609375,19242.609375,19099.707521433833,19242.609375,19099.707521433833,0.0077401250600814,-142.90185356616712,-0.7426324090527203,0.7426324090527203,pure_test,held_out_pure_test
NASDAQ,GARCH,3,0a3562dbd0248afa,p=2 q=1,"{""p"": 2, ""q"": 1}",level,2025-06-02,2025-06-03,19242.609375,19398.9609375,19398.9609375,19222.926315452907,19398.9609375,19222.926315452907,0.0077401250600814,-176.03462204709285,-0.9074435616126301,0.9074435616126301,pure_test,held_out_pure_test
NASDAQ,GARCH,3,0a3562dbd0248afa,p=2 q=1,"{""p"": 2, ""q"": 1}",level,2025-06-03,2025-06-04,19398.9609375,19460.490234375,19460.490234375,19378.46796288954,19460.490234375,19378.46796288954,0.0077401250600814,-82.0222714854608,-0.4214810135696207,0.4214810135696207,pure_test,held_out_pure_test
NASDAQ,GARCH,3,0a3562dbd0248afa,p=2 q=1,"{""p"": 2, ""q"": 1}",level,2025-06-04,2025-06-05,19460.490234375,19298.44921875,19298.44921875,19442.78872408453,19298.44921875,19442.78872408453,0.0077401250600814,144.33950533453026,0.7479331820833188,0.7479331820833188,pure_test,held_out_pure_test
NASDAQ,GARCH,3,0a3562dbd0248afa,p=2 q=1,"{""p"": 2, ""q"": 1}",level,2025-06-05,2025-06-06,19298.44921875,19529.94921875,19529.94921875,19287.32937518348,19529.94921875,19287.32937518348,0.0077401250600814,-242.619843566521,-1.2422963359965649,1.2422963359965649,pure_test,held_out_pure_test
NASDAQ,GARCH,3,0a3562dbd0248afa,p=2 q=1,"{""p"": 2, ""q"": 1}",level,2025-06-06,2025-06-09,19529.94921875,19591.240234375,19591.240234375,19507.243955911643,19591.240234375,19507.243955911643,0.0077401250600814,-83.99627846335716,-0.4287440583571447,0.4287440583571447,pure_test,held_out_pure_test
NASDAQ,GARCH,3,0a3562dbd0248afa,p=2 q=1,"{""p"": 2, ""q"": 1}",level,2025-06-09,2025-06-10,19591.240234375,19714.990234375,19714.990234375,19573.545738825247,19714.990234375,19573.545738825247,0.0077401250600814,-141.4444955497529,-0.7174464398320152,0.7174464398320152,pure_test,held_out_pure_test
NASDAQ,GARCH,3,0a3562dbd0248afa,p=2 q=1,"{""p"": 2, ""q"": 1}",level,2025-06-10,2025-06-11,19714.990234375,19615.880859375,19615.880859375,19695.457014289437,19615.880859375,19695.457014289437,0.0077401250600814,79.57615491443721,0.40567209540531773,0.40567209540531773,pure_test,held_out_pure_test
NASDAQ,GARCH,3,0a3562dbd0248afa,p=2 q=1,"{""p"": 2, ""q"": 1}",level,2025-06-11,2025-06-12,19615.880859375,19662.490234375,19662.490234375,19602.908376786985,19662.490234375,19602.908376786985,0.0077401250600814,-59.58185758801483,-0.3030229481505384,0.3030229481505384,pure_test,held_out_pure_test
NASDAQ,GARCH,3,0a3562dbd0248afa,p=2 q=1,"{""p"": 2, ""q"": 1}",level,2025-06-12,2025-06-13,19662.490234375,19406.830078125,19406.830078125,19645.227950349552,19406.830078125,19645.227950349552,0.0077401250600814,238.39787222455197,1.2284225258058472,1.2284225258058472,pure_test,held_out_pure_test
NASDAQ,GARCH,3,0a3562dbd0248afa,p=2 q=1,"{""p"": 2, ""q"": 1}",level,2025-06-13,2025-06-16,19406.830078125,19701.2109375,19701.2109375,19398.46628018764,19701.2109375,19398.46628018764,0.0077401250600814,-302.7446573123598,-1.5366804521447188,1.5366804521447188,pure_test,held_out_pure_test
NASDAQ,GARCH,3,0a3562dbd0248afa,p=2 q=1,"{""p"": 2, ""q"": 1}",level,2025-06-16,2025-06-17,19701.2109375,19521.08984375,19521.08984375,19676.654530584892,19521.08984375,19676.654530584892,0.0077401250600814,155.5646868348922,0.7969057469642189,0.7969057469642189,pure_test,held_out_pure_test
NASDAQ,GARCH,3,0a3562dbd0248afa,p=2 q=1,"{""p"": 2, ""q"": 1}",level,2025-06-17,2025-06-18,19521.08984375,19546.26953125,19546.26953125,19510.5022580098,19546.26953125,19510.5022580098,0.0077401250600814,-35.76727324019885,-0.18298772143203687,0.18298772143203687,pure_test,held_out_pure_test
NASDAQ,GARCH,3,0a3562dbd0248afa,p=2 q=1,"{""p"": 2, ""q"": 1}",level,2025-06-18,2025-06-20,19546.26953125,19447.41015625,19447.41015625,19529.638113906025,19447.41015625,19529.638113906025,0.0077401250600814,82.22795765602496,0.4228221495580406,0.4228221495580406,pure_test,held_out_pure_test
NASDAQ,GARCH,3,0a3562dbd0248afa,p=2 q=1,"{""p"": 2, ""q"": 1}",level,2025-06-20,2025-06-23,19447.41015625,19630.970703125,19630.970703125,19434.43031393402,19630.970703125,19434.43031393402,0.0077401250600814,-196.54038919098093,-1.001175092985566,1.001175092985566,pure_test,held_out_pure_test
NASDAQ,GARCH,3,0a3562dbd0248afa,p=2 q=1,"{""p"": 2, ""q"": 1}",level,2025-06-23,2025-06-24,19630.970703125,19912.529296875,19912.529296875,19609.676725621754,19912.529296875,19609.676725621754,0.0077401250600814,-302.8525712532464,-1.520914629869622,1.520914629869622,pure_test,held_out_pure_test
NASDAQ,GARCH,3,0a3562dbd0248afa,p=2 q=1,"{""p"": 2, ""q"": 1}",level,2025-06-24,2025-06-25,19912.529296875,19973.55078125,19973.55078125,19888.35036350746,19973.55078125,19888.35036350746,0.0077401250600814,-85.2004177425406,-0.4265662058572067,0.4265662058572067,pure_test,held_out_pure_test
NASDAQ,GARCH,3,0a3562dbd0248afa,p=2 q=1,"{""p"": 2, ""q"": 1}",level,2025-06-25,2025-06-26,19973.55078125,20167.91015625,20167.91015625,19955.86422040696,20167.91015625,19955.86422040696,0.0077401250600814,-212.04593584304166,-1.0514026203023767,1.0514026203023767,pure_test,held_out_pure_test
NASDAQ,GARCH,3,0a3562dbd0248afa,p=2 q=1,"{""p"": 2, ""q"": 1}",level,2025-06-26,2025-06-27,20167.91015625,20273.4609375,20273.4609375,20146.298272997403,20273.4609375,20146.298272997403,0.0077401250600814,-127.16266450259718,-0.6272370805094422,0.6272370805094422,pure_test,held_out_pure_test
NASDAQ,GARCH,3,0a3562dbd0248afa,p=2 q=1,"{""p"": 2, ""q"": 1}",level,2025-06-27,2025-06-30,20273.4609375,20369.73046875,20369.73046875,20254.46348261112,20369.73046875,20254.46348261112,0.0077401250600814,-115.26698613887856,-0.5658738897685178,0.5658738897685178,pure_test,held_out_pure_test
NASDAQ,GARCH,3,0a3562dbd0248afa,p=2 q=1,"{""p"": 2, ""q"": 1}",level,2025-06-30,2025-07-01,20369.73046875,20202.890625,20202.890625,20351.006243761807,20202.890625,20351.006243761807,0.0077401250600814,148.11561876180713,0.7331407248154972,0.7331407248154972,pure_test,held_out_pure_test
NASDAQ,GARCH,3,0a3562dbd0248afa,p=2 q=1,"{""p"": 2, ""q"": 1}",level,2025-07-01,2025-07-02,20202.890625,20393.130859375,20393.130859375,20191.912053711676,20393.130859375,20191.912053711676,0.0077401250600814,-201.21880566332402,-0.9866989382398877,0.9866989382398877,pure_test,held_out_pure_test
NASDAQ,GARCH,3,0a3562dbd0248afa,p=2 q=1,"{""p"": 2, ""q"": 1}",level,2025-07-02,2025-07-03,20393.130859375,20601.099609375,20601.099609375,20371.640239140197,20601.099609375,20371.640239140197,0.0077401250600814,-229.45937023480292,-1.1138209832759713,1.1138209832759713,pure_test,held_out_pure_test
NASDAQ,GARCH,3,0a3562dbd0248afa,p=2 q=1,"{""p"": 2, ""q"": 1}",level,2025-07-03,2025-07-07,20601.099609375,20412.51953125,20412.51953125,20579.087080931324,20412.51953125,20579.087080931324,0.0077401250600814,166.56754968132373,0.8160068110471204,0.8160068110471204,pure_test,held_out_pure_test
NASDAQ,GARCH,3,0a3562dbd0248afa,p=2 q=1,"{""p"": 2, ""q"": 1}",level,2025-07-07,2025-07-08,20412.51953125,20418.4609375,20418.4609375,20402.18096880523,20418.4609375,20402.18096880523,0.0077401250600814,-16.279968694769195,-0.0797316151525889,0.0797316151525889,pure_test,held_out_pure_test
NASDAQ,GARCH,3,0a3562dbd0248afa,p=2 q=1,"{""p"": 2, ""q"": 1}",level,2025-07-08,2025-07-09,20418.4609375,20611.33984375,20611.33984375,20402.39587422206,20611.33984375,20402.39587422206,0.0077401250600814,-208.94396952793977,-1.013733076606847,1.013733076606847,pure_test,held_out_pure_test
NASDAQ,GARCH,3,0a3562dbd0248afa,p=2 q=1,"{""p"": 2, ""q"": 1}",level,2025-07-09,2025-07-10,20611.33984375,20630.66015625,20630.66015625,20589.771543886443,20630.66015625,20589.771543886443,0.0077401250600814,-40.888612363556604,-0.19819342693776823,0.19819342693776823,pure_test,held_out_pure_test
NASDAQ,GARCH,3,0a3562dbd0248afa,p=2 q=1,"{""p"": 2, ""q"": 1}",level,2025-07-10,2025-07-11,20630.66015625,20585.529296875,20585.529296875,20614.2012325302,20585.529296875,20614.2012325302,0.0077401250600814,28.671935655198467,0.13928199387883133,0.13928199387883133,pure_test,held_out_pure_test
NASDAQ,GARCH,3,0a3562dbd0248afa,p=2 q=1,"{""p"": 2, ""q"": 1}",level,2025-07-11,2025-07-14,20585.529296875,20640.330078125,20640.330078125,20570.967745523227,20640.330078125,20570.967745523227,0.0077401250600814,-69.36233260177323,-0.3360524387896524,0.3360524387896524,pure_test,held_out_pure_test
NASDAQ,GARCH,3,0a3562dbd0248afa,p=2 q=1,"{""p"": 2, ""q"": 1}",level,2025-07-14,2025-07-15,20640.330078125,20677.80078125,20677.80078125,20622.826648012957,20677.80078125,20622.826648012957,0.0077401250600814,-54.974133237043134,-0.26586063875270527,0.26586063875270527,pure_test,held_out_pure_test
NASDAQ,GARCH,3,0a3562dbd0248afa,p=2 q=1,"{""p"": 2, ""q"": 1}",level,2025-07-15,2025-07-16,20677.80078125,20730.490234375,20730.490234375,20660.807529780384,20730.490234375,20660.807529780384,0.0077401250600814,-69.68270459461564,-0.33613630843649217,0.33613630843649217,pure_test,held_out_pure_test
NASDAQ,GARCH,3,0a3562dbd0248afa,p=2 q=1,"{""p"": 2, ""q"": 1}",level,2025-07-16,2025-07-17,20730.490234375,20885.650390625,20885.650390625,20713.048959465537,20885.650390625,20713.048959465537,0.0077401250600814,-172.60143115946266,-0.8264115693372841,0.8264115693372841,pure_test,held_out_pure_test
NASDAQ,GARCH,3,0a3562dbd0248afa,p=2 q=1,"{""p"": 2, ""q"": 1}",level,2025-07-17,2025-07-18,20885.650390625,20895.650390625,20895.650390625,20865.19248971812,20895.650390625,20865.19248971812,0.0077401250600814,-30.45790090688024,-0.1457619185691651,0.1457619185691651,pure_test,held_out_pure_test
NASDAQ,GARCH,3,0a3562dbd0248afa,p=2 q=1,"{""p"": 2, ""q"": 1}",level,2025-07-18,2025-07-21,20895.650390625,20974.1796875,20974.1796875,20879.465846763385,20974.1796875,20879.465846763385,0.0077401250600814,-94.71384073661466,-0.451573516331899,0.451573516331899,pure_test,held_out_pure_test
NASDAQ,GARCH,3,0a3562dbd0248afa,p=2 q=1,"{""p"": 2, ""q"": 1}",level,2025-07-21,2025-07-22,20974.1796875,20892.689453125,20892.689453125,20955.97771570793,20892.689453125,20955.97771570793,0.0077401250600814,63.28826258292975,0.30292061117800934,0.30292061117800934,pure_test,held_out_pure_test
NASDAQ,GARCH,3,0a3562dbd0248afa,p=2 q=1,"{""p"": 2, ""q"": 1}",level,2025-07-22,2025-07-23,20892.689453125,21020.01953125,21020.01953125,20879.198282209098,21020.01953125,20879.198282209098,0.0077401250600814,-140.82124904090233,-0.6699387164295756,0.6699387164295756,pure_test,held_out_pure_test
NASDAQ,GARCH,3,0a3562dbd0248afa,p=2 q=1,"{""p"": 2, ""q"": 1}",level,2025-07-23,2025-07-24,21020.01953125,21057.9609375,21057.9609375,21000.38091756007,21057.9609375,21000.38091756007,0.0077401250600814,-57.580019939930935,-0.27343587591803575,0.27343587591803575,pure_test,held_out_pure_test
NASDAQ,GARCH,3,0a3562dbd0248afa,p=2 q=1,"{""p"": 2, ""q"": 1}",level,2025-07-24,2025-07-25,21057.9609375,21108.3203125,21108.3203125,21040.953829042577,21108.3203125,21040.953829042577,0.0077401250600814,-67.36648345742287,-0.31914658513841837,0.31914658513841837,pure_test,held_out_pure_test
NASDAQ,GARCH,3,0a3562dbd0248afa,p=2 q=1,"{""p"": 2, ""q"": 1}",level,2025-07-25,2025-07-28,21108.3203125,21178.580078125,21178.580078125,21090.94763255508,21178.580078125,21090.94763255508,0.0077401250600814,-87.6324455699214,-0.41377866337902175,0.41377866337902175,pure_test,held_out_pure_test
NASDAQ,GARCH,3,0a3562dbd0248afa,p=2 q=1,"{""p"": 2, ""q"": 1}",level,2025-07-28,2025-07-29,21178.580078125,21098.2890625,21098.2890625,21160.621552334513,21098.2890625,21160.621552334513,0.0077401250600814,62.33248983451267,0.29543860002042605,0.29543860002042605,pure_test,held_out_pure_test
NASDAQ,GARCH,3,0a3562dbd0248afa,p=2 q=1,"{""p"": 2, ""q"": 1}",level,2025-07-29,2025-07-30,21098.2890625,21129.669921875,21129.669921875,21084.762587889018,21129.669921875,21084.762587889018,0.0077401250600814,-44.907333985982405,-0.21253211314716755,0.21253211314716755,pure_test,held_out_pure_test
NASDAQ,GARCH,3,0a3562dbd0248afa,p=2 q=1,"{""p"": 2, ""q"": 1}",level,2025-07-30,2025-07-31,21129.669921875,21122.44921875,21122.44921875,21112.855948778775,21122.44921875,21112.855948778775,0.0077401250600814,-9.5932699712248,-0.04541741287610262,0.04541741287610262,pure_test,held_out_pure_test
NASDAQ,GARCH,3,0a3562dbd0248afa,p=2 q=1,"{""p"": 2, ""q"": 1}",level,2025-07-31,2025-08-01,21122.44921875,20650.130859375,20650.130859375,21106.771633649827,20650.130859375,21106.771633649827,0.0077401250600814,456.640774274827,2.211321455464364,2.211321455464364,pure_test,held_out_pure_test
NASDAQ,GARCH,3,0a3562dbd0248afa,p=2 q=1,"{""p"": 2, ""q"": 1}",level,2025-08-01,2025-08-04,20650.130859375,21053.580078125,21053.580078125,20648.14524318294,21053.580078125,20648.14524318294,0.0077401250600814,-405.43483494206157,-1.9257287047503846,1.9257287047503846,pure_test,held_out_pure_test
NASDAQ,GARCH,3,0a3562dbd0248afa,p=2 q=1,"{""p"": 2, ""q"": 1}",level,2025-08-04,2025-08-05,21053.580078125,20916.55078125,20916.55078125,21025.81281739166,20916.55078125,21025.81281739166,0.0077401250600814,109.26203614165934,0.522371194392165,0.522371194392165,pure_test,held_out_pure_test
NASDAQ,GARCH,3,0a3562dbd0248afa,p=2 q=1,"{""p"": 2, ""q"": 1}",level,2025-08-05,2025-08-06,20916.55078125,21169.419921875,21169.419921875,20904.69461989976,21169.419921875,20904.69461989976,0.0077401250600814,-264.72530197523884,-1.2505080580960568,1.2505080580960568,pure_test,held_out_pure_test
NASDAQ,GARCH,3,0a3562dbd0248afa,p=2 q=1,"{""p"": 2, ""q"": 1}",level,2025-08-06,2025-08-07,21169.419921875,21242.69921875,21242.69921875,21146.08557478929,21242.69921875,21146.08557478929,0.0077401250600814,-96.61364396071076,-0.4548086990538101,0.4548086990538101,pure_test,held_out_pure_test
NASDAQ,GARCH,3,0a3562dbd0248afa,p=2 q=1,"{""p"": 2, ""q"": 1}",level,2025-08-07,2025-08-08,21242.69921875,21450.01953125,21450.01953125,21224.65180124519,21450.01953125,21224.65180124519,0.0077401250600814,-225.36773000481116,-1.0506644512676482,1.0506644512676482,pure_test,held_out_pure_test
NASDAQ,GARCH,3,0a3562dbd0248afa,p=2 q=1,"{""p"": 2, ""q"": 1}",level,2025-08-08,2025-08-11,21450.01953125,21385.400390625,21385.400390625,21428.026092100732,21385.400390625,21428.026092100732,0.0077401250600814,42.62570147573206,0.19932150297461088,0.19932150297461088,pure_test,held_out_pure_test
NASDAQ,GARCH,3,0a3562dbd0248afa,p=2 q=1,"{""p"": 2, ""q"": 1}",level,2025-08-11,2025-08-12,21385.400390625,21681.900390625,21681.900390625,21371.412553067228,21681.900390625,21371.412553067228,0.0077401250600814,-310.48783755777185,-1.4320139469509932,1.4320139469509932,pure_test,held_out_pure_test
NASDAQ,GARCH,3,0a3562dbd0248afa,p=2 q=1,"{""p"": 2, ""q"": 1}",level,2025-08-12,2025-08-13,21681.900390625,21713.140625,21713.140625,21657.281598515816,21713.140625,21657.281598515816,0.0077401250600814,-55.85902648418414,-0.25725908310044,0.25725908310044,pure_test,held_out_pure_test
NASDAQ,GARCH,3,0a3562dbd0248afa,p=2 q=1,"{""p"": 2, ""q"": 1}",level,2025-08-13,2025-08-14,21713.140625,21710.669921875,21710.669921875,21696.330791750755,21710.669921875,21696.330791750755,0.0077401250600814,-14.339130124244548,-0.06604646552060968,0.06604646552060968,pure_test,held_out_pure_test
NASDAQ,GARCH,3,0a3562dbd0248afa,p=2 q=1,"{""p"": 2, ""q"": 1}",level,2025-08-14,2025-08-15,21710.669921875,21622.98046875,21622.98046875,21694.8525019435,21622.98046875,21694.8525019435,0.0077401250600814,71.8720331935001,0.33238726408401986,0.33238726408401986,pure_test,held_out_pure_test
NASDAQ,GARCH,3,0a3562dbd0248afa,p=2 q=1,"{""p"": 2, ""q"": 1}",level,2025-08-15,2025-08-18,21622.98046875,21629.76953125,21629.76953125,21609.67179608847,21629.76953125,21609.67179608847,0.0077401250600814,-20.097735161529272,-0.09291701019972823,0.09291701019972823,pure_test,held_out_pure_test
NASDAQ,GARCH,3,0a3562dbd0248afa,p=2 q=1,"{""p"": 2, ""q"": 1}",level,2025-08-18,2025-08-19,21629.76953125,21314.94921875,21314.94921875,21613.67951389443,21314.94921875,21613.67951389443,0.0077401250600814,298.73029514442896,1.4015060138245443,1.4015060138245443,pure_test,held_out_pure_test
NASDAQ,GARCH,3,0a3562dbd0248afa,p=2 q=1,"{""p"": 2, ""q"": 1}",level,2025-08-19,2025-08-20,21314.94921875,21172.859375,21172.859375,21308.32703143804,21172.859375,21308.32703143804,0.0077401250600814,135.46765643803883,0.6398174853888332,0.6398174853888332,pure_test,held_out_pure_test
NASDAQ,GARCH,3,0a3562dbd0248afa,p=2 q=1,"{""p"": 2, ""q"": 1}",level,2025-08-20,2025-08-21,21172.859375,21100.310546875,21100.310546875,21161.15219064317,21100.310546875,21161.15219064317,0.0077401250600814,60.84164376816989,0.28834477877947945,0.28834477877947945,pure_test,held_out_pure_test
NASDAQ,GARCH,3,0a3562dbd0248afa,p=2 q=1,"{""p"": 2, ""q"": 1}",level,2025-08-21,2025-08-22,21100.310546875,21496.5390625,21496.5390625,21086.556150688608,21496.5390625,21086.556150688608,0.0077401250600814,-409.9829118113921,-1.9072042742293978,1.9072042742293978,pure_test,held_out_pure_test
NASDAQ,GARCH,3,0a3562dbd0248afa,p=2 q=1,"{""p"": 2, ""q"": 1}",level,2025-08-22,2025-08-25,21496.5390625,21449.2890625,21449.2890625,21468.984371409515,21449.2890625,21468.984371409515,0.0077401250600814,19.695308909515006,0.0918226653206353,0.0918226653206353,pure_test,held_out_pure_test
NASDAQ,GARCH,3,0a3562dbd0248afa,p=2 q=1,"{""p"": 2, ""q"": 1}",level,2025-08-25,2025-08-26,21449.2890625,21544.26953125,21544.26953125,21434.789896342303,21544.26953125,21434.789896342303,0.0077401250600814,-109.47963490769689,-0.5081612757809982,0.5081612757809982,pure_test,held_out_pure_test
NASDAQ,GARCH,3,0a3562dbd0248afa,p=2 q=1,"{""p"": 2, ""q"": 1}",level,2025-08-26,2025-08-27,21544.26953125,21590.140625,21590.140625,21525.583254859128,21590.140625,21525.583254859128,0.0077401250600814,-64.55737014087208,-0.299013198951186,0.299013198951186,pure_test,held_out_pure_test
NASDAQ,GARCH,3,0a3562dbd0248afa,p=2 q=1,"{""p"": 2, ""q"": 1}",level,2025-08-27,2025-08-28,21590.140625,21705.16015625,21705.16015625,21572.900075171197,21705.16015625,21572.900075171197,0.0077401250600814,-132.2600810788026,-0.6093485610181887,0.6093485610181887,pure_test,held_out_pure_test
NASDAQ,GARCH,3,0a3562dbd0248afa,p=2 q=1,"{""p"": 2, ""q"": 1}",level,2025-08-28,2025-08-29,21705.16015625,21455.55078125,21455.55078125,21685.883951664455,21455.55078125,21685.883951664455,0.0077401250600814,230.3331704144548,1.0735365069991254,1.0735365069991254,pure_test,held_out_pure_test
NASDAQ,GARCH,3,0a3562dbd0248afa,p=2 q=1,"{""p"": 2, ""q"": 1}",level,2025-08-29,2025-09-02,21455.55078125,21279.630859375,21279.630859375,21447.008854896747,21279.630859375,21447.008854896747,0.0077401250600814,167.37799552174693,0.7865643752368313,0.7865643752368313,pure_test,held_out_pure_test
NASDAQ,GARCH,3,0a3562dbd0248afa,p=2 q=1,"{""p"": 2, ""q"": 1}",level,2025-09-02,2025-09-03,21279.630859375,21497.73046875,21497.73046875,21268.91959570627,21497.73046875,21268.91959570627,0.0077401250600814,-228.81087304373068,-1.0643489710522687,1.0643489710522687,pure_test,held_out_pure_test
NASDAQ,GARCH,3,0a3562dbd0248afa,p=2 q=1,"{""p"": 2, ""q"": 1}",level,2025-09-03,2025-09-04,21497.73046875,21707.689453125,21707.689453125,21475.419698830126,21707.689453125,21475.419698830126,0.0077401250600814,-232.26975429487356,-1.0699883780649737,1.0699883780649737,pure_test,held_out_pure_test
NASDAQ,GARCH,3,0a3562dbd0248afa,p=2 q=1,"{""p"": 2, ""q"": 1}",level,2025-09-04,2025-09-05,21707.689453125,21700.390625,21700.390625,21685.61833434698,21700.390625,21685.61833434698,0.0077401250600814,-14.772290653021628,-0.06807384672607306,0.06807384672607306,pure_test,held_out_pure_test
NASDAQ,GARCH,3,0a3562dbd0248afa,p=2 q=1,"{""p"": 2, ""q"": 1}",level,2025-09-05,2025-09-08,21700.390625,21798.69921875,21798.69921875,21684.71533981482,21798.69921875,21684.71533981482,0.0077401250600814,-113.98387893518156,-0.5228930304113703,0.5228930304113703,pure_test,held_out_pure_test
NASDAQ,GARCH,3,0a3562dbd0248afa,p=2 q=1,"{""p"": 2, ""q"": 1}",level,2025-09-08,2025-09-09,21798.69921875,21879.490234375,21879.490234375,21779.914965980595,21879.490234375,21779.914965980595,0.0077401250600814,-99.5752683944047,-0.455107807941345,0.455107807941345,pure_test,held_out_pure_test
NASDAQ,GARCH,3,0a3562dbd0248afa,p=2 q=1,"{""p"": 2, ""q"": 1}",level,2025-09-09,2025-09-10,21879.490234375,21886.060546875,21886.060546875,21861.221680044,21886.060546875,21861.221680044,0.0077401250600814,-24.838866830999905,-0.11349172126157954,0.11349172126157954,pure_test,held_out_pure_test
NASDAQ,GARCH,3,0a3562dbd0248afa,p=2 q=1,"{""p"": 2, ""q"": 1}",level,2025-09-10,2025-09-11,21886.060546875,22043.0703125,22043.0703125,21869.9769692814,22043.0703125,21869.9769692814,0.0077401250600814,-173.09334321859933,-0.7852506060394091,0.7852506060394091,pure_test,held_out_pure_test
NASDAQ,GARCH,3,0a3562dbd0248afa,p=2 q=1,"{""p"": 2, ""q"": 1}",level,2025-09-11,2025-09-12,22043.0703125,22141.099609375,22141.099609375,22022.557961105755,22141.099609375,22022.557961105755,0.0077401250600814,-118.54164826924534,-0.5353918746612402,0.5353918746612402,pure_test,held_out_pure_test
NASDAQ,GARCH,3,0a3562dbd0248afa,p=2 q=1,"{""p"": 2, ""q"": 1}",level,2025-09-12,2025-09-15,22141.099609375,22348.75,22348.75,22122.323578801683,22348.75,22122.323578801683,0.0077401250600814,-226.42642119831726,-1.0131502710367124,1.0131502710367124,pure_test,held_out_pure_test
NASDAQ,GARCH,3,0a3562dbd0248afa,p=2 q=1,"{""p"": 2, ""q"": 1}",level,2025-09-15,2025-09-16,22348.75,22333.9609375,22333.9609375,22326.7468437099,22333.9609375,22326.7468437099,0.0077401250600814,-7.214093790098559,-0.03230100478050753,0.03230100478050753,pure_test,held_out_pure_test
NASDAQ,GARCH,3,0a3562dbd0248afa,p=2 q=1,"{""p"": 2, ""q"": 1}",level,2025-09-16,2025-09-17,22333.9609375,22261.330078125,22261.330078125,22318.506156664385,22261.330078125,22318.506156664385,0.0077401250600814,57.176078539385344,0.25684035203075833,0.25684035203075833,pure_test,held_out_pure_test
NASDAQ,GARCH,3,0a3562dbd0248afa,p=2 q=1,"{""p"": 2, ""q"": 1}",level,2025-09-17,2025-09-18,22261.330078125,22470.720703125,22470.720703125,22247.578096849345,22470.720703125,22247.578096849345,0.0077401250600814,-223.14260627565454,-0.9930371581033541,0.9930371581033541,pure_test,held_out_pure_test
NASDAQ,GARCH,3,0a3562dbd0248afa,p=2 q=1,"{""p"": 2, ""q"": 1}",level,2025-09-18,2025-09-19,22470.720703125,22631.48046875,22631.48046875,22448.66631622852,22631.48046875,22448.66631622852,0.0077401250600814,-182.81415252148145,-0.8077869796185666,0.8077869796185666,pure_test,held_out_pure_test
NASDAQ,GARCH,3,0a3562dbd0248afa,p=2 q=1,"{""p"": 2, ""q"": 1}",level,2025-09-19,2025-09-22,22631.48046875,22788.98046875,22788.98046875,22610.857721436285,22788.98046875,22610.857721436285,0.0077401250600814,-178.12274731371508,-0.7816178857056404,0.7816178857056404,pure_test,held_out_pure_test
NASDAQ,GARCH,3,0a3562dbd0248afa,p=2 q=1,"{""p"": 2, ""q"": 1}",level,2025-09-22,2025-09-23,22788.98046875,22573.470703125,22573.470703125,22768.4536853892,22573.470703125,22768.4536853892,0.0077401250600814,194.98298226419865,0.8637705066647364,0.8637705066647364,pure_test,held_out_pure_test
NASDAQ,GARCH,3,0a3562dbd0248afa,p=2 q=1,"{""p"": 2, ""q"": 1}",level,2025-09-23,2025-09-24,22573.470703125,22497.859375,22497.859375,22563.924921376933,22497.859375,22563.924921376933,0.0077401250600814,66.06554637693262,0.2936525883451195,0.2936525883451195,pure_test,held_out_pure_test
NASDAQ,GARCH,3,0a3562dbd0248afa,p=2 q=1,"{""p"": 2, ""q"": 1}",level,2025-09-24,2025-09-25,22497.859375,22384.69921875,22384.69921875,22484.195135481175,22384.69921875,22484.195135481175,0.0077401250600814,99.49591673117538,0.4444818121470895,0.4444818121470895,pure_test,held_out_pure_test
NASDAQ,GARCH,3,0a3562dbd0248afa,p=2 q=1,"{""p"": 2, ""q"": 1}",level,2025-09-25,2025-09-26,22384.69921875,22484.0703125,22484.0703125,22372.140375872754,22484.0703125,22372.140375872754,0.0077401250600814,-111.9299366272462,-0.49781883383018444,0.49781883383018444,pure_test,held_out_pure_test
NASDAQ,GARCH,3,0a3562dbd0248afa,p=2 q=1,"{""p"": 2, ""q"": 1}",level,2025-09-26,2025-09-29,22484.0703125,22591.150390625,22591.150390625,22465.254780886746,22591.150390625,22465.254780886746,0.0077401250600814,-125.89560973825428,-0.5572784367391008,0.5572784367391008,pure_test,held_out_pure_test
NASDAQ,GARCH,3,0a3562dbd0248afa,p=2 q=1,"{""p"": 2, ""q"": 1}",level,2025-09-29,2025-09-30,22591.150390625,22660.009765625,22660.009765625,22572.10791490021,22660.009765625,22572.10791490021,0.0077401250600814,-87.90185072478926,-0.3879162084834379,0.3879162084834379,pure_test,held_out_pure_test
NASDAQ,GARCH,3,0a3562dbd0248afa,p=2 q=1,"{""p"": 2, ""q"": 1}",level,2025-09-30,2025-10-01,22660.009765625,22755.16015625,22755.16015625,22642.09246581069,22755.16015625,22642.09246581069,0.0077401250600814,-113.06769043931126,-0.49688813290226724,0.49688813290226724,pure_test,held_out_pure_test
NASDAQ,GARCH,3,0a3562dbd0248afa,p=2 q=1,"{""p"": 2, ""q"": 1}",level,2025-10-01,2025-10-02,22755.16015625,22844.05078125,22844.05078125,22736.468877544023,22844.05078125,22736.468877544023,0.0077401250600814,-107.58190370597731,-0.470940573264172,0.470940573264172,pure_test,held_out_pure_test
NASDAQ,GARCH,3,0a3562dbd0248afa,p=2 q=1,"{""p"": 2, ""q"": 1}",level,2025-10-02,2025-10-03,22844.05078125,22780.509765625,22780.509765625,22825.54378323252,22780.509765625,22825.54378323252,0.0077401250600814,45.03401760751876,0.19768661048785455,0.19768661048785455,pure_test,held_out_pure_test
NASDAQ,GARCH,3,0a3562dbd0248afa,p=2 q=1,"{""p"": 2, ""q"": 1}",level,2025-10-03,2025-10-06,22780.509765625,22941.669921875,22941.669921875,22766.49018924038,22941.669921875,22766.49018924038,0.0077401250600814,-175.17973263462045,-0.763587538444992,0.763587538444992,pure_test,held_out_pure_test
NASDAQ,GARCH,3,0a3562dbd0248afa,p=2 q=1,"{""p"": 2, ""q"": 1}",level,2025-10-06,2025-10-07,22941.669921875,22788.359375,22788.359375,22921.03538749697,22788.359375,22921.03538749697,0.0077401250600814,132.67601249696963,0.582209584787056,0.582209584787056,pure_test,held_out_pure_test
NASDAQ,GARCH,3,0a3562dbd0248afa,p=2 q=1,"{""p"": 2, ""q"": 1}",level,2025-10-07,2025-10-08,22788.359375,23043.380859375,23043.380859375,22776.98251593346,23043.380859375,22776.98251593346,0.0077401250600814,-266.3983434415386,-1.1560731694158357,1.1560731694158357,pure_test,held_out_pure_test
NASDAQ,GARCH,3,0a3562dbd0248afa,p=2 q=1,"{""p"": 2, ""q"": 1}",level,2025-10-08,2025-10-09,23043.380859375,23024.630859375,23024.630859375,23019.983149631335,23024.630859375,23019.983149631335,0.0077401250600814,-4.647709743665473,-0.020185816537306406,0.020185816537306406,pure_test,held_out_pure_test
NASDAQ,GARCH,3,0a3562dbd0248afa,p=2 q=1,"{""p"": 2, ""q"": 1}",level,2025-10-09,2025-10-10,23024.630859375,22204.4296875,22204.4296875,23009.292684229327,22204.4296875,23009.292684229327,0.0077401250600814,804.8629967293273,3.624785720942995,3.624785720942995,pure_test,held_out_pure_test
NASDAQ,GARCH,3,0a3562dbd0248afa,p=2 q=1,"{""p"": 2, ""q"": 1}",level,2025-10-10,2025-10-13,22204.4296875,22694.609375,22694.609375,22212.685362762342,22694.609375,22212.685362762342,0.0077401250600814,-481.92401223765773,-2.1235175467198704,2.1235175467198704,pure_test,held_out_pure_test
NASDAQ,GARCH,3,0a3562dbd0248afa,p=2 q=1,"{""p"": 2, ""q"": 1}",level,2025-10-13,2025-10-14,22694.609375,22521.69921875,22521.69921875,22664.28886364165,22521.69921875,22664.28886364165,0.0077401250600814,142.5896448916501,0.6331211668653308,0.6331211668653308,pure_test,held_out_pure_test
NASDAQ,GARCH,3,0a3562dbd0248afa,p=2 q=1,"{""p"": 2, ""q"": 1}",level,2025-10-14,2025-10-15,22521.69921875,22670.080078125,22670.080078125,22510.89935085632,22670.080078125,22510.89935085632,0.0077401250600814,-159.1807272686783,-0.7021621746377344,0.7021621746377344,pure_test,held_out_pure_test
NASDAQ,GARCH,3,0a3562dbd0248afa,p=2 q=1,"{""p"": 2, ""q"": 1}",level,2025-10-15,2025-10-16,22670.080078125,22562.5390625,22562.5390625,22649.82175234129,22562.5390625,22649.82175234129,0.0077401250600814,87.28268984128954,0.38684781708082433,0.38684781708082433,pure_test,held_out_pure_test
NASDAQ,GARCH,3,0a3562dbd0248afa,p=2 q=1,"{""p"": 2, ""q"": 1}",level,2025-10-16,2025-10-17,22562.5390625,22679.970703125,22679.970703125,22549.81479823717,22679.970703125,22549.81479823717,0.0077401250600814,-130.15590488782982,-0.5738803924905249,0.5738803924905249,pure_test,held_out_pure_test
NASDAQ,GARCH,3,0a3562dbd0248afa,p=2 q=1,"{""p"": 2, ""q"": 1}",level,2025-10-17,2025-10-20,22679.970703125,22990.5390625,22990.5390625,22660.62348866417,22990.5390625,22660.62348866417,0.0077401250600814,-329.9155738358313,-1.4350058210420933,1.4350058210420933,pure_test,held_out_pure_test
NASDAQ,GARCH,3,0a3562dbd0248afa,p=2 q=1,"{""p"": 2, ""q"": 1}",level,2025-10-20,2025-10-21,22990.5390625,22953.669921875,22953.669921875,22965.50611319918,22953.669921875,22965.50611319918,0.0077401250600814,11.836191324178799,0.051565572583662664,0.051565572583662664,pure_test,held_out_pure_test
NASDAQ,GARCH,3,0a3562dbd0248afa,p=2 q=1,"{""p"": 2, ""q"": 1}",level,2025-10-21,2025-10-22,22953.669921875,22740.400390625,22740.400390625,22938.865154513143,22740.400390625,22938.865154513143,0.0077401250600814,198.46476388814335,0.8727408509920643,0.8727408509920643,pure_test,held_out_pure_test
NASDAQ,GARCH,3,0a3562dbd0248afa,p=2 q=1,"{""p"": 2, ""q"": 1}",level,2025-10-22,2025-10-23,22740.400390625,22941.80078125,22941.80078125,22730.788658814625,22941.80078125,22730.788658814625,0.0077401250600814,-211.0121224353752,-0.9197714008912167,0.9197714008912167,pure_test,held_out_pure_test
NASDAQ,GARCH,3,0a3562dbd0248afa,p=2 q=1,"{""p"": 2, ""q"": 1}",level,2025-10-23,2025-10-24,22941.80078125,23204.869140625,23204.869140625,22919.98161815902,23204.869140625,22919.98161815902,0.0077401250600814,-284.8875224659787,-1.227705792002176,1.227705792002176,pure_test,held_out_pure_test
NASDAQ,GARCH,3,0a3562dbd0248afa,p=2 q=1,"{""p"": 2, ""q"": 1}",level,2025-10-24,2025-10-27,23204.869140625,23637.4609375,23637.4609375,23181.234539637473,23637.4609375,23181.234539637473,0.0077401250600814,-456.22639786252694,-1.9300990028871494,1.9300990028871494,pure_test,held_out_pure_test
NASDAQ,GARCH,3,0a3562dbd0248afa,p=2 q=1,"{""p"": 2, ""q"": 1}",level,2025-10-27,2025-10-28,23637.4609375,23827.490234375,23827.490234375,23608.835750977894,23827.490234375,23608.835750977894,0.0077401250600814,-218.65448339710565,-0.9176563760863965,0.9176563760863965,pure_test,held_out_pure_test
NASDAQ,GARCH,3,0a3562dbd0248afa,p=2 q=1,"{""p"": 2, ""q"": 1}",level,2025-10-28,2025-10-29,23827.490234375,23958.470703125,23958.470703125,23806.005823910666,23958.470703125,23806.005823910666,0.0077401250600814,-152.46487921433436,-0.6363714992645493,0.6363714992645493,pure_test,held_out_pure_test
NASDAQ,GARCH,3,0a3562dbd0248afa,p=2 q=1,"{""p"": 2, ""q"": 1}",level,2025-10-29,2025-10-30,23958.470703125,23581.140625,23581.140625,23938.72462590721,23581.140625,23938.72462590721,0.0077401250600814,357.584000907209,1.516398237870264,1.516398237870264,pure_test,held_out_pure_test
NASDAQ,GARCH,3,0a3562dbd0248afa,p=2 q=1,"{""p"": 2, ""q"": 1}",level,2025-10-30,2025-10-31,23581.140625,23724.9609375,23724.9609375,23576.358657168596,23724.9609375,23576.358657168596,0.0077401250600814,-148.60228033140447,-0.6263541622802913,0.6263541622802913,pure_test,held_out_pure_test
NASDAQ,GARCH,3,0a3562dbd0248afa,p=2 q=1,"{""p"": 2, ""q"": 1}",level,2025-10-31,2025-11-03,23724.9609375,23834.720703125,23834.720703125,23704.83686925377,23834.720703125,23704.83686925377,0.0077401250600814,-129.8838338712303,-0.5449354137143343,0.5449354137143343,pure_test,held_out_pure_test
NASDAQ,GARCH,3,0a3562dbd0248afa,p=2 q=1,"{""p"": 2, ""q"": 1}",level,2025-11-03,2025-11-04,23834.720703125,23348.640625,23348.640625,23815.599340316086,23348.640625,23815.599340316086,0.0077401250600814,466.95871531608645,1.9999396231063729,1.9999396231063729,pure_test,held_out_pure_test
NASDAQ,GARCH,3,0a3562dbd0248afa,p=2 q=1,"{""p"": 2, ""q"": 1}",level,2025-11-04,2025-11-05,23348.640625,23499.80078125,23499.80078125,23347.060138833247,23499.80078125,23347.060138833247,0.0077401250600814,-152.74064241675296,-0.6499656905118172,0.6499656905118172,pure_test,held_out_pure_test
NASDAQ,GARCH,3,0a3562dbd0248afa,p=2 q=1,"{""p"": 2, ""q"": 1}",level,2025-11-05,2025-11-06,23499.80078125,23053.990234375,23053.990234375,23479.460635990556,23053.990234375,23479.460635990556,0.0077401250600814,425.4704016155556,1.845539090153476,1.845539090153476,pure_test,held_out_pure_test
NASDAQ,GARCH,3,0a3562dbd0248afa,p=2 q=1,"{""p"": 2, ""q"": 1}",level,2025-11-06,2025-11-07,23053.990234375,23004.5390625,23004.5390625,23051.22425702718,23004.5390625,23051.22425702718,0.0077401250600814,46.68519452718101,0.20293905650682284,0.20293905650682284,pure_test,held_out_pure_test
NASDAQ,GARCH,3,0a3562dbd0248afa,p=2 q=1,"{""p"": 2, ""q"": 1}",level,2025-11-07,2025-11-10,23004.5390625,23527.169921875,23527.169921875,22990.104696447117,23527.169921875,22990.104696447117,0.0077401250600814,-537.065225427883,-2.2827447041496165,2.2827447041496165,pure_test,held_out_pure_test
NASDAQ,GARCH,3,0a3562dbd0248afa,p=2 q=1,"{""p"": 2, ""q"": 1}",level,2025-11-10,2025-11-11,23527.169921875,23468.30078125,23468.30078125,23495.894083328105,23468.30078125,23495.894083328105,0.0077401250600814,27.593302078104898,0.11757690654855833,0.11757690654855833,pure_test,held_out_pure_test
NASDAQ,GARCH,3,0a3562dbd0248afa,p=2 q=1,"{""p"": 2, ""q"": 1}",level,2025-11-11,2025-11-12,23468.30078125,23406.4609375,23406.4609375,23454.14366994904,23406.4609375,23454.14366994904,0.0077401250600814,47.682732449040486,0.20371611315509447,0.20371611315509447,pure_test,held_out_pure_test
NASDAQ,GARCH,3,0a3562dbd0248afa,p=2 q=1,"{""p"": 2, ""q"": 1}",level,2025-11-12,2025-11-13,23406.4609375,22870.359375,22870.359375,23392.391280466494,22870.359375,23392.391280466494,0.0077401250600814,522.0319054664942,2.2825697528703315,2.2825697528703315,pure_test,held_out_pure_test
NASDAQ,GARCH,3,0a3562dbd0248afa,p=2 q=1,"{""p"": 2, ""q"": 1}",level,2025-11-13,2025-11-14,22870.359375,22900.58984375,22900.58984375,22870.251466902813,22900.58984375,22870.251466902813,0.0077401250600814,-30.338376847186737,-0.1324785826661432,0.1324785826661432,pure_test,held_out_pure_test
NASDAQ,GARCH,3,0a3562dbd0248afa,p=2 q=1,"{""p"": 2, ""q"": 1}",level,2025-11-14,2025-11-17,22900.58984375,22708.0703125,22708.0703125,22883.80973690199,22708.0703125,22883.80973690199,0.0077401250600814,175.7394244019888,0.7739073465227487,0.7739073465227487,pure_test,held_out_pure_test
NASDAQ,GARCH,3,0a3562dbd0248afa,p=2 q=1,"{""p"": 2, ""q"": 1}",level,2025-11-17,2025-11-18,22708.0703125,22432.849609375,22432.849609375,22697.84772326855,22432.849609375,22697.84772326855,0.0077401250600814,264.9981138935509,1.1812949246662114,1.1812949246662114,pure_test,held_out_pure_test
NASDAQ,GARCH,3,0a3562dbd0248afa,p=2 q=1,"{""p"": 2, ""q"": 1}",level,2025-11-18,2025-11-19,22432.849609375,22564.23046875,22564.23046875,22425.061652653007,22564.23046875,22425.061652653007,0.0077401250600814,-139.1688160969934,-0.6167673933739207,0.6167673933739207,pure_test,held_out_pure_test
NASDAQ,GARCH,3,0a3562dbd0248afa,p=2 q=1,"{""p"": 2, ""q"": 1}",level,2025-11-19,2025-11-20,22564.23046875,22078.05078125,22078.05078125,22544.47260446789,22078.05078125,22544.47260446789,0.0077401250600814,466.42182321789005,2.112604177964856,2.112604177964856,pure_test,held_out_pure_test
NASDAQ,GARCH,3,0a3562dbd0248afa,p=2 q=1,"{""p"": 2, ""q"": 1}",level,2025-11-20,2025-11-21,22078.05078125,22273.080078125,22273.080078125,22076.473227474857,22273.080078125,22076.473227474857,0.0077401250600814,-196.60685065014331,-0.8827106532214027,0.8827106532214027,pure_test,held_out_pure_test
NASDAQ,GARCH,3,0a3562dbd0248afa,p=2 q=1,"{""p"": 2, ""q"": 1}",level,2025-11-21,2025-11-24,22273.080078125,22872.009765625,22872.009765625,22251.448473101373,22872.009765625,22251.448473101373,0.0077401250600814,-620.5612925236273,-2.713190921491677,2.713190921491677,pure_test,held_out_pure_test
NASDAQ,GARCH,3,0a3562dbd0248afa,p=2 q=1,"{""p"": 2, ""q"": 1}",level,2025-11-24,2025-11-25,22872.009765625,23025.58984375,23025.58984375,22838.487772602,23025.58984375,22838.487772602,0.0077401250600814,-187.10207114800141,-0.8125831842643886,0.8125831842643886,pure_test,held_out_pure_test
NASDAQ,GARCH,3,0a3562dbd0248afa,p=2 q=1,"{""p"": 2, ""q"": 1}",level,2025-11-25,2025-11-26,23025.58984375,23214.689453125,23214.689453125,23005.178458623777,23214.689453125,23005.178458623777,0.0077401250600814,-209.51099450122274,-0.9024932033842901,0.9024932033842901,pure_test,held_out_pure_test
NASDAQ,GARCH,3,0a3562dbd0248afa,p=2 q=1,"{""p"": 2, ""q"": 1}",level,2025-11-26,2025-11-28,23214.689453125,23365.689453125,23365.689453125,23193.23241164903,23365.689453125,23193.23241164903,0.0077401250600814,-172.45704147596916,-0.7380781201511014,0.7380781201511014,pure_test,held_out_pure_test
NASDAQ,GARCH,3,0a3562dbd0248afa,p=2 q=1,"{""p"": 2, ""q"": 1}",level,2025-11-28,2025-12-01,23365.689453125,23275.919921875,23275.919921875,23345.354022691285,23275.919921875,23345.354022691285,0.0077401250600814,69.43410081628463,0.2983087287176546,0.2983087287176546,pure_test,held_out_pure_test
NASDAQ,GARCH,3,0a3562dbd0248afa,p=2 q=1,"{""p"": 2, ""q"": 1}",level,2025-12-01,2025-12-02,23275.919921875,23413.669921875,23413.669921875,23262.672484450053,23413.669921875,23262.672484450053,0.0077401250600814,-150.99743742494684,-0.6449114467265658,0.6449114467265658,pure_test,held_out_pure_test
NASDAQ,GARCH,3,0a3562dbd0248afa,p=2 q=1,"{""p"": 2, ""q"": 1}",level,2025-12-02,2025-12-03,23413.669921875,23454.08984375,23454.08984375,23393.72455702341,23454.08984375,23393.72455702341,0.0077401250600814,-60.36528672658824,-0.2573763771211709,0.2573763771211709,pure_test,held_out_pure_test
NASDAQ,GARCH,3,0a3562dbd0248afa,p=2 q=1,"{""p"": 2, ""q"": 1}",level,2025-12-03,2025-12-04,23454.08984375,23505.140625,23505.140625,23437.009770489552,23505.140625,23437.009770489552,0.0077401250600814,-68.13085451044753,-0.28985512402331154,0.28985512402331154,pure_test,held_out_pure_test
NASDAQ,GARCH,3,0a3562dbd0248afa,p=2 q=1,"{""p"": 2, ""q"": 1}",level,2025-12-04,2025-12-05,23505.140625,23578.130859375,23578.130859375,23487.747590807427,23578.130859375,23487.747590807427,0.0077401250600814,-90.3832685675734,-0.383335172353731,0.383335172353731,pure_test,held_out_pure_test
NASDAQ,GARCH,3,0a3562dbd0248afa,p=2 q=1,"{""p"": 2, ""q"": 1}",level,2025-12-05,2025-12-08,23578.130859375,23545.900390625,23545.900390625,23560.09195155565,23545.900390625,23560.09195155565,0.0077401250600814,14.191560930648848,0.06027189742253109,0.06027189742253109,pure_test,held_out_pure_test
NASDAQ,GARCH,3,0a3562dbd0248afa,p=2 q=1,"{""p"": 2, ""q"": 1}",level,2025-12-08,2025-12-09,23545.900390625,23576.490234375,23576.490234375,23530.959065810675,23576.490234375,23530.959065810675,0.0077401250600814,-45.53116856432462,-0.1931210630237882,0.1931210630237882,pure_test,held_out_pure_test
NASDAQ,GARCH,3,0a3562dbd0248afa,p=2 q=1,"{""p"": 2, ""q"": 1}",level,2025-12-09,2025-12-10,23576.490234375,23654.150390625,23654.150390625,23559.69954791804,23654.150390625,23559.69954791804,0.0077401250600814,-94.45084270695952,-0.39929923986783233,0.39929923986783233,pure_test,held_out_pure_test
NASDAQ,GARCH,3,0a3562dbd0248afa,p=2 q=1,"{""p"": 2, ""q"": 1}",level,2025-12-10,2025-12-11,23654.150390625,23593.859375,23593.859375,23635.974005387183,23593.859375,23635.974005387183,0.0077401250600814,42.11463038718284,0.17849826820535944,0.17849826820535944,pure_test,held_out_pure_test
NASDAQ,GARCH,3,0a3562dbd0248afa,p=2 q=1,"{""p"": 2, ""q"": 1}",level,2025-12-11,2025-12-12,23593.859375,23195.169921875,23195.169921875,23579.74412215184,23195.169921875,23579.74412215184,0.0077401250600814,384.5742002768384,1.657992597476738,1.657992597476738,pure_test,held_out_pure_test
NASDAQ,GARCH,3,0a3562dbd0248afa,p=2 q=1,"{""p"": 2, ""q"": 1}",level,2025-12-12,2025-12-15,23195.169921875,23057.41015625,23057.41015625,23191.01675080158,23057.41015625,23191.01675080158,0.0077401250600814,133.6065945515802,0.5794518709871865,0.5794518709871865,pure_test,held_out_pure_test
NASDAQ,GARCH,3,0a3562dbd0248afa,p=2 q=1,"{""p"": 2, ""q"": 1}",level,2025-12-15,2025-12-16,23057.41015625,23111.4609375,23111.4609375,23045.575499104907,23111.4609375,23045.575499104907,0.0077401250600814,-65.88543839509293,-0.2850769086959323,0.2850769086959323,pure_test,held_out_pure_test
NASDAQ,GARCH,3,0a3562dbd0248afa,p=2 q=1,"{""p"": 2, ""q"": 1}",level,2025-12-16,2025-12-17,23111.4609375,22693.3203125,22693.3203125,23093.97958657185,22693.3203125,23093.97958657185,0.0077401250600814,400.65927407185154,1.7655383546988461,1.7655383546988461,pure_test,held_out_pure_test
NASDAQ,GARCH,3,0a3562dbd0248afa,p=2 q=1,"{""p"": 2, ""q"": 1}",level,2025-12-17,2025-12-18,22693.3203125,23006.359375,23006.359375,22689.73976276096,23006.359375,22689.73976276096,0.0077401250600814,-316.61961223903927,-1.376226490589797,1.376226490589797,pure_test,held_out_pure_test
NASDAQ,GARCH,3,0a3562dbd0248afa,p=2 q=1,"{""p"": 2, ""q"": 1}",level,2025-12-18,2025-12-19,23006.359375,23307.619140625,23307.619140625,22981.25369088765,23307.619140625,22981.25369088765,0.0077401250600814,-326.36544973735,-1.4002521997988955,1.4002521997988955,pure_test,held_out_pure_test
NASDAQ,GARCH,3,0a3562dbd0248afa,p=2 q=1,"{""p"": 2, ""q"": 1}",level,2025-12-19,2025-12-22,23307.619140625,23428.830078125,23428.830078125,23282.860226195113,23428.830078125,23282.860226195113,0.0077401250600814,-145.96985192988723,-0.623035172661806,0.623035172661806,pure_test,held_out_pure_test
NASDAQ,GARCH,3,0a3562dbd0248afa,p=2 q=1,"{""p"": 2, ""q"": 1}",level,2025-12-22,2025-12-23,23428.830078125,23561.83984375,23561.83984375,23409.371605276578,23561.83984375,23409.371605276578,0.0077401250600814,-152.4682384734224,-0.6470981870877373,0.6470981870877373,pure_test,held_out_pure_test
NASDAQ,GARCH,3,0a3562dbd0248afa,p=2 q=1,"{""p"": 2, ""q"": 1}",level,2025-12-23,2025-12-24,23561.83984375,23613.310546875,23613.310546875,23542.03402624037,23613.310546875,23542.03402624037,0.0077401250600814,-71.27652063463029,-0.30184891056736246,0.30184891056736246,pure_test,held_out_pure_test
NASDAQ,GARCH,3,0a3562dbd0248afa,p=2 q=1,"{""p"": 2, ""q"": 1}",level,2025-12-24,2025-12-26,23613.310546875,23593.099609375,23593.099609375,23595.905150639363,23593.099609375,23595.905150639363,0.0077401250600814,2.805541264362546,0.011891363622470914,0.011891363622470914,pure_test,held_out_pure_test
NASDAQ,GARCH,3,0a3562dbd0248afa,p=2 q=1,"{""p"": 2, ""q"": 1}",level,2025-12-26,2025-12-29,23593.099609375,23474.349609375,23474.349609375,23577.80444263962,23474.349609375,23577.80444263962,0.0077401250600814,103.45483326461908,0.44071437541895564,0.44071437541895564,pure_test,held_out_pure_test
NASDAQ,GARCH,3,0a3562dbd0248afa,p=2 q=1,"{""p"": 2, ""q"": 1}",level,2025-12-29,2025-12-30,23474.349609375,23419.080078125,23419.080078125,23461.955325415212,23419.080078125,23461.955325415212,0.0077401250600814,42.87524729021243,0.18307827270406235,0.18307827270406235,pure_test,held_out_pure_test
NASDAQ,GARCH,3,0a3562dbd0248afa,p=2 q=1,"{""p"": 2, ""q"": 1}",level,2025-12-30,2025-12-31,23419.080078125,23241.990234375,23241.990234375,23404.816998240924,23241.990234375,23404.816998240924,0.0077401250600814,162.82676386592357,0.7005715182906415,0.7005715182906415,pure_test,held_out_pure_test
NASDAQ,GARCH,3,0a3562dbd0248afa,p=2 q=1,"{""p"": 2, ""q"": 1}",level,2025-12-31,2026-01-02,23241.990234375,23235.630859375,23235.630859375,23231.313411933228,23235.630859375,23231.313411933228,0.0077401250600814,-4.317447441771947,-0.01858115007895283,0.01858115007895283,pure_test,held_out_pure_test
NASDAQ,GARCH,3,0a3562dbd0248afa,p=2 q=1,"{""p"": 2, ""q"": 1}",level,2026-01-02,2026-01-05,23235.630859375,23395.8203125,23395.8203125,23219.927917712073,23395.8203125,23219.927917712073,0.0077401250600814,-175.8923947879266,-0.7518111886589854,0.7518111886589854,pure_test,held_out_pure_test
NASDAQ,GARCH,3,0a3562dbd0248afa,p=2 q=1,"{""p"": 2, ""q"": 1}",level,2026-01-05,2026-01-06,23395.8203125,23547.169921875,23547.169921875,23375.214354565705,23547.169921875,23375.214354565705,0.0077401250600814,-171.95556730929457,-0.7302600179971105,0.7302600179971105,pure_test,held_out_pure_test
NASDAQ,GARCH,3,0a3562dbd0248afa,p=2 q=1,"{""p"": 2, ""q"": 1}",level,2026-01-06,2026-01-07,23547.169921875,23584.279296875,23584.279296875,23526.82419932171,23584.279296875,23526.82419932171,0.0077401250600814,-57.455097553291125,-0.2436160835362229,0.2436160835362229,pure_test,held_out_pure_test
NASDAQ,GARCH,3,0a3562dbd0248afa,p=2 q=1,"{""p"": 2, ""q"": 1}",level,2026-01-07,2026-01-08,23584.279296875,23480.01953125,23480.01953125,23567.29668251221,23480.01953125,23567.29668251221,0.0077401250600814,87.27715126220937,0.37170817147767093,0.37170817147767093,pure_test,held_out_pure_test
NASDAQ,GARCH,3,0a3562dbd0248afa,p=2 q=1,"{""p"": 2, ""q"": 1}",level,2026-01-08,2026-01-09,23480.01953125,23671.349609375,23671.349609375,23467.198670557635,23671.349609375,23467.198670557635,0.0077401250600814,-204.1509388173654,-0.8624389491358436,0.8624389491358436,pure_test,held_out_pure_test
NASDAQ,GARCH,3,0a3562dbd0248afa,p=2 q=1,"{""p"": 2, ""q"": 1}",level,2026-01-09,2026-01-12,23671.349609375,23733.900390625,23733.900390625,23649.8269053261,23733.900390625,23649.8269053261,0.0077401250600814,-84.07348529890078,-0.35423374967946775,0.35423374967946775,pure_test,held_out_pure_test
NASDAQ,GARCH,3,0a3562dbd0248afa,p=2 q=1,"{""p"": 2, ""q"": 1}",level,2026-01-12,2026-01-13,23733.900390625,23709.869140625,23709.869140625,23716.16880894605,23709.869140625,23716.16880894605,0.0077401250600814,6.299668321051286,0.02656981480449126,0.02656981480449126,pure_test,held_out_pure_test
NASDAQ,GARCH,3,0a3562dbd0248afa,p=2 q=1,"{""p"": 2, ""q"": 1}",level,2026-01-13,2026-01-14,23709.869140625,23471.75,23471.75,23694.68643973258,23471.75,23694.68643973258,0.0077401250600814,222.93643973258077,0.949807490845722,0.949807490845722,pure_test,held_out_pure_test
NASDAQ,GARCH,3,0a3562dbd0248afa,p=2 q=1,"{""p"": 2, ""q"": 1}",level,2026-01-14,2026-01-15,23471.75,23530.01953125,23530.01953125,23462.86981364974,23530.01953125,23462.86981364974,0.0077401250600814,-67.14971760025946,-0.28537892844108587,0.28537892844108587,pure_test,held_out_pure_test
NASDAQ,GARCH,3,0a3562dbd0248afa,p=2 q=1,"{""p"": 2, ""q"": 1}",level,2026-01-15,2026-01-16,23530.01953125,23515.390625,23515.390625,23512.413984912448,23515.390625,23512.413984912448,0.0077401250600814,-2.9766400875523686,-0.012658263411485935,0.012658263411485935,pure_test,held_out_pure_test
NASDAQ,GARCH,3,0a3562dbd0248afa,p=2 q=1,"{""p"": 2, ""q"": 1}",level,2026-01-16,2026-01-20,23515.390625,22954.3203125,22954.3203125,23499.931129338656,22954.3203125,23499.931129338656,0.0077401250600814,545.6108168386563,2.3769417234346886,2.3769417234346886,pure_test,held_out_pure_test
NASDAQ,GARCH,3,0a3562dbd0248afa,p=2 q=1,"{""p"": 2, ""q"": 1}",level,2026-01-20,2026-01-21,22954.3203125,23224.8203125,23224.8203125,22954.947457233287,23224.8203125,22954.947457233287,0.0077401250600814,-269.8728552667126,-1.162001908455939,1.162001908455939,pure_test,held_out_pure_test
NASDAQ,GARCH,3,0a3562dbd0248afa,p=2 q=1,"{""p"": 2, ""q"": 1}",level,2026-01-21,2026-01-22,23224.8203125,23436.01953125,23436.01953125,23200.96693209915,23436.01953125,23200.96693209915,0.0077401250600814,-235.05259915085117,-1.0029544429992812,1.0029544429992812,pure_test,held_out_pure_test
NASDAQ,GARCH,3,0a3562dbd0248afa,p=2 q=1,"{""p"": 2, ""q"": 1}",level,2026-01-22,2026-01-23,23436.01953125,23501.240234375,23501.240234375,23413.911901321528,23501.240234375,23413.911901321528,0.0077401250600814,-87.3283330534723,-0.3715903168622485,0.3715903168622485,pure_test,held_out_pure_test
NASDAQ,GARCH,3,0a3562dbd0248afa,p=2 q=1,"{""p"": 2, ""q"": 1}",level,2026-01-23,2026-01-26,23501.240234375,23601.359375,23601.359375,23483.430053101303,23601.359375,23483.430053101303,0.0077401250600814,-117.9293218986968,-0.4996717351103714,0.4996717351103714,pure_test,held_out_pure_test
NASDAQ,GARCH,3,0a3562dbd0248afa,p=2 q=1,"{""p"": 2, ""q"": 1}",level,2026-01-26,2026-01-27,23601.359375,23817.099609375,23817.099609375,23582.521821700728,23817.099609375,23582.521821700728,0.0077401250600814,-234.57778767427226,-0.9849133249706721,0.9849133249706721,pure_test,held_out_pure_test
NASDAQ,GARCH,3,0a3562dbd0248afa,p=2 q=1,"{""p"": 2, ""q"": 1}",level,2026-01-27,2026-01-28,23817.099609375,23857.44921875,23857.44921875,23794.858296887796,23857.44921875,23794.858296887796,0.0077401250600814,-62.590921862203686,-0.2623537884888899,0.2623537884888899,pure_test,held_out_pure_test
NASDAQ,GARCH,3,0a3562dbd0248afa,p=2 q=1,"{""p"": 2, ""q"": 1}",level,2026-01-28,2026-01-29,23857.44921875,23685.119140625,23685.119140625,23840.37121541304,23685.119140625,23840.37121541304,0.0077401250600814,155.25207478804077,0.6554836134294573,0.6554836134294573,pure_test,held_out_pure_test
NASDAQ,GARCH,3,0a3562dbd0248afa,p=2 q=1,"{""p"": 2, ""q"": 1}",level,2026-01-29,2026-01-30,23685.119140625,23461.8203125,23461.8203125,23674.302195862525,23461.8203125,23674.302195862525,0.0077401250600814,212.48188336252497,0.9056496066049861,0.9056496066049861,pure_test,held_out_pure_test
NASDAQ,GARCH,3,0a3562dbd0248afa,p=2 q=1,"{""p"": 2, ""q"": 1}",level,2026-01-30,2026-02-02,23461.8203125,23592.109375,23592.109375,23452.503832276332,23592.109375,23452.503832276332,0.0077401250600814,-139.6055427236679,-0.5917467594974979,0.5917467594974979,pure_test,held_out_pure_test
NASDAQ,GARCH,3,0a3562dbd0248afa,p=2 q=1,"{""p"": 2, ""q"": 1}",level,2026-02-02,2026-02-03,23592.109375,23255.189453125,23255.189453125,23572.38365202986,23255.189453125,23572.38365202986,0.0077401250600814,317.19419890486097,1.3639716827257964,1.3639716827257964,pure_test,held_out_pure_test
NASDAQ,GARCH,3,0a3562dbd0248afa,p=2 q=1,"{""p"": 2, ""q"": 1}",level,2026-02-03,2026-02-04,23255.189453125,22904.580078125,22904.580078125,23249.21785426555,22904.580078125,23249.21785426555,0.0077401250600814,344.63777614054925,1.504667516125717,1.504667516125717,pure_test,held_out_pure_test
NASDAQ,GARCH,3,0a3562dbd0248afa,p=2 q=1,"{""p"": 2, ""q"": 1}",level,2026-02-04,2026-02-05,22904.580078125,22540.58984375,22540.58984375,22899.011481869493,22540.58984375,22899.011481869493,0.0077401250600814,358.42163811949285,1.5901164991867998,1.5901164991867998,pure_test,held_out_pure_test
NASDAQ,GARCH,3,0a3562dbd0248afa,p=2 q=1,"{""p"": 2, ""q"": 1}",level,2026-02-05,2026-02-06,22540.58984375,23031.2109375,23031.2109375,22535.415165434228,23031.2109375,22535.415165434228,0.0077401250600814,-495.7957720657723,-2.1527125664873537,2.1527125664873537,pure_test,held_out_pure_test
NASDAQ,GARCH,3,0a3562dbd0248afa,p=2 q=1,"{""p"": 2, ""q"": 1}",level,2026-02-06,2026-02-09,23031.2109375,23238.669921875,23238.669921875,23000.877431621964,23238.669921875,23000.877431621964,0.0077401250600814,-237.7924902530358,-1.0232620500762706,1.0232620500762706,pure_test,held_out_pure_test
NASDAQ,GARCH,3,0a3562dbd0248afa,p=2 q=1,"{""p"": 2, ""q"": 1}",level,2026-02-09,2026-02-10,23238.669921875,23102.470703125,23102.470703125,23216.672400376625,23102.470703125,23216.672400376625,0.0077401250600814,114.20169725162486,0.4943267701500738,0.4943267701500738,pure_test,held_out_pure_test
NASDAQ,GARCH,3,0a3562dbd0248afa,p=2 q=1,"{""p"": 2, ""q"": 1}",level,2026-02-10,2026-02-11,23102.470703125,23066.470703125,23066.470703125,23090.590105178,23066.470703125,23090.590105178,0.0077401250600814,24.11940205299834,0.10456477006571573,0.10456477006571573,pure_test,held_out_pure_test
NASDAQ,GARCH,3,0a3562dbd0248afa,p=2 q=1,"{""p"": 2, ""q"": 1}",level,2026-02-11,2026-02-12,23066.470703125,22597.150390625,22597.150390625,23051.64034920889,22597.150390625,23051.64034920889,0.0077401250600814,454.48995858389026,2.0112711148413074,2.0112711148413074,pure_test,held_out_pure_test
NASDAQ,GARCH,3,0a3562dbd0248afa,p=2 q=1,"{""p"": 2, ""q"": 1}",level,2026-02-12,2026-02-13,22597.150390625,22546.669921875,22546.669921875,22595.076515195236,22546.669921875,22595.076515195236,0.0077401250600814,48.406593320236425,0.21469509017503233,0.21469509017503233,pure_test,held_out_pure_test
NASDAQ,GARCH,3,0a3562dbd0248afa,p=2 q=1,"{""p"": 2, ""q"": 1}",level,2026-02-13,2026-02-17,22546.669921875,22578.380859375,22578.380859375,22532.2658572021,22578.380859375,22532.2658572021,0.0077401250600814,-46.11500217290086,-0.2042440618754687,0.2042440618754687,pure_test,held_out_pure_test
NASDAQ,GARCH,3,0a3562dbd0248afa,p=2 q=1,"{""p"": 2, ""q"": 1}",level,2026-02-17,2026-02-18,22578.380859375,22753.630859375,22753.630859375,22561.55716913795,22753.630859375,22561.55716913795,0.0077401250600814,-192.07369023705178,-0.844145233014155,0.844145233014155,pure_test,held_out_pure_test
NASDAQ,GARCH,3,0a3562dbd0248afa,p=2 q=1,"{""p"": 2, ""q"": 1}",level,2026-02-18,2026-02-19,22753.630859375,22682.73046875,22682.73046875,22732.581535328703,22682.73046875,22732.581535328703,0.0077401250600814,49.85106657870347,0.21977542186723634,0.21977542186723634,pure_test,held_out_pure_test
NASDAQ,GARCH,3,0a3562dbd0248afa,p=2 q=1,"{""p"": 2, ""q"": 1}",level,2026-02-19,2026-02-20,22682.73046875,22886.0703125,22886.0703125,22668.927544357342,22886.0703125,22668.927544357342,0.0077401250600814,-217.1427681426576,-0.9487988334286369,0.9487988334286369,pure_test,held_out_pure_test
NASDAQ,GARCH,3,0a3562dbd0248afa,p=2 q=1,"{""p"": 2, ""q"": 1}",level,2026-02-20,2026-02-23,22886.0703125,22627.26953125,22627.26953125,22864.19405401942,22627.26953125,22864.19405401942,0.0077401250600814,236.92452276941913,1.047075178214535,1.047075178214535,pure_test,held_out_pure_test
NASDAQ,GARCH,3,0a3562dbd0248afa,p=2 q=1,"{""p"": 2, ""q"": 1}",level,2026-02-23,2026-02-24,22627.26953125,22863.6796875,22863.6796875,22618.9981898952,22863.6796875,22618.9981898952,0.0077401250600814,-244.68149760480082,-1.0701754964603216,1.0701754964603216,pure_test,held_out_pure_test
NASDAQ,GARCH,3,0a3562dbd0248afa,p=2 q=1,"{""p"": 2, ""q"": 1}",level,2026-02-24,2026-02-25,22863.6796875,23152.080078125,23152.080078125,22840.829875004587,23152.080078125,22840.829875004587,0.0077401250600814,-311.25020312041306,-1.3443725232036259,1.3443725232036259,pure_test,held_out_pure_test
NASDAQ,GARCH,3,0a3562dbd0248afa,p=2 q=1,"{""p"": 2, ""q"": 1}",level,2026-02-25,2026-02-26,23152.080078125,22878.380859375,22878.380859375,23127.699729702297,22878.380859375,23127.699729702297,0.0077401250600814,249.3188703272972,1.0897574957763343,1.0897574957763343,pure_test,held_out_pure_test
NASDAQ,GARCH,3,0a3562dbd0248afa,p=2 q=1,"{""p"": 2, ""q"": 1}",level,2026-02-26,2026-02-27,22878.380859375,22668.2109375,22668.2109375,22870.548111808595,22668.2109375,22870.548111808595,0.0077401250600814,202.33717430859542,0.8926031916081618,0.8926031916081618,pure_test,held_out_pure_test
NASDAQ,GARCH,3,0a3562dbd0248afa,p=2 q=1,"{""p"": 2, ""q"": 1}",level,2026-02-27,2026-03-02,22668.2109375,22748.859375,22748.859375,22658.507956562436,22748.859375,22658.507956562436,0.0077401250600814,-90.35141843756355,-0.3971690050396804,0.3971690050396804,pure_test,held_out_pure_test
NASDAQ,GARCH,3,0a3562dbd0248afa,p=2 q=1,"{""p"": 2, ""q"": 1}",level,2026-03-02,2026-03-03,22748.859375,22516.689453125,22516.689453125,22730.595018013853,22516.689453125,22730.595018013853,0.0077401250600814,213.9055648888534,0.9499867435404289,0.9499867435404289,pure_test,held_out_pure_test
NASDAQ,GARCH,3,0a3562dbd0248afa,p=2 q=1,"{""p"": 2, ""q"": 1}",level,2026-03-03,2026-03-04,22516.689453125,22807.48046875,22807.48046875,22507.63412824833,22807.48046875,22507.63412824833,0.0077401250600814,-299.84634050167006,-1.314684192813445,1.314684192813445,pure_test,held_out_pure_test
NASDAQ,GARCH,3,0a3562dbd0248afa,p=2 q=1,"{""p"": 2, ""q"": 1}",level,2026-03-04,2026-03-05,22807.48046875,22748.990234375,22748.990234375,22783.029742928637,22748.990234375,22783.029742928637,0.0077401250600814,34.03950855363655,0.14963085483328814,0.14963085483328814,pure_test,held_out_pure_test
NASDAQ,GARCH,3,0a3562dbd0248afa,p=2 q=1,"{""p"": 2, ""q"": 1}",level,2026-03-05,2026-03-06,22748.990234375,22387.6796875,22387.6796875,22734.821968486343,22387.6796875,22734.821968486343,0.0077401250600814,347.1422809863434,1.550595174810223,1.550595174810223,pure_test,held_out_pure_test
NASDAQ,GARCH,3,0a3562dbd0248afa,p=2 q=1,"{""p"": 2, ""q"": 1}",level,2026-03-06,2026-03-09,22387.6796875,22695.94921875,22695.94921875,22382.426122100107,22695.94921875,22382.426122100107,0.0077401250600814,-313.523096649893,-1.3814055258410582,1.3814055258410582,pure_test,held_out_pure_test
NASDAQ,GARCH,3,0a3562dbd0248afa,p=2 q=1,"{""p"": 2, ""q"": 1}",level,2026-03-09,2026-03-10,22695.94921875,22697.099609375,22697.099609375,22670.98394444773,22697.099609375,22670.98394444773,0.0077401250600814,-26.1156649272707,-0.115061683548693,0.115061683548693,pure_test,held_out_pure_test
NASDAQ,GARCH,3,0a3562dbd0248afa,p=2 q=1,"{""p"": 2, ""q"": 1}",level,2026-03-10,2026-03-11,22697.099609375,22716.130859375,22716.130859375,22681.17558838376,22716.130859375,22681.17558838376,0.0077401250600814,-34.95527099123865,-0.15387863015770809,0.15387863015770809,pure_test,held_out_pure_test
NASDAQ,GARCH,3,0a3562dbd0248afa,p=2 q=1,"{""p"": 2, ""q"": 1}",level,2026-03-11,2026-03-12,22716.130859375,22311.98046875,22311.98046875,22699.68044534066,22311.98046875,22699.68044534066,0.0077401250600814,387.6999765906585,1.737631391053198,1.737631391053198,pure_test,held_out_pure_test
NASDAQ,GARCH,3,0a3562dbd0248afa,p=2 q=1,"{""p"": 2, ""q"": 1}",level,2026-03-12,2026-03-13,22311.98046875,22105.359375,22105.359375,22307.98806173431,22105.359375,22307.98806173431,0.0077401250600814,202.6286867343115,0.916649592964654,0.916649592964654,pure_test,held_out_pure_test
NASDAQ,GARCH,3,0a3562dbd0248afa,p=2 q=1,"{""p"": 2, ""q"": 1}",level,2026-03-13,2026-03-16,22105.359375,22374.1796875,22374.1796875,22095.551920424063,22374.1796875,22095.551920424063,0.0077401250600814,-278.6277670759373,-1.2453094190157101,1.2453094190157101,pure_test,held_out_pure_test
NASDAQ,GARCH,3,0a3562dbd0248afa,p=2 q=1,"{""p"": 2, ""q"": 1}",level,2026-03-16,2026-03-17,22374.1796875,22479.529296875,22479.529296875,22350.375755271412,22479.529296875,22350.375755271412,0.0077401250600814,-129.15354160358766,-0.5745384607387752,0.5745384607387752,pure_test,held_out_pure_test
NASDAQ,GARCH,3,0a3562dbd0248afa,p=2 q=1,"{""p"": 2, ""q"": 1}",level,2026-03-17,2026-03-18,22479.529296875,22152.419921875,22152.419921875,22460.537764267217,22152.419921875,22460.537764267217,0.0077401250600814,308.1178423922174,1.3908992492867933,1.3908992492867933,pure_test,held_out_pure_test
NASDAQ,GARCH,3,0a3562dbd0248afa,p=2 q=1,"{""p"": 2, ""q"": 1}",level,2026-03-18,2026-03-19,22152.419921875,22090.689453125,22090.689453125,22146.159511190806,22090.689453125,22146.159511190806,0.0077401250600814,55.47005806580637,0.2511015248460679,0.2511015248460679,pure_test,held_out_pure_test
NASDAQ,GARCH,3,0a3562dbd0248afa,p=2 q=1,"{""p"": 2, ""q"": 1}",level,2026-03-19,2026-03-20,22090.689453125,21647.609375,21647.609375,22076.616576210512,21647.609375,22076.616576210512,0.0077401250600814,429.007201210512,1.9817763420378238,1.9817763420378238,pure_test,held_out_pure_test
NASDAQ,GARCH,3,0a3562dbd0248afa,p=2 q=1,"{""p"": 2, ""q"": 1}",level,2026-03-20,2026-03-23,21647.609375,21946.759765625,21946.759765625,21644.763015623317,21946.759765625,21644.763015623317,0.0077401250600814,-301.9967500016828,-1.376042537608205,1.376042537608205,pure_test,held_out_pure_test
NASDAQ,GARCH,3,0a3562dbd0248afa,p=2 q=1,"{""p"": 2, ""q"": 1}",level,2026-03-23,2026-03-24,21946.759765625,21761.890625,21761.890625,21922.062948899817,21761.890625,21922.062948899817,0.0077401250600814,160.17232389981655,0.7360220978034465,0.7360220978034465,pure_test,held_out_pure_test
NASDAQ,GARCH,3,0a3562dbd0248afa,p=2 q=1,"{""p"": 2, ""q"": 1}",level,2026-03-24,2026-03-25,21761.890625,21929.8203125,21929.8203125,21751.44281659326,21929.8203125,21751.44281659326,0.0077401250600814,-178.3774959067414,-0.8134015389312889,0.8134015389312889,pure_test,held_out_pure_test
NASDAQ,GARCH,3,0a3562dbd0248afa,p=2 q=1,"{""p"": 2, ""q"": 1}",level,2026-03-25,2026-03-26,21929.8203125,21408.080078125,21408.080078125,21908.986490488172,21408.080078125,21908.986490488172,0.0077401250600814,500.9064123631724,2.339800722601948,2.339800722601948,pure_test,held_out_pure_test
NASDAQ,GARCH,3,0a3562dbd0248afa,p=2 q=1,"{""p"": 2, ""q"": 1}",level,2026-03-26,2026-03-27,21408.080078125,20948.359375,20948.359375,21407.549388154966,20948.359375,21407.549388154966,0.0077401250600814,459.19001315496644,2.1920094310725298,2.1920094310725298,pure_test,held_out_pure_test
NASDAQ,GARCH,3,0a3562dbd0248afa,p=2 q=1,"{""p"": 2, ""q"": 1}",level,2026-03-27,2026-03-30,20948.359375,20794.640625,20794.640625,20946.00289751597,20794.640625,20946.00289751597,0.0077401250600814,151.36227251596938,0.7278907832338141,0.7278907832338141,pure_test,held_out_pure_test
NASDAQ,GARCH,3,0a3562dbd0248afa,p=2 q=1,"{""p"": 2, ""q"": 1}",level,2026-03-30,2026-03-31,20794.640625,21590.630859375,21590.630859375,20783.27578298928,21590.630859375,20783.27578298928,0.0077401250600814,-807.3550763857202,-3.739376962369553,3.739376962369553,pure_test,held_out_pure_test
NASDAQ,GARCH,4,510d001324f1d615,p=2 q=2,"{""p"": 2, ""q"": 2}",level,2022-02-01,2022-02-02,14346.0,14417.5498046875,14417.5498046875,,14417.5498046875,,0.0172224170528352,,,,fit_period,model_fit_period
NASDAQ,GARCH,4,510d001324f1d615,p=2 q=2,"{""p"": 2, ""q"": 2}",level,2022-02-02,2022-02-03,14417.5498046875,13878.8203125,13878.8203125,14398.918217113634,13878.8203125,14398.918217113634,0.0172224170528352,520.0979046136345,3.747421559635056,3.747421559635056,fit_period,model_fit_period
NASDAQ,GARCH,4,510d001324f1d615,p=2 q=2,"{""p"": 2, ""q"": 2}",level,2022-02-03,2022-02-04,13878.8203125,14098.009765625,14098.009765625,13878.69478942668,14098.009765625,13878.69478942668,0.0172224170528352,-219.31497619832044,-1.5556449445302087,1.5556449445302087,fit_period,model_fit_period
NASDAQ,GARCH,4,510d001324f1d615,p=2 q=2,"{""p"": 2, ""q"": 2}",level,2022-02-04,2022-02-07,14098.009765625,14015.669921875,14015.669921875,14074.90116421368,14015.669921875,14074.90116421368,0.0172224170528352,59.231242338679294,0.4226072864789285,0.4226072864789285,fit_period,model_fit_period
NASDAQ,GARCH,4,510d001324f1d615,p=2 q=2,"{""p"": 2, ""q"": 2}",level,2022-02-07,2022-02-08,14015.669921875,14194.4501953125,14194.4501953125,14001.704872678782,14194.4501953125,14001.704872678782,0.0172224170528352,-192.7453226337184,-1.357892133767672,1.357892133767672,fit_period,model_fit_period
NASDAQ,GARCH,4,510d001324f1d615,p=2 q=2,"{""p"": 2, ""q"": 2}",level,2022-02-08,2022-02-09,14194.4501953125,14490.3701171875,14490.3701171875,14172.566958893143,14490.3701171875,14172.566958893143,0.0172224170528352,-317.80315829435676,-2.193202490510578,2.193202490510578,fit_period,model_fit_period
NASDAQ,GARCH,4,510d001324f1d615,p=2 q=2,"{""p"": 2, ""q"": 2}",level,2022-02-09,2022-02-10,14490.3701171875,14185.6396484375,14185.6396484375,14464.93474668682,14185.6396484375,14464.93474668682,0.0172224170528352,279.2950982493203,1.9688579801199426,1.9688579801199426,fit_period,model_fit_period
NASDAQ,GARCH,4,510d001324f1d615,p=2 q=2,"{""p"": 2, ""q"": 2}",level,2022-02-10,2022-02-11,14185.6396484375,13791.150390625,13791.150390625,14178.418356192637,13791.150390625,14178.418356192637,0.0172224170528352,387.26796556763657,2.8080903666375434,2.8080903666375434,fit_period,model_fit_period
NASDAQ,GARCH,4,510d001324f1d615,p=2 q=2,"{""p"": 2, ""q"": 2}",level,2022-02-11,2022-02-14,13791.150390625,13790.919921875,13790.919921875,13786.650937296165,13790.919921875,13786.650937296165,0.0172224170528352,-4.268984578835443,-0.030955038554491412,0.030955038554491412,fit_period,model_fit_period
NASDAQ,GARCH,4,510d001324f1d615,p=2 q=2,"{""p"": 2, ""q"": 2}",level,2022-02-14,2022-02-15,13790.919921875,14139.759765625,14139.759765625,13774.46499403202,14139.759765625,13774.46499403202,0.0172224170528352,-365.2947715929804,-2.5834581184402023,2.5834581184402023,fit_period,model_fit_period
NASDAQ,GARCH,4,510d001324f1d615,p=2 q=2,"{""p"": 2, ""q"": 2}",level,2022-02-15,2022-02-16,14139.759765625,14124.08984375,14124.08984375,14112.71965530667,14124.08984375,14112.71965530667,0.0172224170528352,-11.370188443330335,-0.08050209655358229,0.08050209655358229,fit_period,model_fit_period
NASDAQ,GARCH,4,510d001324f1d615,p=2 q=2,"{""p"": 2, ""q"": 2}",level,2022-02-16,2022-02-17,14124.08984375,13716.7197265625,13716.7197265625,14108.103100747712,13716.7197265625,14108.103100747712,0.0172224170528352,391.38337418521223,2.8533306941257703,2.8533306941257703,fit_period,model_fit_period
NASDAQ,GARCH,4,510d001324f1d615,p=2 q=2,"{""p"": 2, ""q"": 2}",level,2022-02-17,2022-02-18,13716.7197265625,13548.0703125,13548.0703125,13712.610871465711,13548.0703125,13712.610871465711,0.0172224170528352,164.54055896571117,1.2144944274012173,1.2144944274012173,fit_period,model_fit_period
NASDAQ,GARCH,4,510d001324f1d615,p=2 q=2,"{""p"": 2, ""q"": 2}",level,2022-02-18,2022-02-22,13548.0703125,13381.51953125,13381.51953125,13536.722508364192,13381.51953125,13536.722508364192,0.0172224170528352,155.20297711419153,1.1598307408343604,1.1598307408343604,fit_period,model_fit_period
NASDAQ,GARCH,4,510d001324f1d615,p=2 q=2,"{""p"": 2, ""q"": 2}",level,2022-02-22,2022-02-23,13381.51953125,13037.490234375,13037.490234375,13370.108088327182,13037.490234375,13370.108088327182,0.0172224170528352,332.6178539521825,2.55124144273714,2.55124144273714,fit_period,model_fit_period
NASDAQ,GARCH,4,510d001324f1d615,p=2 q=2,"{""p"": 2, ""q"": 2}",level,2022-02-23,2022-02-24,13037.490234375,13473.58984375,13473.58984375,13031.460636903004,13473.58984375,13031.460636903004,0.0172224170528352,-442.12920684699566,-3.281450689639972,3.281450689639972,fit_period,model_fit_period
NASDAQ,GARCH,4,510d001324f1d615,p=2 q=2,"{""p"": 2, ""q"": 2}",level,2022-02-24,2022-02-25,13473.58984375,13694.6201171875,13694.6201171875,13443.903674718507,13694.6201171875,13443.903674718507,0.0172224170528352,-250.71644246899268,-1.8307659527870348,1.8307659527870348,fit_period,model_fit_period
NASDAQ,GARCH,4,510d001324f1d615,p=2 q=2,"{""p"": 2, ""q"": 2}",level,2022-02-25,2022-02-28,13694.6201171875,13751.400390625,13751.400390625,13671.455694876451,13751.400390625,13671.455694876451,0.0172224170528352,-79.94469574854884,-0.5813567598762598,0.5813567598762598,fit_period,model_fit_period
NASDAQ,GARCH,4,510d001324f1d615,p=2 q=2,"{""p"": 2, ""q"": 2}",level,2022-02-28,2022-03-01,13751.400390625,13532.4599609375,13532.4599609375,13733.216673230174,13532.4599609375,13733.216673230174,0.0172224170528352,200.7567122926739,1.483519721264085,1.483519721264085,fit_period,model_fit_period
NASDAQ,GARCH,4,510d001324f1d615,p=2 q=2,"{""p"": 2, ""q"": 2}",level,2022-03-01,2022-03-02,13532.4599609375,13752.01953125,13752.01953125,13522.637177859626,13752.01953125,13522.637177859626,0.0172224170528352,-229.3823533903742,-1.6679903113075663,1.6679903113075663,fit_period,model_fit_period
NASDAQ,GARCH,4,510d001324f1d615,p=2 q=2,"{""p"": 2, ""q"": 2}",level,2022-03-02,2022-03-03,13752.01953125,13537.9404296875,13537.9404296875,13728.899706432316,13537.9404296875,13728.899706432316,0.0172224170528352,190.95927674481572,1.4105489511983595,1.4105489511983595,fit_period,model_fit_period
NASDAQ,GARCH,4,510d001324f1d615,p=2 q=2,"{""p"": 2, ""q"": 2}",level,2022-03-03,2022-03-04,13537.9404296875,13313.4404296875,13313.4404296875,13527.970232053209,13313.4404296875,13527.970232053209,0.0172224170528352,214.52980236570875,1.611377641254405,1.611377641254405,fit_period,model_fit_period
NASDAQ,GARCH,4,510d001324f1d615,p=2 q=2,"{""p"": 2, ""q"": 2}",level,2022-03-04,2022-03-07,13313.4404296875,12830.9599609375,12830.9599609375,13303.786234610769,12830.9599609375,13303.786234610769,0.0172224170528352,472.8262736732686,3.685042078790193,3.685042078790193,fit_period,model_fit_period
NASDAQ,GARCH,4,510d001324f1d615,p=2 q=2,"{""p"": 2, ""q"": 2}",level,2022-03-07,2022-03-08,12830.9599609375,12795.5498046875,12795.5498046875,12829.12874661567,12795.5498046875,12829.12874661567,0.0172224170528352,33.578941928170025,0.26242672210825024,0.26242672210825024,fit_period,model_fit_period
NASDAQ,GARCH,4,510d001324f1d615,p=2 q=2,"{""p"": 2, ""q"": 2}",level,2022-03-08,2022-03-09,12795.5498046875,13255.5498046875,13255.5498046875,12780.161663100122,13255.5498046875,12780.161663100122,0.0172224170528352,-475.3881415873784,-3.5863328839009685,3.5863328839009685,fit_period,model_fit_period
NASDAQ,GARCH,4,510d001324f1d615,p=2 q=2,"{""p"": 2, ""q"": 2}",level,2022-03-09,2022-03-10,13255.5498046875,13129.9599609375,13129.9599609375,13225.138881969033,13129.9599609375,13225.138881969033,0.0172224170528352,95.17892103153281,0.7248987911211946,0.7248987911211946,fit_period,model_fit_period
NASDAQ,GARCH,4,510d001324f1d615,p=2 q=2,"{""p"": 2, ""q"": 2}",level,2022-03-10,2022-03-11,13129.9599609375,12843.8095703125,12843.8095703125,13117.306421559406,12843.8095703125,13117.306421559406,0.0172224170528352,273.49685124690586,2.1294059971044206,2.1294059971044206,fit_period,model_fit_period
NASDAQ,GARCH,4,510d001324f1d615,p=2 q=2,"{""p"": 2, ""q"": 2}",level,2022-03-11,2022-03-14,12843.8095703125,12581.2197265625,12581.2197265625,12836.024857145498,12581.2197265625,12836.024857145498,0.0172224170528352,254.80513058299766,2.0252816191186316,2.0252816191186316,fit_period,model_fit_period
NASDAQ,GARCH,4,510d001324f1d615,p=2 q=2,"{""p"": 2, ""q"": 2}",level,2022-03-14,2022-03-15,12581.2197265625,12948.6201171875,12948.6201171875,12572.720565105396,12948.6201171875,12572.720565105396,0.0172224170528352,-375.8995520821045,-2.90300857296099,2.90300857296099,fit_period,model_fit_period
NASDAQ,GARCH,4,510d001324f1d615,p=2 q=2,"{""p"": 2, ""q"": 2}",level,2022-03-15,2022-03-16,12948.6201171875,13436.5498046875,13436.5498046875,12921.01717821122,13436.5498046875,12921.01717821122,0.0172224170528352,-515.5326264762807,-3.836793179573755,3.836793179573755,fit_period,model_fit_period
NASDAQ,GARCH,4,510d001324f1d615,p=2 q=2,"{""p"": 2, ""q"": 2}",level,2022-03-16,2022-03-17,13436.5498046875,13614.7802734375,13614.7802734375,13405.291944180057,13614.7802734375,13405.291944180057,0.0172224170528352,-209.48832925744318,-1.5386831447155698,1.5386831447155698,fit_period,model_fit_period
NASDAQ,GARCH,4,510d001324f1d615,p=2 q=2,"{""p"": 2, ""q"": 2}",level,2022-03-17,2022-03-18,13614.7802734375,13893.83984375,13893.83984375,13592.91370925504,13893.83984375,13592.91370925504,0.0172224170528352,-300.9261344949591,-2.1658960940904155,2.1658960940904155,fit_period,model_fit_period
NASDAQ,GARCH,4,510d001324f1d615,p=2 q=2,"{""p"": 2, ""q"": 2}",level,2022-03-18,2022-03-21,13893.83984375,13838.4599609375,13838.4599609375,13868.915745309696,13838.4599609375,13868.915745309696,0.0172224170528352,30.45578437219592,0.22008073483729373,0.22008073483729373,fit_period,model_fit_period
NASDAQ,GARCH,4,510d001324f1d615,p=2 q=2,"{""p"": 2, ""q"": 2}",level,2022-03-21,2022-03-22,13838.4599609375,14108.8203125,14108.8203125,13823.677379869245,14108.8203125,13823.677379869245,0.0172224170528352,-285.14293263075524,-2.0210260412638963,2.0210260412638963,fit_period,model_fit_period
NASDAQ,GARCH,4,510d001324f1d615,p=2 q=2,"{""p"": 2, ""q"": 2}",level,2022-03-22,2022-03-23,14108.8203125,13922.599609375,13922.599609375,14084.160008529074,13922.599609375,14084.160008529074,0.0172224170528352,161.56039915407382,1.1604183391533045,1.1604183391533045,fit_period,model_fit_period
NASDAQ,GARCH,4,510d001324f1d615,p=2 q=2,"{""p"": 2, ""q"": 2}",level,2022-03-23,2022-03-24,13922.599609375,14191.83984375,14191.83984375,13911.784635716016,14191.83984375,13911.784635716016,0.0172224170528352,-280.05520803398394,-1.973353780181775,1.973353780181775,fit_period,model_fit_period
NASDAQ,GARCH,4,510d001324f1d615,p=2 q=2,"{""p"": 2, ""q"": 2}",level,2022-03-24,2022-03-25,14191.83984375,14169.2998046875,14169.2998046875,14167.213506130262,14169.2998046875,14167.213506130262,0.0172224170528352,-2.0862985572384787,-0.014724076602206466,0.014724076602206466,fit_period,model_fit_period
NASDAQ,GARCH,4,510d001324f1d615,p=2 q=2,"{""p"": 2, ""q"": 2}",level,2022-03-25,2022-03-28,14169.2998046875,14354.900390625,14354.900390625,14153.521390613376,14354.900390625,14153.521390613376,0.0172224170528352,-201.37900001162416,-1.4028589159917972,1.4028589159917972,fit_period,model_fit_period
NASDAQ,GARCH,4,510d001324f1d615,p=2 q=2,"{""p"": 2, ""q"": 2}",level,2022-03-28,2022-03-29,14354.900390625,14619.6396484375,14619.6396484375,14332.81033555116,14619.6396484375,14332.81033555116,0.0172224170528352,-286.82931288634063,-1.9619451626976048,1.9619451626976048,fit_period,model_fit_period
NASDAQ,GARCH,4,510d001324f1d615,p=2 q=2,"{""p"": 2, ""q"": 2}",level,2022-03-29,2022-03-30,14619.6396484375,14442.26953125,14442.26953125,14595.149798099908,14442.26953125,14595.149798099908,0.0172224170528352,152.88026684990837,1.0585612359546952,1.0585612359546952,fit_period,model_fit_period
NASDAQ,GARCH,4,510d001324f1d615,p=2 q=2,"{""p"": 2, ""q"": 2}",level,2022-03-30,2022-03-31,14442.26953125,14220.51953125,14220.51953125,14431.18617307418,14220.51953125,14431.18617307418,0.0172224170528352,210.66664182418026,1.4814271824685046,1.4814271824685046,fit_period,model_fit_period
NASDAQ,GARCH,4,510d001324f1d615,p=2 q=2,"{""p"": 2, ""q"": 2}",level,2022-03-31,2022-04-01,14220.51953125,14261.5,14261.5,14210.781945375584,14261.5,14210.781945375584,0.0172224170528352,-50.718054624416254,-0.3556291738205396,0.3556291738205396,fit_period,model_fit_period
NASDAQ,GARCH,4,510d001324f1d615,p=2 q=2,"{""p"": 2, ""q"": 2}",level,2022-04-01,2022-04-04,14261.5,14532.5498046875,14532.5498046875,14243.795394720137,14532.5498046875,14243.795394720137,0.0172224170528352,-288.75440996736324,-1.98694939186945,1.98694939186945,fit_period,model_fit_period
NASDAQ,GARCH,4,510d001324f1d615,p=2 q=2,"{""p"": 2, ""q"": 2}",level,2022-04-04,2022-04-05,14532.5498046875,14204.169921875,14204.169921875,14507.868593790734,14204.169921875,14507.868593790734,0.0172224170528352,303.69867191573394,2.138095176177987,2.138095176177987,fit_period,model_fit_period
NASDAQ,GARCH,4,510d001324f1d615,p=2 q=2,"{""p"": 2, ""q"": 2}",level,2022-04-05,2022-04-06,14204.169921875,13888.8203125,13888.8203125,14197.665772722292,13888.8203125,14197.665772722292,0.0172224170528352,308.8454602222919,2.223698293110824,2.223698293110824,fit_period,model_fit_period
NASDAQ,GARCH,4,510d001324f1d615,p=2 q=2,"{""p"": 2, ""q"": 2}",level,2022-04-06,2022-04-07,13888.8203125,13897.2998046875,13897.2998046875,13881.921034294202,13897.2998046875,13881.921034294202,0.0172224170528352,-15.3787703932976,-0.11066013261159126,0.11066013261159126,fit_period,model_fit_period
NASDAQ,GARCH,4,510d001324f1d615,p=2 q=2,"{""p"": 2, ""q"": 2}",level,2022-04-07,2022-04-08,13897.2998046875,13711.0,13711.0,13880.58075662984,13711.0,13880.58075662984,0.0172224170528352,169.58075662984083,1.2368226725245484,1.2368226725245484,fit_period,model_fit_period
NASDAQ,GARCH,4,510d001324f1d615,p=2 q=2,"{""p"": 2, ""q"": 2}",level,2022-04-08,2022-04-11,13711.0,13411.9599609375,13411.9599609375,13700.187425010978,13411.9599609375,13700.187425010978,0.0172224170528352,288.2274640734777,2.1490331384297576,2.1490331384297576,fit_period,model_fit_period
NASDAQ,GARCH,4,510d001324f1d615,p=2 q=2,"{""p"": 2, ""q"": 2}",level,2022-04-11,2022-04-12,13411.9599609375,13371.5703125,13371.5703125,13404.566112521432,13371.5703125,13404.566112521432,0.0172224170528352,32.99580002143193,0.2467608459612767,0.2467608459612767,fit_period,model_fit_period
NASDAQ,GARCH,4,510d001324f1d615,p=2 q=2,"{""p"": 2, ""q"": 2}",level,2022-04-12,2022-04-13,13371.5703125,13643.58984375,13643.58984375,13356.333168667376,13643.58984375,13356.333168667376,0.0172224170528352,-287.2566750826245,-2.105433235478081,2.105433235478081,fit_period,model_fit_period
NASDAQ,GARCH,4,510d001324f1d615,p=2 q=2,"{""p"": 2, ""q"": 2}",level,2022-04-13,2022-04-14,13643.58984375,13351.080078125,13351.080078125,13618.879226936297,13351.080078125,13618.879226936297,0.0172224170528352,267.7991488112966,2.005823852783795,2.005823852783795,fit_period,model_fit_period
NASDAQ,GARCH,4,510d001324f1d615,p=2 q=2,"{""p"": 2, ""q"": 2}",level,2022-04-14,2022-04-18,13351.080078125,13332.3603515625,13332.3603515625,13343.48820617764,13332.3603515625,13343.48820617764,0.0172224170528352,11.127854615140677,0.08346500035784389,0.08346500035784389,fit_period,model_fit_period
NASDAQ,GARCH,4,510d001324f1d615,p=2 q=2,"{""p"": 2, ""q"": 2}",level,2022-04-18,2022-04-19,13332.3603515625,13619.66015625,13619.66015625,13316.466090613185,13619.66015625,13316.466090613185,0.0172224170528352,-303.19406563681514,-2.226150007844952,2.226150007844952,fit_period,model_fit_period
NASDAQ,GARCH,4,510d001324f1d615,p=2 q=2,"{""p"": 2, ""q"": 2}",level,2022-04-19,2022-04-20,13619.66015625,13453.0703125,13453.0703125,13594.486181548737,13453.0703125,13594.486181548737,0.0172224170528352,141.41586904873657,1.0511791417408944,1.0511791417408944,fit_period,model_fit_period
NASDAQ,GARCH,4,510d001324f1d615,p=2 q=2,"{""p"": 2, ""q"": 2}",level,2022-04-20,2022-04-21,13453.0703125,13174.650390625,13174.650390625,13441.66005410556,13174.650390625,13441.66005410556,0.0172224170528352,267.00966348055954,2.026692591938242,2.026692591938242,fit_period,model_fit_period
NASDAQ,GARCH,4,510d001324f1d615,p=2 q=2,"{""p"": 2, ""q"": 2}",level,2022-04-21,2022-04-22,13174.650390625,12839.2900390625,12839.2900390625,13166.631259292348,12839.2900390625,13166.631259292348,0.0172224170528352,327.34122022984775,2.5495274211731225,2.5495274211731225,fit_period,model_fit_period
NASDAQ,GARCH,4,510d001324f1d615,p=2 q=2,"{""p"": 2, ""q"": 2}",level,2022-04-22,2022-04-25,12839.2900390625,13004.849609375,13004.849609375,12832.997565130618,13004.849609375,12832.997565130618,0.0172224170528352,-171.85204424438234,-1.3214458406385323,1.3214458406385323,fit_period,model_fit_period
NASDAQ,GARCH,4,510d001324f1d615,p=2 q=2,"{""p"": 2, ""q"": 2}",level,2022-04-25,2022-04-26,13004.849609375,12490.740234375,12490.740234375,12983.367276584566,12490.740234375,12983.367276584566,0.0172224170528352,492.62704220956584,3.9439379329484185,3.9439379329484185,fit_period,model_fit_period
NASDAQ,GARCH,4,510d001324f1d615,p=2 q=2,"{""p"": 2, ""q"": 2}",level,2022-04-26,2022-04-27,12490.740234375,12488.9296875,12488.9296875,12489.868132679376,12488.9296875,12489.868132679376,0.0172224170528352,0.9384451793757762,0.007514216212739617,0.007514216212739617,fit_period,model_fit_period
NASDAQ,GARCH,4,510d001324f1d615,p=2 q=2,"{""p"": 2, ""q"": 2}",level,2022-04-27,2022-04-28,12488.9296875,12871.5302734375,12871.5302734375,12472.52267382984,12871.5302734375,12472.52267382984,0.0172224170528352,-399.00759960765936,-3.0999235610009523,3.0999235610009523,fit_period,model_fit_period
NASDAQ,GARCH,4,510d001324f1d615,p=2 q=2,"{""p"": 2, ""q"": 2}",level,2022-04-28,2022-04-29,12871.5302734375,12334.6396484375,12334.6396484375,12843.466404856836,12334.6396484375,12843.466404856836,0.0172224170528352,508.82675641933565,4.125185420263102,4.125185420263102,fit_period,model_fit_period
NASDAQ,GARCH,4,510d001324f1d615,p=2 q=2,"{""p"": 2, ""q"": 2}",level,2022-04-29,2022-05-02,12334.6396484375,12536.01953125,12536.01953125,12334.458363690872,12536.01953125,12334.458363690872,0.0172224170528352,-201.56116755912808,-1.6078562023349838,1.6078562023349838,fit_period,model_fit_period
NASDAQ,GARCH,4,510d001324f1d615,p=2 q=2,"{""p"": 2, ""q"": 2}",level,2022-05-02,2022-05-03,12536.01953125,12563.759765625,12563.759765625,12513.450985938596,12563.759765625,12513.450985938596,0.0172224170528352,-50.308779686403795,-0.4004277431669048,0.4004277431669048,fit_period,model_fit_period
NASDAQ,GARCH,4,510d001324f1d615,p=2 q=2,"{""p"": 2, ""q"": 2}",level,2022-05-03,2022-05-04,12563.759765625,12964.8603515625,12964.8603515625,12546.456656238248,12964.8603515625,12546.456656238248,0.0172224170528352,-418.4036953242521,-3.2272132825081057,3.2272132825081057,fit_period,model_fit_period
NASDAQ,GARCH,4,510d001324f1d615,p=2 q=2,"{""p"": 2, ""q"": 2}",level,2022-05-04,2022-05-05,12964.8603515625,12317.6904296875,12317.6904296875,12936.23549034287,12317.6904296875,12936.23549034287,0.0172224170528352,618.5450606553695,5.021599334600764,5.021599334600764,fit_period,model_fit_period
NASDAQ,GARCH,4,510d001324f1d615,p=2 q=2,"{""p"": 2, ""q"": 2}",level,2022-05-05,2022-05-06,12317.6904296875,12144.66015625,12144.66015625,12320.853246226126,12144.66015625,12320.853246226126,0.0172224170528352,176.19308997612643,1.4507864996572364,1.4507864996572364,fit_period,model_fit_period
NASDAQ,GARCH,4,510d001324f1d615,p=2 q=2,"{""p"": 2, ""q"": 2}",level,2022-05-06,2022-05-09,12144.66015625,11623.25,11623.25,12133.445196971585,11623.25,12133.445196971585,0.0172224170528352,510.19519697158466,4.389436663339295,4.389436663339295,fit_period,model_fit_period
NASDAQ,GARCH,4,510d001324f1d615,p=2 q=2,"{""p"": 2, ""q"": 2}",level,2022-05-09,2022-05-10,11623.25,11737.669921875,11737.669921875,11622.599286657884,11737.669921875,11622.599286657884,0.0172224170528352,-115.07063521711643,-0.9803533067722764,0.9803533067722764,fit_period,model_fit_period
NASDAQ,GARCH,4,510d001324f1d615,p=2 q=2,"{""p"": 2, ""q"": 2}",level,2022-05-10,2022-05-11,11737.669921875,11364.240234375,11364.240234375,11717.73834402147,11364.240234375,11717.73834402147,0.0172224170528352,353.49810964647077,3.1106180647008483,3.1106180647008483,fit_period,model_fit_period
NASDAQ,GARCH,4,510d001324f1d615,p=2 q=2,"{""p"": 2, ""q"": 2}",level,2022-05-11,2022-05-12,11364.240234375,11370.9599609375,11370.9599609375,11359.102172185349,11370.9599609375,11359.102172185349,0.0172224170528352,-11.857788752151464,-0.10428133414317138,0.10428133414317138,fit_period,model_fit_period
NASDAQ,GARCH,4,510d001324f1d615,p=2 q=2,"{""p"": 2, ""q"": 2}",level,2022-05-12,2022-05-13,11370.9599609375,11805.0,11805.0,11354.294275883189,11805.0,11354.294275883189,0.0172224170528352,-450.7057241168113,-3.8179222712139884,3.8179222712139884,fit_period,model_fit_period
NASDAQ,GARCH,4,510d001324f1d615,p=2 q=2,"{""p"": 2, ""q"": 2}",level,2022-05-13,2022-05-16,11805.0,11662.7900390625,11662.7900390625,11775.376285227145,11662.7900390625,11775.376285227145,0.0172224170528352,112.58624616464476,0.96534573449026,0.96534573449026,fit_period,model_fit_period
NASDAQ,GARCH,4,510d001324f1d615,p=2 q=2,"{""p"": 2, ""q"": 2}",level,2022-05-16,2022-05-17,11662.7900390625,11984.51953125,11984.51953125,11650.640486895269,11984.51953125,11650.640486895269,0.0172224170528352,-333.8790443547314,-2.7859193143632632,2.7859193143632632,fit_period,model_fit_period
NASDAQ,GARCH,4,510d001324f1d615,p=2 q=2,"{""p"": 2, ""q"": 2}",level,2022-05-17,2022-05-18,11984.51953125,11418.150390625,11418.150390625,11958.30151323796,11418.150390625,11958.30151323796,0.0172224170528352,540.1511226129605,4.730635909791989,4.730635909791989,fit_period,model_fit_period
NASDAQ,GARCH,4,510d001324f1d615,p=2 q=2,"{""p"": 2, ""q"": 2}",level,2022-05-18,2022-05-19,11418.150390625,11388.5,11388.5,11418.863010217468,11388.5,11418.863010217468,0.0172224170528352,30.3630102174684,0.2666111447290547,0.2666111447290547,fit_period,model_fit_period
NASDAQ,GARCH,4,510d001324f1d615,p=2 q=2,"{""p"": 2, ""q"": 2}",level,2022-05-19,2022-05-20,11388.5,11354.6201171875,11354.6201171875,11372.937199703552,11354.6201171875,11372.937199703552,0.0172224170528352,18.317082516052324,0.1613183208861892,0.1613183208861892,fit_period,model_fit_period
NASDAQ,GARCH,4,510d001324f1d615,p=2 q=2,"{""p"": 2, ""q"": 2}",level,2022-05-20,2022-05-23,11354.6201171875,11535.26953125,11535.26953125,11339.185571700984,11535.26953125,11339.185571700984,0.0172224170528352,-196.08395954901607,-1.6998645676878932,1.6998645676878932,fit_period,model_fit_period
NASDAQ,GARCH,4,510d001324f1d615,p=2 q=2,"{""p"": 2, ""q"": 2}",level,2022-05-23,2022-05-24,11535.26953125,11264.4501953125,11264.4501953125,11513.329615147844,11264.4501953125,11513.329615147844,0.0172224170528352,248.87941983534438,2.2094235894345835,2.2094235894345835,fit_period,model_fit_period
NASDAQ,GARCH,4,510d001324f1d615,p=2 q=2,"{""p"": 2, ""q"": 2}",level,2022-05-24,2022-05-25,11264.4501953125,11434.740234375,11434.740234375,11256.20058437105,11434.740234375,11256.20058437105,0.0172224170528352,-178.53965000394965,-1.561379151117273,1.561379151117273,fit_period,model_fit_period
NASDAQ,GARCH,4,510d001324f1d615,p=2 q=2,"{""p"": 2, ""q"": 2}",level,2022-05-25,2022-05-26,11434.740234375,11740.650390625,11740.650390625,11413.114455198209,11740.650390625,11413.114455198209,0.0172224170528352,-327.5359354267912,-2.789759719685812,2.789759719685812,fit_period,model_fit_period
NASDAQ,GARCH,4,510d001324f1d615,p=2 q=2,"{""p"": 2, ""q"": 2}",level,2022-05-26,2022-05-27,11740.650390625,12131.1298828125,12131.1298828125,11714.912076992108,12131.1298828125,11714.912076992108,0.0172224170528352,-416.21780582039173,-3.430989609715523,3.430989609715523,fit_period,model_fit_period
NASDAQ,GARCH,4,510d001324f1d615,p=2 q=2,"{""p"": 2, ""q"": 2}",level,2022-05-27,2022-05-31,12131.1298828125,12081.3896484375,12081.3896484375,12102.827094858356,12081.3896484375,12102.827094858356,0.0172224170528352,21.43744642085585,0.17744189240373004,0.17744189240373004,fit_period,model_fit_period
NASDAQ,GARCH,4,510d001324f1d615,p=2 q=2,"{""p"": 2, ""q"": 2}",level,2022-05-31,2022-06-01,12081.3896484375,11994.4599609375,11994.4599609375,12066.43605108493,11994.4599609375,12066.43605108493,0.0172224170528352,71.9760901474292,0.6000777890945869,0.6000777890945869,fit_period,model_fit_period
NASDAQ,GARCH,4,510d001324f1d615,p=2 q=2,"{""p"": 2, ""q"": 2}",level,2022-06-01,2022-06-02,11994.4599609375,12316.900390625,12316.900390625,11980.634093825483,12316.900390625,11980.634093825483,0.0172224170528352,-336.26629679951657,-2.7301211029965415,2.7301211029965415,fit_period,model_fit_period
NASDAQ,GARCH,4,510d001324f1d615,p=2 q=2,"{""p"": 2, ""q"": 2}",level,2022-06-02,2022-06-03,12316.900390625,12012.73046875,12012.73046875,12290.660814196512,12012.73046875,12290.660814196512,0.0172224170528352,277.93034544651164,2.3136317440029273,2.3136317440029273,fit_period,model_fit_period
NASDAQ,GARCH,4,510d001324f1d615,p=2 q=2,"{""p"": 2, ""q"": 2}",level,2022-06-03,2022-06-06,12012.73046875,12061.3701171875,12061.3701171875,12005.492178522936,12061.3701171875,12005.492178522936,0.0172224170528352,-55.87793866456377,-0.46328019223071093,0.46328019223071093,fit_period,model_fit_period
NASDAQ,GARCH,4,510d001324f1d615,p=2 q=2,"{""p"": 2, ""q"": 2}",level,2022-06-06,2022-06-07,12061.3701171875,12175.23046875,12175.23046875,12043.433255506274,12175.23046875,12043.433255506274,0.0172224170528352,-131.79721324372622,-1.0825028206407128,1.0825028206407128,fit_period,model_fit_period
NASDAQ,GARCH,4,510d001324f1d615,p=2 q=2,"{""p"": 2, ""q"": 2}",level,2022-06-07,2022-06-08,12175.23046875,12086.26953125,12086.26953125,12155.31585926546,12086.26953125,12155.31585926546,0.0172224170528352,69.04632801545995,0.5712790686732183,0.5712790686732183,fit_period,model_fit_period
NASDAQ,GARCH,4,510d001324f1d615,p=2 q=2,"{""p"": 2, ""q"": 2}",level,2022-06-08,2022-06-09,12086.26953125,11754.23046875,11754.23046875,12072.505259613548,11754.23046875,12072.505259613548,0.0172224170528352,318.27479086354833,2.7077467275269034,2.7077467275269034,fit_period,model_fit_period
NASDAQ,GARCH,4,510d001324f1d615,p=2 q=2,"{""p"": 2, ""q"": 2}",level,2022-06-09,2022-06-10,11754.23046875,11340.01953125,11340.01953125,11747.837280292932,11340.01953125,11747.837280292932,0.0172224170528352,407.8177490429316,3.596270252613738,3.596270252613738,fit_period,model_fit_period
NASDAQ,GARCH,4,510d001324f1d615,p=2 q=2,"{""p"": 2, ""q"": 2}",level,2022-06-10,2022-06-13,11340.01953125,10809.23046875,10809.23046875,11336.118116685097,10809.23046875,11336.118116685097,0.0172224170528352,526.8876479350965,4.874423294593948,4.874423294593948,fit_period,model_fit_period
NASDAQ,GARCH,4,510d001324f1d615,p=2 q=2,"{""p"": 2, ""q"": 2}",level,2022-06-13,2022-06-14,10809.23046875,10828.349609375,10828.349609375,10808.86416067101,10828.349609375,10808.86416067101,0.0172224170528352,-19.485448703990187,-0.17994846312608911,0.17994846312608911,fit_period,model_fit_period
NASDAQ,GARCH,4,510d001324f1d615,p=2 q=2,"{""p"": 2, ""q"": 2}",level,2022-06-14,2022-06-15,10828.349609375,11099.150390625,11099.150390625,10811.307925400874,11099.150390625,10811.307925400874,0.0172224170528352,-287.8424652241265,-2.5933738628071503,2.5933738628071503,fit_period,model_fit_period
NASDAQ,GARCH,4,510d001324f1d615,p=2 q=2,"{""p"": 2, ""q"": 2}",level,2022-06-15,2022-06-16,11099.150390625,10646.099609375,10646.099609375,11074.476731096633,10646.099609375,11074.476731096633,0.0172224170528352,428.37712172163265,4.023794041382085,4.023794041382085,fit_period,model_fit_period
NASDAQ,GARCH,4,510d001324f1d615,p=2 q=2,"{""p"": 2, ""q"": 2}",level,2022-06-16,2022-06-17,10646.099609375,10798.349609375,10798.349609375,10643.375971374546,10798.349609375,10643.375971374546,0.0172224170528352,-154.97363800045423,-1.4351604051225377,1.4351604051225377,fit_period,model_fit_period
NASDAQ,GARCH,4,510d001324f1d615,p=2 q=2,"{""p"": 2, ""q"": 2}",level,2022-06-17,2022-06-21,10798.349609375,11069.2998046875,11069.2998046875,10777.270875015543,11069.2998046875,10777.270875015543,0.0172224170528352,-292.0289296719566,-2.638187914544437,2.638187914544437,fit_period,model_fit_period
NASDAQ,GARCH,4,510d001324f1d615,p=2 q=2,"{""p"": 2, ""q"": 2}",level,2022-06-21,2022-06-22,11069.2998046875,11053.080078125,11053.080078125,11044.621614338092,11053.080078125,11044.621614338092,0.0172224170528352,-8.458463786908396,-0.07652585276793956,0.07652585276793956,fit_period,model_fit_period
NASDAQ,GARCH,4,510d001324f1d615,p=2 q=2,"{""p"": 2, ""q"": 2}",level,2022-06-22,2022-06-23,11053.080078125,11232.1904296875,11232.1904296875,11037.110007359608,11232.1904296875,11037.110007359608,0.0172224170528352,-195.08042232789194,-1.7367976758324906,1.7367976758324906,fit_period,model_fit_period
NASDAQ,GARCH,4,510d001324f1d615,p=2 q=2,"{""p"": 2, ""q"": 2}",level,2022-06-23,2022-06-24,11232.1904296875,11607.6201171875,11607.6201171875,11210.297184003364,11607.6201171875,11210.297184003364,0.0172224170528352,-397.32293318413576,-3.4229491417953657,3.4229491417953657,fit_period,model_fit_period
NASDAQ,GARCH,4,510d001324f1d615,p=2 q=2,"{""p"": 2, ""q"": 2}",level,2022-06-24,2022-06-27,11607.6201171875,11524.5498046875,11524.5498046875,11579.773698403496,11524.5498046875,11579.773698403496,0.0172224170528352,55.22389371599638,0.4791848241528237,0.4791848241528237,fit_period,model_fit_period
NASDAQ,GARCH,4,510d001324f1d615,p=2 q=2,"{""p"": 2, ""q"": 2}",level,2022-06-27,2022-06-28,11524.5498046875,11181.5400390625,11181.5400390625,11510.606906171915,11181.5400390625,11510.606906171915,0.0172224170528352,329.0668671094154,2.942947625817432,2.942947625817432,fit_period,model_fit_period
NASDAQ,GARCH,4,510d001324f1d615,p=2 q=2,"{""p"": 2, ""q"": 2}",level,2022-06-28,2022-06-29,11181.5400390625,11177.8896484375,11177.8896484375,11175.479525399884,11177.8896484375,11175.479525399884,0.0172224170528352,-2.4101230376163585,-0.021561521122667883,0.021561521122667883,fit_period,model_fit_period
NASDAQ,GARCH,4,510d001324f1d615,p=2 q=2,"{""p"": 2, ""q"": 2}",level,2022-06-29,2022-06-30,11177.8896484375,11028.740234375,11028.740234375,11161.538426053858,11028.740234375,11161.538426053858,0.0172224170528352,132.79819167885762,1.204110250642632,1.204110250642632,fit_period,model_fit_period
NASDAQ,GARCH,4,510d001324f1d615,p=2 q=2,"{""p"": 2, ""q"": 2}",level,2022-06-30,2022-07-01,11028.740234375,11127.849609375,11127.849609375,11016.801113673797,11127.849609375,11016.801113673797,0.0172224170528352,-111.04849570120314,-0.9979331101639521,0.9979331101639521,fit_period,model_fit_period
NASDAQ,GARCH,4,510d001324f1d615,p=2 q=2,"{""p"": 2, ""q"": 2}",level,2022-07-01,2022-07-05,11127.849609375,11322.240234375,11322.240234375,11108.38230741852,11322.240234375,11108.38230741852,0.0172224170528352,-213.8579269564798,-1.8888305011157978,1.8888305011157978,fit_period,model_fit_period
NASDAQ,GARCH,4,510d001324f1d615,p=2 q=2,"{""p"": 2, ""q"": 2}",level,2022-07-05,2022-07-06,11322.240234375,11361.849609375,11361.849609375,11299.883630803306,11361.849609375,11299.883630803306,0.0172224170528352,-61.965978571693995,-0.5453863649151282,0.5453863649151282,fit_period,model_fit_period
NASDAQ,GARCH,4,510d001324f1d615,p=2 q=2,"{""p"": 2, ""q"": 2}",level,2022-07-06,2022-07-07,11361.849609375,11621.349609375,11621.349609375,11344.18658104114,11621.349609375,11344.18658104114,0.0172224170528352,-277.16302833386,-2.384946995401216,2.384946995401216,fit_period,model_fit_period
NASDAQ,GARCH,4,510d001324f1d615,p=2 q=2,"{""p"": 2, ""q"": 2}",level,2022-07-07,2022-07-08,11621.349609375,11635.3095703125,11635.3095703125,11597.018633905864,11635.3095703125,11597.018633905864,0.0172224170528352,-38.29093640663632,-0.3290925451982444,0.3290925451982444,fit_period,model_fit_period
NASDAQ,GARCH,4,510d001324f1d615,p=2 q=2,"{""p"": 2, ""q"": 2}",level,2022-07-08,2022-07-11,11635.3095703125,11372.599609375,11372.599609375,11618.42433292366,11372.599609375,11618.42433292366,0.0172224170528352,245.82472354865968,2.1615526088337282,2.1615526088337282,fit_period,model_fit_period
NASDAQ,GARCH,4,510d001324f1d615,p=2 q=2,"{""p"": 2, ""q"": 2}",level,2022-07-11,2022-07-12,11372.599609375,11264.73046875,11264.73046875,11364.104090342653,11264.73046875,11364.104090342653,0.0172224170528352,99.37362159265285,0.8821659947242388,0.8821659947242388,fit_period,model_fit_period
NASDAQ,GARCH,4,510d001324f1d615,p=2 q=2,"{""p"": 2, ""q"": 2}",level,2022-07-12,2022-07-13,11264.73046875,11247.580078125,11247.580078125,11251.539568074044,11247.580078125,11251.539568074044,0.0172224170528352,3.9594899490439275,0.03520303853399179,0.03520303853399179,fit_period,model_fit_period
NASDAQ,GARCH,4,510d001324f1d615,p=2 q=2,"{""p"": 2, ""q"": 2}",level,2022-07-13,2022-07-14,11247.580078125,11251.1904296875,11251.1904296875,11231.63822874817,11251.1904296875,11231.63822874817,0.0172224170528352,-19.55220093932985,-0.1737789530940586,0.1737789530940586,fit_period,model_fit_period
NASDAQ,GARCH,4,510d001324f1d615,p=2 q=2,"{""p"": 2, ""q"": 2}",level,2022-07-14,2022-07-15,11251.1904296875,11452.419921875,11452.419921875,11234.619033091933,11452.419921875,11234.619033091933,0.0172224170528352,-217.80088878306742,-1.9017892311741995,1.9017892311741995,fit_period,model_fit_period
NASDAQ,GARCH,4,510d001324f1d615,p=2 q=2,"{""p"": 2, ""q"": 2}",level,2022-07-15,2022-07-18,11452.419921875,11360.0498046875,11360.0498046875,11429.855936997845,11360.0498046875,11429.855936997845,0.0172224170528352,69.80613231034476,0.6144879072760812,0.6144879072760812,fit_period,model_fit_period
NASDAQ,GARCH,4,510d001324f1d615,p=2 q=2,"{""p"": 2, ""q"": 2}",level,2022-07-18,2022-07-19,11360.0498046875,11713.150390625,11713.150390625,11346.38891276508,11713.150390625,11346.38891276508,0.0172224170528352,-366.76147785992,-3.1311941333346955,3.1311941333346955,fit_period,model_fit_period
NASDAQ,GARCH,4,510d001324f1d615,p=2 q=2,"{""p"": 2, ""q"": 2}",level,2022-07-19,2022-07-20,11713.150390625,11897.650390625,11897.650390625,11685.981077874038,11897.650390625,11685.981077874038,0.0172224170528352,-211.6693127509625,-1.7790849941073383,1.7790849941073383,fit_period,model_fit_period
NASDAQ,GARCH,4,510d001324f1d615,p=2 q=2,"{""p"": 2, ""q"": 2}",level,2022-07-20,2022-07-21,11897.650390625,12059.6103515625,12059.6103515625,11875.59370963816,12059.6103515625,11875.59370963816,0.0172224170528352,-184.01664192433964,-1.5258921023140484,1.5258921023140484,fit_period,model_fit_period
NASDAQ,GARCH,4,510d001324f1d615,p=2 q=2,"{""p"": 2, ""q"": 2}",level,2022-07-21,2022-07-22,12059.6103515625,11834.1103515625,11834.1103515625,12038.237173061932,11834.1103515625,12038.237173061932,0.0172224170528352,204.12682149943248,1.7249021298206915,1.7249021298206915,fit_period,model_fit_period
NASDAQ,GARCH,4,510d001324f1d615,p=2 q=2,"{""p"": 2, ""q"": 2}",level,2022-07-22,2022-07-25,11834.1103515625,11782.669921875,11782.669921875,11824.4864804122,11782.669921875,11824.4864804122,0.0172224170528352,41.81655853720076,0.35489883714358017,0.35489883714358017,fit_period,model_fit_period
NASDAQ,GARCH,4,510d001324f1d615,p=2 q=2,"{""p"": 2, ""q"": 2}",level,2022-07-25,2022-07-26,11782.669921875,11562.5703125,11562.5703125,11767.767881120004,11562.5703125,11767.767881120004,0.0172224170528352,205.19756862000395,1.774670882633856,1.774670882633856,fit_period,model_fit_period
NASDAQ,GARCH,4,510d001324f1d615,p=2 q=2,"{""p"": 2, ""q"": 2}",level,2022-07-26,2022-07-27,11562.5703125,12032.419921875,12032.419921875,11552.782680301689,12032.419921875,11552.782680301689,0.0172224170528352,-479.63724157331126,-3.9862076347695306,3.9862076347695306,fit_period,model_fit_period
NASDAQ,GARCH,4,510d001324f1d615,p=2 q=2,"{""p"": 2, ""q"": 2}",level,2022-07-27,2022-07-28,12032.419921875,12162.58984375,12162.58984375,12001.710320326476,12162.58984375,12001.710320326476,0.0172224170528352,-160.879523423524,-1.3227406785093168,1.3227406785093168,fit_period,model_fit_period
NASDAQ,GARCH,4,510d001324f1d615,p=2 q=2,"{""p"": 2, ""q"": 2}",level,2022-07-28,2022-07-29,12162.58984375,12390.6904296875,12390.6904296875,12142.18066405519,12390.6904296875,12142.18066405519,0.0172224170528352,-248.50976563231052,-2.0056167736778656,2.0056167736778656,fit_period,model_fit_period
NASDAQ,GARCH,4,510d001324f1d615,p=2 q=2,"{""p"": 2, ""q"": 2}",level,2022-07-29,2022-08-01,12390.6904296875,12368.98046875,12368.98046875,12367.31160774036,12368.98046875,12367.31160774036,0.0172224170528352,-1.6688610096407501,-0.01349230855248819,0.01349230855248819,fit_period,model_fit_period
NASDAQ,GARCH,4,510d001324f1d615,p=2 q=2,"{""p"": 2, ""q"": 2}",level,2022-08-01,2022-08-02,12368.98046875,12348.759765625,12348.759765625,12353.17688344788,12348.759765625,12353.17688344788,0.0172224170528352,4.417117822880755,0.03576972835099278,0.03576972835099278,fit_period,model_fit_period
NASDAQ,GARCH,4,510d001324f1d615,p=2 q=2,"{""p"": 2, ""q"": 2}",level,2022-08-02,2022-08-03,12348.759765625,12668.16015625,12668.16015625,12332.91102017854,12668.16015625,12332.91102017854,0.0172224170528352,-335.24913607145936,-2.646391677532273,2.646391677532273,fit_period,model_fit_period
NASDAQ,GARCH,4,510d001324f1d615,p=2 q=2,"{""p"": 2, ""q"": 2}",level,2022-08-03,2022-08-04,12668.16015625,12720.580078125,12720.580078125,12642.01276574239,12720.580078125,12642.01276574239,0.0172224170528352,-78.56731238261091,-0.6176393835821963,0.6176393835821963,fit_period,model_fit_period
NASDAQ,GARCH,4,510d001324f1d615,p=2 q=2,"{""p"": 2, ""q"": 2}",level,2022-08-04,2022-08-05,12720.580078125,12657.5498046875,12657.5498046875,12702.528583710167,12657.5498046875,12702.528583710167,0.0172224170528352,44.97877902266737,0.3553513888289049,0.3553513888289049,fit_period,model_fit_period
NASDAQ,GARCH,4,510d001324f1d615,p=2 q=2,"{""p"": 2, ""q"": 2}",level,2022-08-05,2022-08-08,12657.5498046875,12644.4599609375,12644.4599609375,12642.99921350172,12644.4599609375,12642.99921350172,0.0172224170528352,-1.460747435779922,-0.011552469937764091,0.011552469937764091,fit_period,model_fit_period
NASDAQ,GARCH,4,510d001324f1d615,p=2 q=2,"{""p"": 2, ""q"": 2}",level,2022-08-08,2022-08-09,12644.4599609375,12493.9296875,12493.9296875,12628.394979835964,12493.9296875,12628.394979835964,0.0172224170528352,134.46529233596448,1.0762449901610627,1.0762449901610627,fit_period,model_fit_period
NASDAQ,GARCH,4,510d001324f1d615,p=2 q=2,"{""p"": 2, ""q"": 2}",level,2022-08-09,2022-08-10,12493.9296875,12854.7998046875,12854.7998046875,12482.032439876895,12854.7998046875,12482.032439876895,0.0172224170528352,-372.7673648106047,-2.8998301838561122,2.8998301838561122,fit_period,model_fit_period
NASDAQ,GARCH,4,510d001324f1d615,p=2 q=2,"{""p"": 2, ""q"": 2}",level,2022-08-10,2022-08-11,12854.7998046875,12779.91015625,12779.91015625,12827.394889242512,12779.91015625,12827.394889242512,0.0172224170528352,47.48473299251236,0.37155764330072394,0.37155764330072394,fit_period,model_fit_period
NASDAQ,GARCH,4,510d001324f1d615,p=2 q=2,"{""p"": 2, ""q"": 2}",level,2022-08-11,2022-08-12,12779.91015625,13047.1904296875,13047.1904296875,12765.719187879233,13047.1904296875,12765.719187879233,0.0172224170528352,-281.4712418082672,-2.1573322112920894,2.1573322112920894,fit_period,model_fit_period
NASDAQ,GARCH,4,510d001324f1d615,p=2 q=2,"{""p"": 2, ""q"": 2}",level,2022-08-12,2022-08-15,13047.1904296875,13128.0498046875,13128.0498046875,13022.623525779036,13128.0498046875,13022.623525779036,0.0172224170528352,-105.42627890846416,-0.803061235118263,0.803061235118263,fit_period,model_fit_period
NASDAQ,GARCH,4,510d001324f1d615,p=2 q=2,"{""p"": 2, ""q"": 2}",level,2022-08-15,2022-08-16,13128.0498046875,13102.5498046875,13102.5498046875,13109.135914388378,13102.5498046875,13109.135914388378,0.0172224170528352,6.586109700878296,0.05026586274468565,0.05026586274468565,fit_period,model_fit_period
NASDAQ,GARCH,4,510d001324f1d615,p=2 q=2,"{""p"": 2, ""q"": 2}",level,2022-08-16,2022-08-17,13102.5498046875,12938.1201171875,12938.1201171875,13086.861148251082,12938.1201171875,13086.861148251082,0.0172224170528352,148.74103106358234,1.149634025007922,1.149634025007922,fit_period,model_fit_period
NASDAQ,GARCH,4,510d001324f1d615,p=2 q=2,"{""p"": 2, ""q"": 2}",level,2022-08-17,2022-08-18,12938.1201171875,12965.33984375,12965.33984375,12926.644354373855,12965.33984375,12926.644354373855,0.0172224170528352,-38.695489376144906,-0.29845333668440815,0.29845333668440815,fit_period,model_fit_period
NASDAQ,GARCH,4,510d001324f1d615,p=2 q=2,"{""p"": 2, ""q"": 2}",level,2022-08-18,2022-08-19,12965.33984375,12705.2197265625,12705.2197265625,12948.05251820386,12705.2197265625,12948.05251820386,0.0172224170528352,242.83279164136002,1.9112836839309066,1.9112836839309066,fit_period,model_fit_period
NASDAQ,GARCH,4,510d001324f1d615,p=2 q=2,"{""p"": 2, ""q"": 2}",level,2022-08-19,2022-08-22,12705.2197265625,12381.5703125,12381.5703125,12696.64567329881,12381.5703125,12696.64567329881,0.0172224170528352,315.0753607988099,2.5447124463745996,2.5447124463745996,fit_period,model_fit_period
NASDAQ,GARCH,4,510d001324f1d615,p=2 q=2,"{""p"": 2, ""q"": 2}",level,2022-08-22,2022-08-23,12381.5703125,12381.2998046875,12381.2998046875,12374.922716960937,12381.2998046875,12374.922716960937,0.0172224170528352,-6.377087726563332,-0.05150580171032606,0.05150580171032606,fit_period,model_fit_period
NASDAQ,GARCH,4,510d001324f1d615,p=2 q=2,"{""p"": 2, ""q"": 2}",level,2022-08-23,2022-08-24,12381.2998046875,12431.5302734375,12431.5302734375,12364.846090986106,12431.5302734375,12364.846090986106,0.0172224170528352,-66.68418245139401,-0.5364116965863677,0.5364116965863677,fit_period,model_fit_period
NASDAQ,GARCH,4,510d001324f1d615,p=2 q=2,"{""p"": 2, ""q"": 2}",level,2022-08-24,2022-08-25,12431.5302734375,12639.26953125,12639.26953125,12413.545171838154,12639.26953125,12413.545171838154,0.0172224170528352,-225.7243594118463,-1.7858971901323366,1.7858971901323366,fit_period,model_fit_period
NASDAQ,GARCH,4,510d001324f1d615,p=2 q=2,"{""p"": 2, ""q"": 2}",level,2022-08-25,2022-08-26,12639.26953125,12141.7099609375,12141.7099609375,12616.508144718951,12141.7099609375,12616.508144718951,0.0172224170528352,474.79818378145137,3.910472127146667,3.910472127146667,fit_period,model_fit_period
NASDAQ,GARCH,4,510d001324f1d615,p=2 q=2,"{""p"": 2, ""q"": 2}",level,2022-08-26,2022-08-29,12141.7099609375,12017.669921875,12017.669921875,12140.33600418209,12017.669921875,12140.33600418209,0.0172224170528352,122.66608230709062,1.0207143573132205,1.0207143573132205,fit_period,model_fit_period
NASDAQ,GARCH,4,510d001324f1d615,p=2 q=2,"{""p"": 2, ""q"": 2}",level,2022-08-29,2022-08-30,12017.669921875,11883.1396484375,11883.1396484375,12004.96938633358,11883.1396484375,12004.96938633358,0.0172224170528352,121.82973789607968,1.0252318957818436,1.0252318957818436,fit_period,model_fit_period
NASDAQ,GARCH,4,510d001324f1d615,p=2 q=2,"{""p"": 2, ""q"": 2}",level,2022-08-30,2022-08-31,11883.1396484375,11816.2001953125,11816.2001953125,11870.757217991506,11816.2001953125,11870.757217991506,0.0172224170528352,54.55702267900597,0.46171376396152125,0.46171376396152125,fit_period,model_fit_period
NASDAQ,GARCH,4,510d001324f1d615,p=2 q=2,"{""p"": 2, ""q"": 2}",level,2022-08-31,2022-09-01,11816.2001953125,11785.1298828125,11785.1298828125,11801.768145803968,11785.1298828125,11801.768145803968,0.0172224170528352,16.638262991467855,0.14118014104989365,0.14118014104989365,fit_period,model_fit_period
NASDAQ,GARCH,4,510d001324f1d615,p=2 q=2,"{""p"": 2, ""q"": 2}",level,2022-09-01,2022-09-02,11785.1298828125,11630.8603515625,11630.8603515625,11769.610140122528,11630.8603515625,11769.610140122528,0.0172224170528352,138.7497885600278,1.1929451851890565,1.1929451851890565,fit_period,model_fit_period
NASDAQ,GARCH,4,510d001324f1d615,p=2 q=2,"{""p"": 2, ""q"": 2}",level,2022-09-02,2022-09-06,11630.8603515625,11544.91015625,11544.91015625,11619.076492918208,11544.91015625,11619.076492918208,0.0172224170528352,74.1663366682078,0.642415884267898,0.642415884267898,fit_period,model_fit_period
NASDAQ,GARCH,4,510d001324f1d615,p=2 q=2,"{""p"": 2, ""q"": 2}",level,2022-09-06,2022-09-07,11544.91015625,11791.900390625,11791.900390625,11531.054587088953,11791.900390625,11531.054587088953,0.0172224170528352,-260.84580353604724,-2.21207604283555,2.21207604283555,fit_period,model_fit_period
NASDAQ,GARCH,4,510d001324f1d615,p=2 q=2,"{""p"": 2, ""q"": 2}",level,2022-09-07,2022-09-08,11791.900390625,11862.1298828125,11862.1298828125,11767.94876036834,11862.1298828125,11767.94876036834,0.0172224170528352,-94.18112244416079,-0.7939646874093284,0.7939646874093284,fit_period,model_fit_period
NASDAQ,GARCH,4,510d001324f1d615,p=2 q=2,"{""p"": 2, ""q"": 2}",level,2022-09-08,2022-09-09,11862.1298828125,12112.3095703125,12112.3095703125,11843.53833229775,12112.3095703125,11843.53833229775,0.0172224170528352,-268.77123801474954,-2.2189924758322968,2.2189924758322968,fit_period,model_fit_period
NASDAQ,GARCH,4,510d001324f1d615,p=2 q=2,"{""p"": 2, ""q"": 2}",level,2022-09-09,2022-09-12,12112.3095703125,12266.41015625,12266.41015625,12088.261223313926,12266.41015625,12088.261223313926,0.0172224170528352,-178.14893293607383,-1.4523314536755736,1.4523314536755736,fit_period,model_fit_period
NASDAQ,GARCH,4,510d001324f1d615,p=2 q=2,"{""p"": 2, ""q"": 2}",level,2022-09-12,2022-09-13,12266.41015625,11633.5703125,11633.5703125,12245.275304858724,11633.5703125,12245.275304858724,0.0172224170528352,611.7049923587238,5.258101992141321,5.258101992141321,fit_period,model_fit_period
NASDAQ,GARCH,4,510d001324f1d615,p=2 q=2,"{""p"": 2, ""q"": 2}",level,2022-09-13,2022-09-14,11633.5703125,11719.6796875,11719.6796875,11636.29858480382,11719.6796875,11636.29858480382,0.0172224170528352,-83.38110269617937,-0.711462300331571,0.711462300331571,fit_period,model_fit_period
NASDAQ,GARCH,4,510d001324f1d615,p=2 q=2,"{""p"": 2, ""q"": 2}",level,2022-09-14,2022-09-15,11719.6796875,11552.3603515625,11552.3603515625,11700.606596587118,11552.3603515625,11700.606596587118,0.0172224170528352,148.24624502461847,1.2832550276582015,1.2832550276582015,fit_period,model_fit_period
NASDAQ,GARCH,4,510d001324f1d615,p=2 q=2,"{""p"": 2, ""q"": 2}",level,2022-09-15,2022-09-16,11552.3603515625,11448.400390625,11448.400390625,11540.972214235484,11448.400390625,11540.972214235484,0.0172224170528352,92.57182361048399,0.8086005070742485,0.8086005070742485,fit_period,model_fit_period
NASDAQ,GARCH,4,510d001324f1d615,p=2 q=2,"{""p"": 2, ""q"": 2}",level,2022-09-16,2022-09-19,11448.400390625,11535.01953125,11535.01953125,11435.090948271796,11535.01953125,11435.090948271796,0.0172224170528352,-99.92858297820385,-0.8663061445841784,0.8663061445841784,fit_period,model_fit_period
NASDAQ,GARCH,4,510d001324f1d615,p=2 q=2,"{""p"": 2, ""q"": 2}",level,2022-09-19,2022-09-20,11535.01953125,11425.0498046875,11425.0498046875,11515.930982241807,11425.0498046875,11515.930982241807,0.0172224170528352,90.88117755430721,0.7954554168947277,0.7954554168947277,fit_period,model_fit_period
NASDAQ,GARCH,4,510d001324f1d615,p=2 q=2,"{""p"": 2, ""q"": 2}",level,2022-09-20,2022-09-21,11425.0498046875,11220.1904296875,11220.1904296875,11411.922602024972,11220.1904296875,11411.922602024972,0.0172224170528352,191.73217233747164,1.708813888133017,1.708813888133017,fit_period,model_fit_period
NASDAQ,GARCH,4,510d001324f1d615,p=2 q=2,"{""p"": 2, ""q"": 2}",level,2022-09-21,2022-09-22,11220.1904296875,11066.8095703125,11066.8095703125,11209.940653743217,11066.8095703125,11209.940653743217,0.0172224170528352,143.1310834307169,1.2933364627026398,1.2933364627026398,fit_period,model_fit_period
NASDAQ,GARCH,4,510d001324f1d615,p=2 q=2,"{""p"": 2, ""q"": 2}",level,2022-09-22,2022-09-23,11066.8095703125,10867.9296875,10867.9296875,11054.998763647647,10867.9296875,11054.998763647647,0.0172224170528352,187.06907614764714,1.7212945015903898,1.7212945015903898,fit_period,model_fit_period
NASDAQ,GARCH,4,510d001324f1d615,p=2 q=2,"{""p"": 2, ""q"": 2}",level,2022-09-23,2022-09-26,10867.9296875,10802.919921875,10802.919921875,10857.49858987453,10802.919921875,10857.49858987453,0.0172224170528352,54.57866799953081,0.5052214437784882,0.5052214437784882,fit_period,model_fit_period
NASDAQ,GARCH,4,510d001324f1d615,p=2 q=2,"{""p"": 2, ""q"": 2}",level,2022-09-26,2022-09-27,10802.919921875,10829.5,10829.5,10788.429356664685,10829.5,10788.429356664685,0.0172224170528352,-41.07064333531525,-0.37924782617217095,0.37924782617217095,fit_period,model_fit_period
NASDAQ,GARCH,4,510d001324f1d615,p=2 q=2,"{""p"": 2, ""q"": 2}",level,2022-09-27,2022-09-28,10829.5,11051.6396484375,11051.6396484375,10812.23207110602,11051.6396484375,10812.23207110602,0.0172224170528352,-239.40757733147984,-2.16626297044826,2.16626297044826,fit_period,model_fit_period
NASDAQ,GARCH,4,510d001324f1d615,p=2 q=2,"{""p"": 2, ""q"": 2}",level,2022-09-28,2022-09-29,11051.6396484375,10737.509765625,10737.509765625,11028.441585520568,10737.509765625,11028.441585520568,0.0172224170528352,290.93181989556797,2.709490619761347,2.709490619761347,fit_period,model_fit_period
NASDAQ,GARCH,4,510d001324f1d615,p=2 q=2,"{""p"": 2, ""q"": 2}",level,2022-09-29,2022-09-30,10737.509765625,10575.6201171875,10575.6201171875,10730.573500520655,10575.6201171875,10730.573500520655,0.0172224170528352,154.95338333315522,1.4651943017632123,1.4651943017632123,fit_period,model_fit_period
NASDAQ,GARCH,4,510d001324f1d615,p=2 q=2,"{""p"": 2, ""q"": 2}",level,2022-09-30,2022-10-03,10575.6201171875,10815.4296875,10815.4296875,10564.067330416194,10815.4296875,10564.067330416194,0.0172224170528352,-251.36235708380627,-2.3241088366033194,2.3241088366033194,fit_period,model_fit_period
NASDAQ,GARCH,4,510d001324f1d615,p=2 q=2,"{""p"": 2, ""q"": 2}",level,2022-10-03,2022-10-04,10815.4296875,11176.41015625,11176.41015625,10791.695803172095,11176.41015625,10791.695803172095,0.0172224170528352,-384.7143530779049,-3.4421996660776397,3.4421996660776397,fit_period,model_fit_period
NASDAQ,GARCH,4,510d001324f1d615,p=2 q=2,"{""p"": 2, ""q"": 2}",level,2022-10-04,2022-10-05,11176.41015625,11148.6396484375,11148.6396484375,11149.001894512348,11148.6396484375,11149.001894512348,0.0172224170528352,0.3622460748483718,0.0032492401429365524,0.0032492401429365524,fit_period,model_fit_period
NASDAQ,GARCH,4,510d001324f1d615,p=2 q=2,"{""p"": 2, ""q"": 2}",level,2022-10-05,2022-10-06,11148.6396484375,11073.3095703125,11073.3095703125,11133.019842712947,11073.3095703125,11133.019842712947,0.0172224170528352,59.71027240044714,0.5392269765538764,0.5392269765538764,fit_period,model_fit_period
NASDAQ,GARCH,4,510d001324f1d615,p=2 q=2,"{""p"": 2, ""q"": 2}",level,2022-10-06,2022-10-07,11073.3095703125,10652.400390625,10652.400390625,11059.131957499174,10652.400390625,11059.131957499174,0.0172224170528352,406.73156687417395,3.8182151623978724,3.8182151623978724,fit_period,model_fit_period
NASDAQ,GARCH,4,510d001324f1d615,p=2 q=2,"{""p"": 2, ""q"": 2}",level,2022-10-07,2022-10-10,10652.400390625,10542.099609375,10542.099609375,10648.702093063404,10542.099609375,10648.702093063404,0.0172224170528352,106.60248368840439,1.0112073271780102,1.0112073271780102,fit_period,model_fit_period
NASDAQ,GARCH,4,510d001324f1d615,p=2 q=2,"{""p"": 2, ""q"": 2}",level,2022-10-10,2022-10-11,10542.099609375,10426.1904296875,10426.1904296875,10528.982445590462,10426.1904296875,10528.982445590462,0.0172224170528352,102.7920159029618,0.9859019609911608,0.9859019609911608,fit_period,model_fit_period
NASDAQ,GARCH,4,510d001324f1d615,p=2 q=2,"{""p"": 2, ""q"": 2}",level,2022-10-11,2022-10-12,10426.1904296875,10417.099609375,10417.099609375,10413.243334564577,10417.099609375,10413.243334564577,0.0172224170528352,-3.8562748104232014,-0.03701869959036101,0.03701869959036101,fit_period,model_fit_period
NASDAQ,GARCH,4,510d001324f1d615,p=2 q=2,"{""p"": 2, ""q"": 2}",level,2022-10-12,2022-10-13,10417.099609375,10649.150390625,10649.150390625,10400.913362180952,10649.150390625,10400.913362180952,0.0172224170528352,-248.2370284440476,-2.3310500775966463,2.3310500775966463,fit_period,model_fit_period
NASDAQ,GARCH,4,510d001324f1d615,p=2 q=2,"{""p"": 2, ""q"": 2}",level,2022-10-13,2022-10-14,10649.150390625,10321.3896484375,10321.3896484375,10625.651783245818,10321.3896484375,10625.651783245818,0.0172224170528352,304.26213480831757,2.9478795508352715,2.9478795508352715,fit_period,model_fit_period
NASDAQ,GARCH,4,510d001324f1d615,p=2 q=2,"{""p"": 2, ""q"": 2}",level,2022-10-14,2022-10-17,10321.3896484375,10675.7998046875,10675.7998046875,10314.86672451003,10675.7998046875,10314.86672451003,0.0172224170528352,-360.9330801774704,-3.38085283333051,3.38085283333051,fit_period,model_fit_period
NASDAQ,GARCH,4,510d001324f1d615,p=2 q=2,"{""p"": 2, ""q"": 2}",level,2022-10-17,2022-10-18,10675.7998046875,10772.400390625,10772.400390625,10648.590780622726,10772.400390625,10648.590780622726,0.0172224170528352,-123.80961000227398,-1.1493223934567356,1.1493223934567356,fit_period,model_fit_period
NASDAQ,GARCH,4,510d001324f1d615,p=2 q=2,"{""p"": 2, ""q"": 2}",level,2022-10-18,2022-10-19,10772.400390625,10680.509765625,10680.509765625,10753.00916500348,10680.509765625,10753.00916500348,0.0172224170528352,72.49939937847921,0.6788009277592445,0.6788009277592445,fit_period,model_fit_period
NASDAQ,GARCH,4,510d001324f1d615,p=2 q=2,"{""p"": 2, ""q"": 2}",level,2022-10-19,2022-10-20,10680.509765625,10614.83984375,10614.83984375,10666.834333616762,10614.83984375,10666.834333616762,0.0172224170528352,51.994489866761796,0.4898283029430356,0.4898283029430356,fit_period,model_fit_period
NASDAQ,GARCH,4,510d001324f1d615,p=2 q=2,"{""p"": 2, ""q"": 2}",level,2022-10-20,2022-10-21,10614.83984375,10859.7197265625,10859.7197265625,10600.36929706924,10859.7197265625,10600.36929706924,0.0172224170528352,-259.3504294932609,-2.388187135795951,2.388187135795951,fit_period,model_fit_period
NASDAQ,GARCH,4,510d001324f1d615,p=2 q=2,"{""p"": 2, ""q"": 2}",level,2022-10-21,2022-10-24,10859.7197265625,10952.6103515625,10952.6103515625,10835.832090451366,10952.6103515625,10835.832090451366,0.0172224170528352,-116.77826111113427,-1.0662139650980524,1.0662139650980524,fit_period,model_fit_period
NASDAQ,GARCH,4,510d001324f1d615,p=2 q=2,"{""p"": 2, ""q"": 2}",level,2022-10-24,2022-10-25,10952.6103515625,11199.1201171875,11199.1201171875,10933.331626523512,11199.1201171875,10933.331626523512,0.0172224170528352,-265.78849066398834,-2.3732979723655054,2.3732979723655054,fit_period,model_fit_period
NASDAQ,GARCH,4,510d001324f1d615,p=2 q=2,"{""p"": 2, ""q"": 2}",level,2022-10-25,2022-10-26,11199.1201171875,10970.990234375,10970.990234375,11175.183056629869,10970.990234375,11175.183056629869,0.0172224170528352,204.1928222548686,1.861206854556107,1.861206854556107,fit_period,model_fit_period
NASDAQ,GARCH,4,510d001324f1d615,p=2 q=2,"{""p"": 2, ""q"": 2}",level,2022-10-26,2022-10-27,10970.990234375,10792.669921875,10792.669921875,10961.446111597626,10792.669921875,10961.446111597626,0.0172224170528352,168.77618972262644,1.5638038682211928,1.5638038682211928,fit_period,model_fit_period
NASDAQ,GARCH,4,510d001324f1d615,p=2 q=2,"{""p"": 2, ""q"": 2}",level,2022-10-27,2022-10-28,10792.669921875,11102.4501953125,11102.4501953125,10781.61537735193,11102.4501953125,10781.61537735193,0.0172224170528352,-320.8348179605691,-2.889765883354531,2.889765883354531,fit_period,model_fit_period
NASDAQ,GARCH,4,510d001324f1d615,p=2 q=2,"{""p"": 2, ""q"": 2}",level,2022-10-28,2022-10-31,11102.4501953125,10988.150390625,10988.150390625,11076.594524530738,10988.150390625,11076.594524530738,0.0172224170528352,88.44413390573754,0.8049046542100239,0.8049046542100239,fit_period,model_fit_period
NASDAQ,GARCH,4,510d001324f1d615,p=2 q=2,"{""p"": 2, ""q"": 2}",level,2022-10-31,2022-11-01,10988.150390625,10890.849609375,10890.849609375,10975.154492932976,10890.849609375,10975.154492932976,0.0172224170528352,84.3048835579757,0.7740891352076411,0.7740891352076411,fit_period,model_fit_period
NASDAQ,GARCH,4,510d001324f1d615,p=2 q=2,"{""p"": 2, ""q"": 2}",level,2022-11-01,2022-11-02,10890.849609375,10524.7998046875,10524.7998046875,10877.338234546864,10524.7998046875,10877.338234546864,0.0172224170528352,352.53842985936353,3.349597487852939,3.349597487852939,fit_period,model_fit_period
NASDAQ,GARCH,4,510d001324f1d615,p=2 q=2,"{""p"": 2, ""q"": 2}",level,2022-11-02,2022-11-03,10524.7998046875,10342.9404296875,10342.9404296875,10519.437955474375,10342.9404296875,10519.437955474375,0.0172224170528352,176.49752578687549,1.7064540493752816,1.7064540493752816,fit_period,model_fit_period
NASDAQ,GARCH,4,510d001324f1d615,p=2 q=2,"{""p"": 2, ""q"": 2}",level,2022-11-03,2022-11-04,10342.9404296875,10475.25,10475.25,10331.993203435311,10475.25,10331.993203435311,0.0172224170528352,-143.25679656468856,-1.3675740107843588,1.3675740107843588,fit_period,model_fit_period
NASDAQ,GARCH,4,510d001324f1d615,p=2 q=2,"{""p"": 2, ""q"": 2}",level,2022-11-04,2022-11-07,10475.25,10564.51953125,10564.51953125,10454.775937763385,10564.51953125,10454.775937763385,0.0172224170528352,-109.74359348661528,-1.0387939854906998,1.0387939854906998,fit_period,model_fit_period
NASDAQ,GARCH,4,510d001324f1d615,p=2 q=2,"{""p"": 2, ""q"": 2}",level,2022-11-07,2022-11-08,10564.51953125,10616.2001953125,10616.2001953125,10545.350611991484,10616.2001953125,10545.350611991484,0.0172224170528352,-70.84958332101633,-0.66737233678298,0.66737233678298,fit_period,model_fit_period
NASDAQ,GARCH,4,510d001324f1d615,p=2 q=2,"{""p"": 2, ""q"": 2}",level,2022-11-08,2022-11-09,10616.2001953125,10353.169921875,10353.169921875,10598.171118097189,10353.169921875,10598.171118097189,0.0172224170528352,245.0011962221888,2.3664365413778325,2.3664365413778325,fit_period,model_fit_period
NASDAQ,GARCH,4,510d001324f1d615,p=2 q=2,"{""p"": 2, ""q"": 2}",level,2022-11-09,2022-11-10,10353.169921875,11114.150390625,11114.150390625,10344.684115975337,11114.150390625,10344.684115975337,0.0172224170528352,-769.4662746496633,-6.923302705159747,6.923302705159747,fit_period,model_fit_period
NASDAQ,GARCH,4,510d001324f1d615,p=2 q=2,"{""p"": 2, ""q"": 2}",level,2022-11-10,2022-11-11,11114.150390625,11323.330078125,11323.330078125,11074.612558315115,11323.330078125,11074.612558315115,0.0172224170528352,-248.71751980988483,-2.196505074866362,2.196505074866362,fit_period,model_fit_period
NASDAQ,GARCH,4,510d001324f1d615,p=2 q=2,"{""p"": 2, ""q"": 2}",level,2022-11-11,2022-11-14,11323.330078125,11196.2197265625,11196.2197265625,11300.52501211008,11196.2197265625,11300.52501211008,0.0172224170528352,104.30528554757984,0.9316116340600257,0.9316116340600257,fit_period,model_fit_period
NASDAQ,GARCH,4,510d001324f1d615,p=2 q=2,"{""p"": 2, ""q"": 2}",level,2022-11-14,2022-11-15,11196.2197265625,11358.41015625,11358.41015625,11183.612294951448,11358.41015625,11183.612294951448,0.0172224170528352,-174.79786129855165,-1.5389289424662007,1.5389289424662007,fit_period,model_fit_period
NASDAQ,GARCH,4,510d001324f1d615,p=2 q=2,"{""p"": 2, ""q"": 2}",level,2022-11-15,2022-11-16,11358.41015625,11183.66015625,11183.66015625,11337.029989032011,11183.66015625,11337.029989032011,0.0172224170528352,153.36983278201114,1.371374224889159,1.371374224889159,fit_period,model_fit_period
NASDAQ,GARCH,4,510d001324f1d615,p=2 q=2,"{""p"": 2, ""q"": 2}",level,2022-11-16,2022-11-17,11183.66015625,11144.9599609375,11144.9599609375,11172.497345833346,11144.9599609375,11172.497345833346,0.0172224170528352,27.537384895846117,0.24708374899832036,0.24708374899832036,fit_period,model_fit_period
NASDAQ,GARCH,4,510d001324f1d615,p=2 q=2,"{""p"": 2, ""q"": 2}",level,2022-11-17,2022-11-18,11144.9599609375,11146.0595703125,11146.0595703125,11129.671586252609,11146.0595703125,11129.671586252609,0.0172224170528352,-16.387984059891096,-0.14702939596286071,0.14702939596286071,fit_period,model_fit_period
NASDAQ,GARCH,4,510d001324f1d615,p=2 q=2,"{""p"": 2, ""q"": 2}",level,2022-11-18,2022-11-21,11146.0595703125,11024.509765625,11024.509765625,11129.564309278312,11024.509765625,11129.564309278312,0.0172224170528352,105.05454365331207,0.9529180515661354,0.9529180515661354,fit_period,model_fit_period
NASDAQ,GARCH,4,510d001324f1d615,p=2 q=2,"{""p"": 2, ""q"": 2}",level,2022-11-21,2022-11-22,11024.509765625,11174.41015625,11174.41015625,11011.733716399598,11174.41015625,11011.733716399598,0.0172224170528352,-162.67643985040195,-1.4557944229334987,1.4557944229334987,fit_period,model_fit_period
NASDAQ,GARCH,4,510d001324f1d615,p=2 q=2,"{""p"": 2, ""q"": 2}",level,2022-11-22,2022-11-23,11174.41015625,11285.3203125,11285.3203125,11153.402671272372,11285.3203125,11153.402671272372,0.0172224170528352,-131.91764122762834,-1.168931298135259,1.168931298135259,fit_period,model_fit_period
NASDAQ,GARCH,4,510d001324f1d615,p=2 q=2,"{""p"": 2, ""q"": 2}",level,2022-11-23,2022-11-25,11285.3203125,11226.3603515625,11226.3603515625,11265.495164521071,11226.3603515625,11265.495164521071,0.0172224170528352,39.134812958571274,0.3485975127559881,0.3485975127559881,fit_period,model_fit_period
NASDAQ,GARCH,4,510d001324f1d615,p=2 q=2,"{""p"": 2, ""q"": 2}",level,2022-11-25,2022-11-28,11226.3603515625,11049.5,11049.5,11211.68633251992,11049.5,11211.68633251992,0.0172224170528352,162.18633251991923,1.4678160325799288,1.4678160325799288,fit_period,model_fit_period
NASDAQ,GARCH,4,510d001324f1d615,p=2 q=2,"{""p"": 2, ""q"": 2}",level,2022-11-28,2022-11-29,11049.5,10983.7802734375,10983.7802734375,11038.40118372887,10983.7802734375,11038.40118372887,0.0172224170528352,54.62091029137082,0.49728698983047465,0.49728698983047465,fit_period,model_fit_period
NASDAQ,GARCH,4,510d001324f1d615,p=2 q=2,"{""p"": 2, ""q"": 2}",level,2022-11-29,2022-11-30,10983.7802734375,11468.0,11468.0,10969.31123703042,11468.0,10969.31123703042,0.0172224170528352,-498.68876296957933,-4.348524267261766,4.348524267261766,fit_period,model_fit_period
NASDAQ,GARCH,4,510d001324f1d615,p=2 q=2,"{""p"": 2, ""q"": 2}",level,2022-11-30,2022-12-01,11468.0,11482.4501953125,11482.4501953125,11436.854640075084,11482.4501953125,11436.854640075084,0.0172224170528352,-45.59555523741619,-0.3970890747345,0.3970890747345,fit_period,model_fit_period
NASDAQ,GARCH,4,510d001324f1d615,p=2 q=2,"{""p"": 2, ""q"": 2}",level,2022-12-01,2022-12-02,11482.4501953125,11461.5,11461.5,11465.55009209254,11461.5,11465.55009209254,0.0172224170528352,4.050092092540581,0.03533649254059749,0.03533649254059749,fit_period,model_fit_period
NASDAQ,GARCH,4,510d001324f1d615,p=2 q=2,"{""p"": 2, ""q"": 2}",level,2022-12-02,2022-12-05,11461.5,11239.9404296875,11239.9404296875,11445.673375620963,11239.9404296875,11445.673375620963,0.0172224170528352,205.73294593346327,1.830373988371602,1.830373988371602,fit_period,model_fit_period
NASDAQ,GARCH,4,510d001324f1d615,p=2 q=2,"{""p"": 2, ""q"": 2}",level,2022-12-05,2022-12-06,11239.9404296875,11014.8896484375,11014.8896484375,11230.197069237249,11014.8896484375,11230.197069237249,0.0172224170528352,215.3074207997488,1.954694306268342,1.954694306268342,fit_period,model_fit_period
NASDAQ,GARCH,4,510d001324f1d615,p=2 q=2,"{""p"": 2, ""q"": 2}",level,2022-12-06,2022-12-07,11014.8896484375,10958.5498046875,10958.5498046875,11005.252155210872,10958.5498046875,11005.252155210872,0.0172224170528352,46.70235052337193,0.42617272682736806,0.42617272682736806,fit_period,model_fit_period
NASDAQ,GARCH,4,510d001324f1d615,p=2 q=2,"{""p"": 2, ""q"": 2}",level,2022-12-07,2022-12-08,10958.5498046875,11082.0,11082.0,10943.796333404089,11082.0,10943.796333404089,0.0172224170528352,-138.20366659591127,-1.2471004024175354,1.2471004024175354,fit_period,model_fit_period
NASDAQ,GARCH,4,510d001324f1d615,p=2 q=2,"{""p"": 2, ""q"": 2}",level,2022-12-08,2022-12-09,11082.0,11004.6201171875,11004.6201171875,11061.794588799105,11004.6201171875,11061.794588799105,0.0172224170528352,57.17447161160453,0.5195497073298053,0.5195497073298053,fit_period,model_fit_period
NASDAQ,GARCH,4,510d001324f1d615,p=2 q=2,"{""p"": 2, ""q"": 2}",level,2022-12-09,2022-12-12,11004.6201171875,11143.740234375,11143.740234375,10990.504662500714,11143.740234375,10990.504662500714,0.0172224170528352,-153.2355718742856,-1.3750820519092966,1.3750820519092966,fit_period,model_fit_period
NASDAQ,GARCH,4,510d001324f1d615,p=2 q=2,"{""p"": 2, ""q"": 2}",level,2022-12-12,2022-12-13,11143.740234375,11256.8095703125,11256.8095703125,11123.059649615994,11256.8095703125,11123.059649615994,0.0172224170528352,-133.7499206965058,-1.1881689910544766,1.1881689910544766,fit_period,model_fit_period
NASDAQ,GARCH,4,510d001324f1d615,p=2 q=2,"{""p"": 2, ""q"": 2}",level,2022-12-13,2022-12-14,11256.8095703125,11170.8896484375,11170.8896484375,11236.918947527578,11170.8896484375,11236.918947527578,0.0172224170528352,66.02929909007798,0.591083621520813,0.591083621520813,fit_period,model_fit_period
NASDAQ,GARCH,4,510d001324f1d615,p=2 q=2,"{""p"": 2, ""q"": 2}",level,2022-12-14,2022-12-15,11170.8896484375,10810.5302734375,10810.5302734375,11157.033161266962,10810.5302734375,11157.033161266962,0.0172224170528352,346.50288782946154,3.2052348873288117,3.2052348873288117,fit_period,model_fit_period
NASDAQ,GARCH,4,510d001324f1d615,p=2 q=2,"{""p"": 2, ""q"": 2}",level,2022-12-15,2022-12-16,10810.5302734375,10705.41015625,10705.41015625,10804.995868053173,10705.41015625,10804.995868053173,0.0172224170528352,99.58571180317267,0.9302372384586577,0.9302372384586577,fit_period,model_fit_period
NASDAQ,GARCH,4,510d001324f1d615,p=2 q=2,"{""p"": 2, ""q"": 2}",level,2022-12-16,2022-12-19,10705.41015625,10546.0302734375,10546.0302734375,10692.13589438957,10546.0302734375,10692.13589438957,0.0172224170528352,146.10562095207024,1.38540870037202,1.38540870037202,fit_period,model_fit_period
NASDAQ,GARCH,4,510d001324f1d615,p=2 q=2,"{""p"": 2, ""q"": 2}",level,2022-12-19,2022-12-20,10546.0302734375,10547.1103515625,10547.1103515625,10534.401380718024,10547.1103515625,10534.401380718024,0.0172224170528352,-12.708970844476426,-0.12049718283827054,0.12049718283827054,fit_period,model_fit_period
NASDAQ,GARCH,4,510d001324f1d615,p=2 q=2,"{""p"": 2, ""q"": 2}",level,2022-12-20,2022-12-21,10547.1103515625,10709.3701171875,10709.3701171875,10530.6156827925,10709.3701171875,10530.6156827925,0.0172224170528352,-178.7544343949994,-1.6691405044272014,1.6691405044272014,fit_period,model_fit_period
NASDAQ,GARCH,4,510d001324f1d615,p=2 q=2,"{""p"": 2, ""q"": 2}",level,2022-12-21,2022-12-22,10709.3701171875,10476.1201171875,10476.1201171875,10687.987847431645,10476.1201171875,10687.987847431645,0.0172224170528352,211.8677302441447,2.022387371222929,2.022387371222929,fit_period,model_fit_period
NASDAQ,GARCH,4,510d001324f1d615,p=2 q=2,"{""p"": 2, ""q"": 2}",level,2022-12-22,2022-12-23,10476.1201171875,10497.8603515625,10497.8603515625,10466.731256467036,10497.8603515625,10466.731256467036,0.0172224170528352,-31.129095095464436,-0.29652799763935883,0.29652799763935883,fit_period,model_fit_period
NASDAQ,GARCH,4,510d001324f1d615,p=2 q=2,"{""p"": 2, ""q"": 2}",level,2022-12-23,2022-12-27,10497.8603515625,10353.23046875,10353.23046875,10480.73918573433,10353.23046875,10480.73918573433,0.0172224170528352,127.50871698433002,1.2315838748997232,1.2315838748997232,fit_period,model_fit_period
NASDAQ,GARCH,4,510d001324f1d615,p=2 q=2,"{""p"": 2, ""q"": 2}",level,2022-12-27,2022-12-28,10353.23046875,10213.2900390625,10213.2900390625,10341.154298115673,10213.2900390625,10341.154298115673,0.0172224170528352,127.86425905317265,1.251939958271366,1.251939958271366,fit_period,model_fit_period
NASDAQ,GARCH,4,510d001324f1d615,p=2 q=2,"{""p"": 2, ""q"": 2}",level,2022-12-28,2022-12-29,10213.2900390625,10478.08984375,10478.08984375,10201.07166579661,10478.08984375,10201.07166579661,0.0172224170528352,-277.0181779533905,-2.643785099042905,2.643785099042905,fit_period,model_fit_period
NASDAQ,GARCH,4,510d001324f1d615,p=2 q=2,"{""p"": 2, ""q"": 2}",level,2022-12-29,2022-12-30,10478.08984375,10466.48046875,10466.48046875,10453.598157393426,10466.48046875,10453.598157393426,0.0172224170528352,-12.882311356574064,-0.12308159743895823,0.12308159743895823,fit_period,model_fit_period
NASDAQ,GARCH,4,510d001324f1d615,p=2 q=2,"{""p"": 2, ""q"": 2}",level,2022-12-30,2023-01-03,10466.48046875,10386.98046875,10386.98046875,10450.370594023008,10386.98046875,10450.370594023008,0.0172224170528352,63.39012527300838,0.6102844369807209,0.6102844369807209,pure_test,held_out_pure_test
NASDAQ,GARCH,4,510d001324f1d615,p=2 q=2,"{""p"": 2, ""q"": 2}",level,2023-01-03,2023-01-04,10386.98046875,10458.759765625,10458.759765625,10372.929304340832,10458.759765625,10372.929304340832,0.0172224170528352,-85.83046128416754,-0.8206562078829663,0.8206562078829663,pure_test,held_out_pure_test
NASDAQ,GARCH,4,510d001324f1d615,p=2 q=2,"{""p"": 2, ""q"": 2}",level,2023-01-04,2023-01-05,10458.759765625,10305.240234375,10305.240234375,10440.121218946926,10305.240234375,10440.121218946926,0.0172224170528352,134.8809845719261,1.3088582265361082,1.3088582265361082,pure_test,held_out_pure_test
NASDAQ,GARCH,4,510d001324f1d615,p=2 q=2,"{""p"": 2, ""q"": 2}",level,2023-01-05,2023-01-06,10305.240234375,10569.2900390625,10569.2900390625,10293.433632785884,10569.2900390625,10293.433632785884,0.0172224170528352,-275.8564062766163,-2.6099804741576085,2.6099804741576085,pure_test,held_out_pure_test
NASDAQ,GARCH,4,510d001324f1d615,p=2 q=2,"{""p"": 2, ""q"": 2}",level,2023-01-06,2023-01-09,10569.2900390625,10635.650390625,10635.650390625,10544.821095650748,10635.650390625,10544.821095650748,0.0172224170528352,-90.82929497425175,-0.8540079039671612,0.8540079039671612,pure_test,held_out_pure_test
NASDAQ,GARCH,4,510d001324f1d615,p=2 q=2,"{""p"": 2, ""q"": 2}",level,2023-01-09,2023-01-10,10635.650390625,10742.6298828125,10742.6298828125,10617.176167645914,10742.6298828125,10617.176167645914,0.0172224170528352,-125.45371516658633,-1.1678119467496875,1.1678119467496875,pure_test,held_out_pure_test
NASDAQ,GARCH,4,510d001324f1d615,p=2 q=2,"{""p"": 2, ""q"": 2}",level,2023-01-10,2023-01-11,10742.6298828125,10931.669921875,10931.669921875,10722.923928001426,10931.669921875,10722.923928001426,0.0172224170528352,-208.74599387357375,-1.9095526608963842,1.9095526608963842,pure_test,held_out_pure_test
NASDAQ,GARCH,4,510d001324f1d615,p=2 q=2,"{""p"": 2, ""q"": 2}",level,2023-01-11,2023-01-12,10931.669921875,11001.099609375,11001.099609375,10909.475569077636,11001.099609375,10909.475569077636,0.0172224170528352,-91.62404029736354,-0.832862564204788,0.832862564204788,pure_test,held_out_pure_test
NASDAQ,GARCH,4,510d001324f1d615,p=2 q=2,"{""p"": 2, ""q"": 2}",level,2023-01-12,2023-01-13,11001.099609375,11079.16015625,11079.16015625,10982.532312078753,11079.16015625,10982.532312078753,0.0172224170528352,-96.62784417124749,-0.872158564444414,0.872158564444414,pure_test,held_out_pure_test
NASDAQ,GARCH,4,510d001324f1d615,p=2 q=2,"{""p"": 2, ""q"": 2}",level,2023-01-13,2023-01-17,11079.16015625,11095.1103515625,11095.1103515625,11060.331137409034,11095.1103515625,11060.331137409034,0.0172224170528352,-34.779214153466455,-0.31346433745536,0.31346433745536,pure_test,held_out_pure_test
NASDAQ,GARCH,4,510d001324f1d615,p=2 q=2,"{""p"": 2, ""q"": 2}",level,2023-01-17,2023-01-18,11095.1103515625,10957.009765625,10957.009765625,11078.164762452892,10957.009765625,11078.164762452892,0.0172224170528352,121.15499682789232,1.1057304813945423,1.1057304813945423,pure_test,held_out_pure_test
NASDAQ,GARCH,4,510d001324f1d615,p=2 q=2,"{""p"": 2, ""q"": 2}",level,2023-01-18,2023-01-19,10957.009765625,10852.26953125,10852.26953125,10944.73560107259,10852.26953125,10944.73560107259,0.0172224170528352,92.46606982259073,0.8520436168335765,0.8520436168335765,pure_test,held_out_pure_test
NASDAQ,GARCH,4,510d001324f1d615,p=2 q=2,"{""p"": 2, ""q"": 2}",level,2023-01-19,2023-01-20,10852.26953125,11140.4296875,11140.4296875,10838.983749851111,11140.4296875,10838.983749851111,0.0172224170528352,-301.4459376488885,-2.7058735264683973,2.7058735264683973,pure_test,held_out_pure_test
NASDAQ,GARCH,4,510d001324f1d615,p=2 q=2,"{""p"": 2, ""q"": 2}",level,2023-01-20,2023-01-23,11140.4296875,11364.41015625,11364.41015625,11115.229623561252,11364.41015625,11115.229623561252,0.0172224170528352,-249.18053268874792,-2.192639382623021,2.192639382623021,pure_test,held_out_pure_test
NASDAQ,GARCH,4,510d001324f1d615,p=2 q=2,"{""p"": 2, ""q"": 2}",level,2023-01-23,2023-01-24,11364.41015625,11334.26953125,11334.26953125,11341.15627243334,11334.26953125,11341.15627243334,0.0172224170528352,6.886741183339836,0.06076034423173217,0.06076034423173217,pure_test,held_out_pure_test
NASDAQ,GARCH,4,510d001324f1d615,p=2 q=2,"{""p"": 2, ""q"": 2}",level,2023-01-24,2023-01-25,11334.26953125,11313.3603515625,11313.3603515625,11318.721596784671,11313.3603515625,11318.721596784671,0.0172224170528352,5.361245222171419,0.047388618903409827,0.047388618903409827,pure_test,held_out_pure_test
NASDAQ,GARCH,4,510d001324f1d615,p=2 q=2,"{""p"": 2, ""q"": 2}",level,2023-01-25,2023-01-26,11313.3603515625,11512.41015625,11512.41015625,11297.53248342867,11512.41015625,11297.53248342867,0.0172224170528352,-214.87767282133063,-1.8664872941890034,1.8664872941890034,pure_test,held_out_pure_test
NASDAQ,GARCH,4,510d001324f1d615,p=2 q=2,"{""p"": 2, ""q"": 2}",level,2023-01-26,2023-01-27,11512.41015625,11621.7099609375,11621.7099609375,11489.912268056236,11621.7099609375,11489.912268056236,0.0172224170528352,-131.79769288126408,-1.1340645509504028,1.1340645509504028,pure_test,held_out_pure_test
NASDAQ,GARCH,4,510d001324f1d615,p=2 q=2,"{""p"": 2, ""q"": 2}",level,2023-01-27,2023-01-30,11621.7099609375,11393.8095703125,11393.8095703125,11601.933645140882,11393.8095703125,11601.933645140882,0.0172224170528352,208.1240748283817,1.8266416824331166,1.8266416824331166,pure_test,held_out_pure_test
NASDAQ,GARCH,4,510d001324f1d615,p=2 q=2,"{""p"": 2, ""q"": 2}",level,2023-01-30,2023-01-31,11393.8095703125,11584.5498046875,11584.5498046875,11384.258488430916,11584.5498046875,11384.258488430916,0.0172224170528352,-200.29131625658374,-1.7289520925149728,1.7289520925149728,pure_test,held_out_pure_test
NASDAQ,GARCH,4,510d001324f1d615,p=2 q=2,"{""p"": 2, ""q"": 2}",level,2023-01-31,2023-02-01,11584.5498046875,11816.3203125,11816.3203125,11562.303895292562,11816.3203125,11562.303895292562,0.0172224170528352,-254.01641720743828,-2.14970828895629,2.14970828895629,pure_test,held_out_pure_test
NASDAQ,GARCH,4,510d001324f1d615,p=2 q=2,"{""p"": 2, ""q"": 2}",level,2023-02-01,2023-02-02,11816.3203125,12200.8203125,12200.8203125,11792.830204111917,12200.8203125,11792.830204111917,0.0172224170528352,-407.9901083880832,-3.343956372917718,3.343956372917718,pure_test,held_out_pure_test
NASDAQ,GARCH,4,510d001324f1d615,p=2 q=2,"{""p"": 2, ""q"": 2}",level,2023-02-02,2023-02-03,12200.8203125,12006.9501953125,12006.9501953125,12172.698846227042,12006.9501953125,12172.698846227042,0.0172224170528352,165.74865091454194,1.3804392307652782,1.3804392307652782,pure_test,held_out_pure_test
NASDAQ,GARCH,4,510d001324f1d615,p=2 q=2,"{""p"": 2, ""q"": 2}",level,2023-02-03,2023-02-06,12006.9501953125,11887.4501953125,11887.4501953125,11996.367181922784,11887.4501953125,11996.367181922784,0.0172224170528352,108.91698661028386,0.9162350615208665,0.9162350615208665,pure_test,held_out_pure_test
NASDAQ,GARCH,4,510d001324f1d615,p=2 q=2,"{""p"": 2, ""q"": 2}",level,2023-02-06,2023-02-07,11887.4501953125,12113.7900390625,12113.7900390625,11874.611987960556,12113.7900390625,11874.611987960556,0.0172224170528352,-239.17805110194422,-1.9744279067961663,1.9744279067961663,pure_test,held_out_pure_test
NASDAQ,GARCH,4,510d001324f1d615,p=2 q=2,"{""p"": 2, ""q"": 2}",level,2023-02-07,2023-02-08,12113.7900390625,11910.51953125,11910.51953125,12090.464609731916,11910.51953125,12090.464609731916,0.0172224170528352,179.94507848191643,1.5108079711366824,1.5108079711366824,pure_test,held_out_pure_test
NASDAQ,GARCH,4,510d001324f1d615,p=2 q=2,"{""p"": 2, ""q"": 2}",level,2023-02-08,2023-02-09,11910.51953125,11789.580078125,11789.580078125,11900.221574614015,11789.580078125,11900.221574614015,0.0172224170528352,110.64149648901548,0.9384685099540183,0.9384685099540183,pure_test,held_out_pure_test
NASDAQ,GARCH,4,510d001324f1d615,p=2 q=2,"{""p"": 2, ""q"": 2}",level,2023-02-09,2023-02-10,11789.580078125,11718.1201171875,11718.1201171875,11776.78552064372,11718.1201171875,11776.78552064372,0.0172224170528352,58.66540345621979,0.5006383521378363,0.5006383521378363,pure_test,held_out_pure_test
NASDAQ,GARCH,4,510d001324f1d615,p=2 q=2,"{""p"": 2, ""q"": 2}",level,2023-02-10,2023-02-13,11718.1201171875,11891.7900390625,11891.7900390625,11703.825147225303,11891.7900390625,11703.825147225303,0.0172224170528352,-187.96489183719677,-1.58062740108734,1.58062740108734,pure_test,held_out_pure_test
NASDAQ,GARCH,4,510d001324f1d615,p=2 q=2,"{""p"": 2, ""q"": 2}",level,2023-02-13,2023-02-14,11891.7900390625,11960.150390625,11960.150390625,11870.06176856796,11960.150390625,11870.06176856796,0.0172224170528352,-90.08862205703917,-0.7532398767130505,0.7532398767130505,pure_test,held_out_pure_test
NASDAQ,GARCH,4,510d001324f1d615,p=2 q=2,"{""p"": 2, ""q"": 2}",level,2023-02-14,2023-02-15,11960.150390625,12070.58984375,12070.58984375,11941.615519793051,12070.58984375,11941.615519793051,0.0172224170528352,-128.97432395694887,-1.068500592153996,1.068500592153996,pure_test,held_out_pure_test
NASDAQ,GARCH,4,510d001324f1d615,p=2 q=2,"{""p"": 2, ""q"": 2}",level,2023-02-15,2023-02-16,12070.58984375,11855.830078125,11855.830078125,12050.778969338004,11855.830078125,12050.778969338004,0.0172224170528352,194.94889121300366,1.6443293293541774,1.6443293293541774,pure_test,held_out_pure_test
NASDAQ,GARCH,4,510d001324f1d615,p=2 q=2,"{""p"": 2, ""q"": 2}",level,2023-02-16,2023-02-17,11855.830078125,11787.26953125,11787.26953125,11845.880520897665,11787.26953125,11845.880520897665,0.0172224170528352,58.61098964766461,0.49723975083692784,0.49723975083692784,pure_test,held_out_pure_test
NASDAQ,GARCH,4,510d001324f1d615,p=2 q=2,"{""p"": 2, ""q"": 2}",level,2023-02-17,2023-02-21,11787.26953125,11492.2998046875,11492.2998046875,11772.88663966908,11492.2998046875,11772.88663966908,0.0172224170528352,280.58683498157916,2.4415203201288995,2.4415203201288995,pure_test,held_out_pure_test
NASDAQ,GARCH,4,510d001324f1d615,p=2 q=2,"{""p"": 2, ""q"": 2}",level,2023-02-21,2023-02-22,11492.2998046875,11507.0703125,11507.0703125,11484.782528414633,11507.0703125,11484.782528414633,0.0172224170528352,-22.287784085367093,-0.1936877370181368,0.1936877370181368,pure_test,held_out_pure_test
NASDAQ,GARCH,4,510d001324f1d615,p=2 q=2,"{""p"": 2, ""q"": 2}",level,2023-02-22,2023-02-23,11507.0703125,11590.400390625,11590.400390625,11490.160496147351,11590.400390625,11490.160496147351,0.0172224170528352,-100.2398944776487,-0.8648527324278517,0.8648527324278517,pure_test,held_out_pure_test
NASDAQ,GARCH,4,510d001324f1d615,p=2 q=2,"{""p"": 2, ""q"": 2}",level,2023-02-23,2023-02-24,11590.400390625,11394.9404296875,11394.9404296875,11571.411578906083,11394.9404296875,11571.411578906083,0.0172224170528352,176.47114921858338,1.5486798751384345,1.5486798751384345,pure_test,held_out_pure_test
NASDAQ,GARCH,4,510d001324f1d615,p=2 q=2,"{""p"": 2, ""q"": 2}",level,2023-02-24,2023-02-27,11394.9404296875,11466.98046875,11466.98046875,11384.405626602696,11466.98046875,11384.405626602696,0.0172224170528352,-82.57484214730357,-0.7201097304764569,0.7201097304764569,pure_test,held_out_pure_test
NASDAQ,GARCH,4,510d001324f1d615,p=2 q=2,"{""p"": 2, ""q"": 2}",level,2023-02-27,2023-02-28,11466.98046875,11455.5400390625,11455.5400390625,11448.334015345014,11455.5400390625,11448.334015345014,0.0172224170528352,-7.20602371748646,-0.06290426896431316,0.06290426896431316,pure_test,held_out_pure_test
NASDAQ,GARCH,4,510d001324f1d615,p=2 q=2,"{""p"": 2, ""q"": 2}",level,2023-02-28,2023-03-01,11455.5400390625,11379.48046875,11379.48046875,11439.42504125028,11379.48046875,11439.42504125028,0.0172224170528352,59.94457250028063,0.5267777616464888,0.5267777616464888,pure_test,held_out_pure_test
NASDAQ,GARCH,4,510d001324f1d615,p=2 q=2,"{""p"": 2, ""q"": 2}",level,2023-03-01,2023-03-02,11379.48046875,11462.98046875,11462.98046875,11365.3249770041,11462.98046875,11365.3249770041,0.0172224170528352,-97.65549174589978,-0.8519205978944566,0.8519205978944566,pure_test,held_out_pure_test
NASDAQ,GARCH,4,510d001324f1d615,p=2 q=2,"{""p"": 2, ""q"": 2}",level,2023-03-02,2023-03-03,11462.98046875,11689.009765625,11689.009765625,11443.986504332648,11689.009765625,11443.986504332648,0.0172224170528352,-245.0232612923519,-2.0961849310188403,2.0961849310188403,pure_test,held_out_pure_test
NASDAQ,GARCH,4,510d001324f1d615,p=2 q=2,"{""p"": 2, ""q"": 2}",level,2023-03-03,2023-03-06,11689.009765625,11675.740234375,11675.740234375,11665.693753295009,11675.740234375,11665.693753295009,0.0172224170528352,-10.046481079991281,-0.0860457742149234,0.0860457742149234,pure_test,held_out_pure_test
NASDAQ,GARCH,4,510d001324f1d615,p=2 q=2,"{""p"": 2, ""q"": 2}",level,2023-03-06,2023-03-07,11675.740234375,11530.330078125,11530.330078125,11659.680702103997,11530.330078125,11659.680702103997,0.0172224170528352,129.35062397899674,1.1218293240745718,1.1218293240745718,pure_test,held_out_pure_test
NASDAQ,GARCH,4,510d001324f1d615,p=2 q=2,"{""p"": 2, ""q"": 2}",level,2023-03-07,2023-03-08,11530.330078125,11576.0,11576.0,11518.277568444986,11576.0,11518.277568444986,0.0172224170528352,-57.72243155501383,-0.4986388351331533,0.4986388351331533,pure_test,held_out_pure_test
NASDAQ,GARCH,4,510d001324f1d615,p=2 q=2,"{""p"": 2, ""q"": 2}",level,2023-03-08,2023-03-09,11576.0,11338.349609375,11338.349609375,11558.153192088574,11338.349609375,11558.153192088574,0.0172224170528352,219.80358271357363,1.9385853346048816,1.9385853346048816,pure_test,held_out_pure_test
NASDAQ,GARCH,4,510d001324f1d615,p=2 q=2,"{""p"": 2, ""q"": 2}",level,2023-03-09,2023-03-10,11338.349609375,11138.8896484375,11138.8896484375,11329.094185776114,11138.8896484375,11329.094185776114,0.0172224170528352,190.2045373386136,1.707571789844371,1.707571789844371,pure_test,held_out_pure_test
NASDAQ,GARCH,4,510d001324f1d615,p=2 q=2,"{""p"": 2, ""q"": 2}",level,2023-03-10,2023-03-13,11138.8896484375,11188.83984375,11188.83984375,11128.476141058418,11188.83984375,11128.476141058418,0.0172224170528352,-60.36370269158215,-0.539499211129569,0.539499211129569,pure_test,held_out_pure_test
NASDAQ,GARCH,4,510d001324f1d615,p=2 q=2,"{""p"": 2, ""q"": 2}",level,2023-03-13,2023-03-14,11188.83984375,11428.150390625,11428.150390625,11170.863241141751,11428.150390625,11170.863241141751,0.0172224170528352,-257.28714948324887,-2.251345499393432,2.251345499393432,pure_test,held_out_pure_test
NASDAQ,GARCH,4,510d001324f1d615,p=2 q=2,"{""p"": 2, ""q"": 2}",level,2023-03-14,2023-03-15,11428.150390625,11434.0498046875,11434.0498046875,11404.431638647102,11434.0498046875,11404.431638647102,0.0172224170528352,-29.618166040398137,-0.2590347824814956,0.2590347824814956,pure_test,held_out_pure_test
NASDAQ,GARCH,4,510d001324f1d615,p=2 q=2,"{""p"": 2, ""q"": 2}",level,2023-03-15,2023-03-16,11434.0498046875,11717.2802734375,11717.2802734375,11417.408994729089,11717.2802734375,11417.408994729089,0.0172224170528352,-299.8712787084114,-2.5592225474729395,2.5592225474729395,pure_test,held_out_pure_test
NASDAQ,GARCH,4,510d001324f1d615,p=2 q=2,"{""p"": 2, ""q"": 2}",level,2023-03-16,2023-03-17,11717.2802734375,11630.509765625,11630.509765625,11692.229696979826,11630.509765625,11692.229696979826,0.0172224170528352,61.71993135482626,0.5306726239742731,0.5306726239742731,pure_test,held_out_pure_test
NASDAQ,GARCH,4,510d001324f1d615,p=2 q=2,"{""p"": 2, ""q"": 2}",level,2023-03-17,2023-03-20,11630.509765625,11675.5400390625,11675.5400390625,11616.679071559853,11675.5400390625,11616.679071559853,0.0172224170528352,-58.86096750264733,-0.5041391430779045,0.5041391430779045,pure_test,held_out_pure_test
NASDAQ,GARCH,4,510d001324f1d615,p=2 q=2,"{""p"": 2, ""q"": 2}",level,2023-03-20,2023-03-21,11675.5400390625,11860.1103515625,11860.1103515625,11657.712627803234,11860.1103515625,11657.712627803234,0.0172224170528352,-202.39772375926623,-1.7065416573683188,1.7065416573683188,pure_test,held_out_pure_test
NASDAQ,GARCH,4,510d001324f1d615,p=2 q=2,"{""p"": 2, ""q"": 2}",level,2023-03-21,2023-03-22,11860.1103515625,11669.9599609375,11669.9599609375,11838.051538424585,11669.9599609375,11838.051538424585,0.0172224170528352,168.09157748708458,1.4403783564787915,1.4403783564787915,pure_test,held_out_pure_test
NASDAQ,GARCH,4,510d001324f1d615,p=2 q=2,"{""p"": 2, ""q"": 2}",level,2023-03-22,2023-03-23,11669.9599609375,11787.400390625,11787.400390625,11659.264150833162,11787.400390625,11659.264150833162,0.0172224170528352,-128.1362397918383,-1.0870610613494582,1.0870610613494582,pure_test,held_out_pure_test
NASDAQ,GARCH,4,510d001324f1d615,p=2 q=2,"{""p"": 2, ""q"": 2}",level,2023-03-23,2023-03-24,11787.400390625,11823.9599609375,11823.9599609375,11767.377219114782,11823.9599609375,11767.377219114782,0.0172224170528352,-56.58274182271816,-0.4785430770202965,0.4785430770202965,pure_test,held_out_pure_test
NASDAQ,GARCH,4,510d001324f1d615,p=2 q=2,"{""p"": 2, ""q"": 2}",level,2023-03-24,2023-03-27,11823.9599609375,11768.83984375,11768.83984375,11806.389414656613,11768.83984375,11806.389414656613,0.0172224170528352,37.549570906612644,0.3190592395269432,0.3190592395269432,pure_test,held_out_pure_test
NASDAQ,GARCH,4,510d001324f1d615,p=2 q=2,"{""p"": 2, ""q"": 2}",level,2023-03-27,2023-03-28,11768.83984375,11716.080078125,11716.080078125,11754.04938556804,11716.080078125,11754.04938556804,0.0172224170528352,37.969307443039725,0.3240785927533213,0.3240785927533213,pure_test,held_out_pure_test
NASDAQ,GARCH,4,510d001324f1d615,p=2 q=2,"{""p"": 2, ""q"": 2}",level,2023-03-28,2023-03-29,11716.080078125,11926.240234375,11926.240234375,11701.218044815909,11926.240234375,11701.218044815909,0.0172224170528352,-225.0221895590912,-1.8867822979995807,1.8867822979995807,pure_test,held_out_pure_test
NASDAQ,GARCH,4,510d001324f1d615,p=2 q=2,"{""p"": 2, ""q"": 2}",level,2023-03-29,2023-03-30,11926.240234375,12013.4697265625,12013.4697265625,11903.405436697836,12013.4697265625,11903.405436697836,0.0172224170528352,-110.0642898646638,-0.9161740310653556,0.9161740310653556,pure_test,held_out_pure_test
NASDAQ,GARCH,4,510d001324f1d615,p=2 q=2,"{""p"": 2, ""q"": 2}",level,2023-03-30,2023-03-31,12013.4697265625,12221.91015625,12221.91015625,11994.36266929843,12221.91015625,11994.36266929843,0.0172224170528352,-227.54748695156923,-1.8617997026856457,1.8617997026856457,pure_test,held_out_pure_test
NASDAQ,GARCH,4,510d001324f1d615,p=2 q=2,"{""p"": 2, ""q"": 2}",level,2023-03-31,2023-04-03,12221.91015625,12189.4501953125,12189.4501953125,12199.1275074346,12189.4501953125,12199.1275074346,0.0172224170528352,9.677312122099465,0.07939088282932492,0.07939088282932492,pure_test,held_out_pure_test
NASDAQ,GARCH,4,510d001324f1d615,p=2 q=2,"{""p"": 2, ""q"": 2}",level,2023-04-03,2023-04-04,12189.4501953125,12126.330078125,12126.330078125,12173.97259221951,12126.330078125,12173.97259221951,0.0172224170528352,47.64251409451026,0.39288485294041126,0.39288485294041126,pure_test,held_out_pure_test
NASDAQ,GARCH,4,510d001324f1d615,p=2 q=2,"{""p"": 2, ""q"": 2}",level,2023-04-04,2023-04-05,12126.330078125,11996.8603515625,11996.8603515625,12111.782211354484,11996.8603515625,12111.782211354484,0.0172224170528352,114.92185979198439,0.9579327959503728,0.9579327959503728,pure_test,held_out_pure_test
NASDAQ,GARCH,4,510d001324f1d615,p=2 q=2,"{""p"": 2, ""q"": 2}",level,2023-04-05,2023-04-06,11996.8603515625,12087.9599609375,12087.9599609375,11984.32446546537,12087.9599609375,11984.32446546537,0.0172224170528352,-103.63549547213006,-0.8573447943824298,0.8573447943824298,pure_test,held_out_pure_test
NASDAQ,GARCH,4,510d001324f1d615,p=2 q=2,"{""p"": 2, ""q"": 2}",level,2023-04-06,2023-04-10,12087.9599609375,12084.3603515625,12084.3603515625,12068.73554652456,12084.3603515625,12068.73554652456,0.0172224170528352,-15.62480503793995,-0.1292977417370682,0.1292977417370682,pure_test,held_out_pure_test
NASDAQ,GARCH,4,510d001324f1d615,p=2 q=2,"{""p"": 2, ""q"": 2}",level,2023-04-10,2023-04-11,12084.3603515625,12031.8798828125,12031.8798828125,12068.007589291969,12031.8798828125,12068.007589291969,0.0172224170528352,36.12770647946854,0.3002665155515461,0.3002665155515461,pure_test,held_out_pure_test
NASDAQ,GARCH,4,510d001324f1d615,p=2 q=2,"{""p"": 2, ""q"": 2}",level,2023-04-11,2023-04-12,12031.8798828125,11929.33984375,11929.33984375,12017.00938012552,11929.33984375,12017.00938012552,0.0172224170528352,87.66953637552069,0.7349068559016061,0.7349068559016061,pure_test,held_out_pure_test
NASDAQ,GARCH,4,510d001324f1d615,p=2 q=2,"{""p"": 2, ""q"": 2}",level,2023-04-12,2023-04-13,11929.33984375,12166.26953125,12166.26953125,11915.987343790322,12166.26953125,11915.987343790322,0.0172224170528352,-250.28218745967752,-2.0571810185267427,2.0571810185267427,pure_test,held_out_pure_test
NASDAQ,GARCH,4,510d001324f1d615,p=2 q=2,"{""p"": 2, ""q"": 2}",level,2023-04-13,2023-04-14,12166.26953125,12123.4697265625,12123.4697265625,12142.62297627663,12123.4697265625,12142.62297627663,0.0172224170528352,19.153249714130652,0.15798488507102812,0.15798488507102812,pure_test,held_out_pure_test
NASDAQ,GARCH,4,510d001324f1d615,p=2 q=2,"{""p"": 2, ""q"": 2}",level,2023-04-14,2023-04-17,12123.4697265625,12157.7197265625,12157.7197265625,12108.305668130688,12157.7197265625,12108.305668130688,0.0172224170528352,-49.41405843181201,-0.40644182908618054,0.40644182908618054,pure_test,held_out_pure_test
NASDAQ,GARCH,4,510d001324f1d615,p=2 q=2,"{""p"": 2, ""q"": 2}",level,2023-04-17,2023-04-18,12157.7197265625,12153.41015625,12153.41015625,12140.219215521854,12153.41015625,12140.219215521854,0.0172224170528352,-13.190940728145506,-0.10853695019386758,0.10853695019386758,pure_test,held_out_pure_test
NASDAQ,GARCH,4,510d001324f1d615,p=2 q=2,"{""p"": 2, ""q"": 2}",level,2023-04-18,2023-04-19,12153.41015625,12157.23046875,12157.23046875,12137.078922782706,12157.23046875,12137.078922782706,0.0172224170528352,-20.151545967293714,-0.16575770294963968,0.16575770294963968,pure_test,held_out_pure_test
NASDAQ,GARCH,4,510d001324f1d615,p=2 q=2,"{""p"": 2, ""q"": 2}",level,2023-04-19,2023-04-20,12157.23046875,12059.5595703125,12059.5595703125,12140.65270531441,12059.5595703125,12140.65270531441,0.0172224170528352,81.0931350019091,0.6724386121159791,0.6724386121159791,pure_test,held_out_pure_test
NASDAQ,GARCH,4,510d001324f1d615,p=2 q=2,"{""p"": 2, ""q"": 2}",level,2023-04-20,2023-04-21,12059.5595703125,12072.4599609375,12072.4599609375,12046.059418890727,12072.4599609375,12046.059418890727,0.0172224170528352,-26.400542046772898,-0.21868403069628184,0.21868403069628184,pure_test,held_out_pure_test
NASDAQ,GARCH,4,510d001324f1d615,p=2 q=2,"{""p"": 2, ""q"": 2}",level,2023-04-21,2023-04-24,12072.4599609375,12037.2001953125,12037.2001953125,12055.606853880863,12037.2001953125,12055.606853880863,0.0172224170528352,18.406658568363127,0.1529147830866102,0.1529147830866102,pure_test,held_out_pure_test
NASDAQ,GARCH,4,510d001324f1d615,p=2 q=2,"{""p"": 2, ""q"": 2}",level,2023-04-24,2023-04-25,12037.2001953125,11799.16015625,11799.16015625,12021.807493290871,11799.16015625,12021.807493290871,0.0172224170528352,222.6473370408712,1.8869761414581292,1.8869761414581292,pure_test,held_out_pure_test
NASDAQ,GARCH,4,510d001324f1d615,p=2 q=2,"{""p"": 2, ""q"": 2}",level,2023-04-25,2023-04-26,11799.16015625,11854.349609375,11854.349609375,11789.916548321666,11854.349609375,11789.916548321666,0.0172224170528352,-64.43306105333431,-0.5435394026373028,0.5435394026373028,pure_test,held_out_pure_test
NASDAQ,GARCH,4,510d001324f1d615,p=2 q=2,"{""p"": 2, ""q"": 2}",level,2023-04-26,2023-04-27,11854.349609375,12142.240234375,12142.240234375,11836.214131898296,12142.240234375,11836.214131898296,0.0172224170528352,-306.0261024767042,-2.520343005653407,2.520343005653407,pure_test,held_out_pure_test
NASDAQ,GARCH,4,510d001324f1d615,p=2 q=2,"{""p"": 2, ""q"": 2}",level,2023-04-27,2023-04-28,12142.240234375,12226.580078125,12226.580078125,12117.048343682049,12226.580078125,12117.048343682049,0.0172224170528352,-109.53173444295135,-0.8958493196222416,0.8958493196222416,pure_test,held_out_pure_test
NASDAQ,GARCH,4,510d001324f1d615,p=2 q=2,"{""p"": 2, ""q"": 2}",level,2023-04-28,2023-05-01,12226.580078125,12212.599609375,12212.599609375,12207.56064634756,12212.599609375,12207.56064634756,0.0172224170528352,-5.038963027440332,-0.04126036379324327,0.04126036379324327,pure_test,held_out_pure_test
NASDAQ,GARCH,4,510d001324f1d615,p=2 q=2,"{""p"": 2, ""q"": 2}",level,2023-05-01,2023-05-02,12212.599609375,12080.509765625,12080.509765625,12196.561635520442,12080.509765625,12196.561635520442,0.0172224170528352,116.051869895442,0.960653748450804,0.960653748450804,pure_test,held_out_pure_test
NASDAQ,GARCH,4,510d001324f1d615,p=2 q=2,"{""p"": 2, ""q"": 2}",level,2023-05-02,2023-05-03,12080.509765625,12025.330078125,12025.330078125,12068.053331768704,12025.330078125,12068.053331768704,0.0172224170528352,42.72325364370408,0.355277180469424,0.355277180469424,pure_test,held_out_pure_test
NASDAQ,GARCH,4,510d001324f1d615,p=2 q=2,"{""p"": 2, ""q"": 2}",level,2023-05-03,2023-05-04,12025.330078125,11966.400390625,11966.400390625,12010.541426348816,11966.400390625,12010.541426348816,0.0172224170528352,44.14103572381646,0.36887480180254095,0.36887480180254095,pure_test,held_out_pure_test
NASDAQ,GARCH,4,510d001324f1d615,p=2 q=2,"{""p"": 2, ""q"": 2}",level,2023-05-04,2023-05-05,11966.400390625,12235.41015625,12235.41015625,11951.72545357293,12235.41015625,11951.72545357293,0.0172224170528352,-283.68470267707016,-2.3185549078807175,2.3185549078807175,pure_test,held_out_pure_test
NASDAQ,GARCH,4,510d001324f1d615,p=2 q=2,"{""p"": 2, ""q"": 2}",level,2023-05-05,2023-05-08,12235.41015625,12256.919921875,12256.919921875,12210.79080734768,12256.919921875,12210.79080734768,0.0172224170528352,-46.12911452732078,-0.37635160237111337,0.37635160237111337,pure_test,held_out_pure_test
NASDAQ,GARCH,4,510d001324f1d615,p=2 q=2,"{""p"": 2, ""q"": 2}",level,2023-05-08,2023-05-09,12256.919921875,12179.5498046875,12179.5498046875,12239.80574476425,12179.5498046875,12239.80574476425,0.0172224170528352,60.25594007674954,0.49473043784885257,0.49473043784885257,pure_test,held_out_pure_test
NASDAQ,GARCH,4,510d001324f1d615,p=2 q=2,"{""p"": 2, ""q"": 2}",level,2023-05-09,2023-05-10,12179.5498046875,12306.4404296875,12306.4404296875,12165.43405386862,12306.4404296875,12165.43405386862,0.0172224170528352,-141.00637581888077,-1.1457933479995026,1.1457933479995026,pure_test,held_out_pure_test
NASDAQ,GARCH,4,510d001324f1d615,p=2 q=2,"{""p"": 2, ""q"": 2}",level,2023-05-10,2023-05-11,12306.4404296875,12328.509765625,12328.509765625,12286.13069114987,12328.509765625,12286.13069114987,0.0172224170528352,-42.37907447512953,-0.3437485574557689,0.3437485574557689,pure_test,held_out_pure_test
NASDAQ,GARCH,4,510d001324f1d615,p=2 q=2,"{""p"": 2, ""q"": 2}",level,2023-05-11,2023-05-12,12328.509765625,12284.740234375,12284.740234375,12311.37862014526,12284.740234375,12311.37862014526,0.0172224170528352,26.638385770260356,0.21684126210272783,0.21684126210272783,pure_test,held_out_pure_test
NASDAQ,GARCH,4,510d001324f1d615,p=2 q=2,"{""p"": 2, ""q"": 2}",level,2023-05-12,2023-05-15,12284.740234375,12365.2099609375,12365.2099609375,12269.605581860127,12365.2099609375,12269.605581860127,0.0172224170528352,-95.60437907737287,-0.7731723066522388,0.7731723066522388,pure_test,held_out_pure_test
NASDAQ,GARCH,4,510d001324f1d615,p=2 q=2,"{""p"": 2, ""q"": 2}",level,2023-05-15,2023-05-16,12365.2099609375,12343.0498046875,12343.0498046875,12346.307886308932,12343.0498046875,12346.307886308932,0.0172224170528352,3.2580816214322113,0.026396082596984213,0.026396082596984213,pure_test,held_out_pure_test
NASDAQ,GARCH,4,510d001324f1d615,p=2 q=2,"{""p"": 2, ""q"": 2}",level,2023-05-16,2023-05-17,12343.0498046875,12500.5703125,12500.5703125,12327.259871074915,12500.5703125,12327.259871074915,0.0172224170528352,-173.31044142508472,-1.3864202759755864,1.3864202759755864,pure_test,held_out_pure_test
NASDAQ,GARCH,4,510d001324f1d615,p=2 q=2,"{""p"": 2, ""q"": 2}",level,2023-05-17,2023-05-18,12500.5703125,12688.83984375,12688.83984375,12479.331755649388,12688.83984375,12479.331755649388,0.0172224170528352,-209.50808810061244,-1.6511209116080656,1.6511209116080656,pure_test,held_out_pure_test
NASDAQ,GARCH,4,510d001324f1d615,p=2 q=2,"{""p"": 2, ""q"": 2}",level,2023-05-18,2023-05-19,12688.83984375,12657.900390625,12657.900390625,12666.668855774857,12657.900390625,12666.668855774857,0.0172224170528352,8.768465149856638,0.06927266670822399,0.06927266670822399,pure_test,held_out_pure_test
NASDAQ,GARCH,4,510d001324f1d615,p=2 q=2,"{""p"": 2, ""q"": 2}",level,2023-05-19,2023-05-22,12657.900390625,12720.7802734375,12720.7802734375,12642.376679764966,12720.7802734375,12642.376679764966,0.0172224170528352,-78.40359367253404,-0.6163426455549276,0.6163426455549276,pure_test,held_out_pure_test
NASDAQ,GARCH,4,510d001324f1d615,p=2 q=2,"{""p"": 2, ""q"": 2}",level,2023-05-22,2023-05-23,12720.7802734375,12560.25,12560.25,12702.411591936732,12560.25,12702.411591936732,0.0172224170528352,142.1615919367323,1.1318372798051972,1.1318372798051972,pure_test,held_out_pure_test
NASDAQ,GARCH,4,510d001324f1d615,p=2 q=2,"{""p"": 2, ""q"": 2}",level,2023-05-23,2023-05-24,12560.25,12484.16015625,12484.16015625,12548.655991641202,12484.16015625,12548.655991641202,0.0172224170528352,64.49583539120249,0.5166213392329292,0.5166213392329292,pure_test,held_out_pure_test
NASDAQ,GARCH,4,510d001324f1d615,p=2 q=2,"{""p"": 2, ""q"": 2}",level,2023-05-24,2023-05-25,12484.16015625,12698.08984375,12698.08984375,12470.005582513591,12698.08984375,12470.005582513591,0.0172224170528352,-228.08426123640857,-1.7962092255054538,1.7962092255054538,pure_test,held_out_pure_test
NASDAQ,GARCH,4,510d001324f1d615,p=2 q=2,"{""p"": 2, ""q"": 2}",level,2023-05-25,2023-05-26,12698.08984375,12975.6904296875,12975.6904296875,12675.140739084534,12975.6904296875,12675.140739084534,0.0172224170528352,-300.5496906029657,-2.316252011648863,2.316252011648863,pure_test,held_out_pure_test
NASDAQ,GARCH,4,510d001324f1d615,p=2 q=2,"{""p"": 2, ""q"": 2}",level,2023-05-26,2023-05-30,12975.6904296875,13017.4296875,13017.4296875,12950.810573382048,13017.4296875,12950.810573382048,0.0172224170528352,-66.61911411795154,-0.5117685727307797,0.5117685727307797,pure_test,held_out_pure_test
NASDAQ,GARCH,4,510d001324f1d615,p=2 q=2,"{""p"": 2, ""q"": 2}",level,2023-05-30,2023-05-31,13017.4296875,12935.2900390625,12935.2900390625,12999.702072756429,12935.2900390625,12999.702072756429,0.0172224170528352,64.4120336939286,0.4979558517776919,0.4979558517776919,pure_test,held_out_pure_test
NASDAQ,GARCH,4,510d001324f1d615,p=2 q=2,"{""p"": 2, ""q"": 2}",level,2023-05-31,2023-06-01,12935.2900390625,13100.98046875,13100.98046875,12921.318919158355,13100.98046875,12921.318919158355,0.0172224170528352,-179.66154959164487,-1.3713595712946427,1.3713595712946427,pure_test,held_out_pure_test
NASDAQ,GARCH,4,510d001324f1d615,p=2 q=2,"{""p"": 2, ""q"": 2}",level,2023-06-01,2023-06-02,13100.98046875,13240.76953125,13240.76953125,13079.494167789506,13240.76953125,13079.494167789506,0.0172224170528352,-161.2753634604942,-1.218021075586752,1.218021075586752,pure_test,held_out_pure_test
NASDAQ,GARCH,4,510d001324f1d615,p=2 q=2,"{""p"": 2, ""q"": 2}",level,2023-06-02,2023-06-05,13240.76953125,13229.4296875,13229.4296875,13220.068661442552,13229.4296875,13220.068661442552,0.0172224170528352,-9.361026057447816,-0.07075910510558671,0.07075910510558671,pure_test,held_out_pure_test
NASDAQ,GARCH,4,510d001324f1d615,p=2 q=2,"{""p"": 2, ""q"": 2}",level,2023-06-05,2023-06-06,13229.4296875,13276.419921875,13276.419921875,13213.311639527212,13276.419921875,13213.311639527212,0.0172224170528352,-63.10828234778819,-0.47534111393845957,0.47534111393845957,pure_test,held_out_pure_test
NASDAQ,GARCH,4,510d001324f1d615,p=2 q=2,"{""p"": 2, ""q"": 2}",level,2023-06-06,2023-06-07,13276.419921875,13104.900390625,13104.900390625,13258.533076904458,13104.900390625,13258.533076904458,0.0172224170528352,153.63268627945763,1.1723300574597544,1.1723300574597544,pure_test,held_out_pure_test
NASDAQ,GARCH,4,510d001324f1d615,p=2 q=2,"{""p"": 2, ""q"": 2}",level,2023-06-07,2023-06-08,13104.900390625,13238.51953125,13238.51953125,13093.639619711636,13238.51953125,13093.639619711636,0.0172224170528352,-144.87991153836447,-1.0943815220151336,1.0943815220151336,pure_test,held_out_pure_test
NASDAQ,GARCH,4,510d001324f1d615,p=2 q=2,"{""p"": 2, ""q"": 2}",level,2023-06-08,2023-06-09,13238.51953125,13259.1396484375,13259.1396484375,13218.005757699571,13259.1396484375,13218.005757699571,0.0172224170528352,-41.133890737928596,-0.3102304661432233,0.3102304661432233,pure_test,held_out_pure_test
NASDAQ,GARCH,4,510d001324f1d615,p=2 q=2,"{""p"": 2, ""q"": 2}",level,2023-06-09,2023-06-12,13259.1396484375,13461.919921875,13461.919921875,13242.052448960518,13461.919921875,13242.052448960518,0.0172224170528352,-219.86747291448228,-1.6332549457318324,1.6332549457318324,pure_test,held_out_pure_test
NASDAQ,GARCH,4,510d001324f1d615,p=2 q=2,"{""p"": 2, ""q"": 2}",level,2023-06-12,2023-06-13,13461.919921875,13573.3203125,13573.3203125,13439.30891122131,13573.3203125,13439.30891122131,0.0172224170528352,-134.01140127869076,-0.9873148072345748,0.9873148072345748,pure_test,held_out_pure_test
NASDAQ,GARCH,4,510d001324f1d615,p=2 q=2,"{""p"": 2, ""q"": 2}",level,2023-06-13,2023-06-14,13573.3203125,13626.48046875,13626.48046875,13553.48029868995,13626.48046875,13553.48029868995,0.0172224170528352,-73.00017006004964,-0.5357228539494335,0.5357228539494335,pure_test,held_out_pure_test
NASDAQ,GARCH,4,510d001324f1d615,p=2 q=2,"{""p"": 2, ""q"": 2}",level,2023-06-14,2023-06-15,13626.48046875,13782.8203125,13782.8203125,13608.406527522438,13782.8203125,13608.406527522438,0.0172224170528352,-174.4137849775616,-1.2654433637169396,1.2654433637169396,pure_test,held_out_pure_test
NASDAQ,GARCH,4,510d001324f1d615,p=2 q=2,"{""p"": 2, ""q"": 2}",level,2023-06-15,2023-06-16,13782.8203125,13689.5703125,13689.5703125,13761.617558019558,13689.5703125,13761.617558019558,0.0172224170528352,72.04724551955769,0.5262929651909606,0.5262929651909606,pure_test,held_out_pure_test
NASDAQ,GARCH,4,510d001324f1d615,p=2 q=2,"{""p"": 2, ""q"": 2}",level,2023-06-16,2023-06-20,13689.5703125,13667.2900390625,13667.2900390625,13675.936102079251,13667.2900390625,13675.936102079251,0.0172224170528352,8.646063016751214,0.06326099023317636,0.06326099023317636,pure_test,held_out_pure_test
NASDAQ,GARCH,4,510d001324f1d615,p=2 q=2,"{""p"": 2, ""q"": 2}",level,2023-06-20,2023-06-21,13667.2900390625,13502.2001953125,13502.2001953125,13651.503747874674,13502.2001953125,13651.503747874674,0.0172224170528352,149.30355256217445,1.1057720253178256,1.1057720253178256,pure_test,held_out_pure_test
NASDAQ,GARCH,4,510d001324f1d615,p=2 q=2,"{""p"": 2, ""q"": 2}",level,2023-06-21,2023-06-22,13502.2001953125,13630.6103515625,13630.6103515625,13490.744451028411,13630.6103515625,13490.744451028411,0.0172224170528352,-139.86590053408872,-1.0261161967560437,1.0261161967560437,pure_test,held_out_pure_test
NASDAQ,GARCH,4,510d001324f1d615,p=2 q=2,"{""p"": 2, ""q"": 2}",level,2023-06-22,2023-06-23,13630.6103515625,13492.51953125,13492.51953125,13610.254534871036,13492.51953125,13610.254534871036,0.0172224170528352,117.7350036210355,0.8725946503049313,0.8725946503049313,pure_test,held_out_pure_test
NASDAQ,GARCH,4,510d001324f1d615,p=2 q=2,"{""p"": 2, ""q"": 2}",level,2023-06-23,2023-06-26,13492.51953125,13335.7802734375,13335.7802734375,13480.245070565496,13335.7802734375,13480.245070565496,0.0172224170528352,144.46479712799555,1.0832871730478622,1.0832871730478622,pure_test,held_out_pure_test
NASDAQ,GARCH,4,510d001324f1d615,p=2 q=2,"{""p"": 2, ""q"": 2}",level,2023-06-26,2023-06-27,13335.7802734375,13555.669921875,13555.669921875,13324.071306599792,13555.669921875,13324.071306599792,0.0172224170528352,-231.59861527520843,-1.7084999606066984,1.7084999606066984,pure_test,held_out_pure_test
NASDAQ,GARCH,4,510d001324f1d615,p=2 q=2,"{""p"": 2, ""q"": 2}",level,2023-06-27,2023-06-28,13555.669921875,13591.75,13591.75,13532.540087792537,13591.75,13532.540087792537,0.0172224170528352,-59.209912207463276,-0.4356312631372949,0.4356312631372949,pure_test,held_out_pure_test
NASDAQ,GARCH,4,510d001324f1d615,p=2 q=2,"{""p"": 2, ""q"": 2}",level,2023-06-28,2023-06-29,13591.75,13591.330078125,13591.330078125,13574.193993804927,13591.330078125,13574.193993804927,0.0172224170528352,-17.13608432007277,-0.126080995911158,0.126080995911158,pure_test,held_out_pure_test
NASDAQ,GARCH,4,510d001324f1d615,p=2 q=2,"{""p"": 2, ""q"": 2}",level,2023-06-29,2023-06-30,13591.330078125,13787.919921875,13787.919921875,13574.880895244643,13787.919921875,13574.880895244643,0.0172224170528352,-213.0390266303566,-1.5451136055146577,1.5451136055146577,pure_test,held_out_pure_test
NASDAQ,GARCH,4,510d001324f1d615,p=2 q=2,"{""p"": 2, ""q"": 2}",level,2023-06-30,2023-07-03,13787.919921875,13816.76953125,13816.76953125,13765.496629355726,13816.76953125,13765.496629355726,0.0172224170528352,-51.27290189427367,-0.37109182271809255,0.37109182271809255,pure_test,held_out_pure_test
NASDAQ,GARCH,4,510d001324f1d615,p=2 q=2,"{""p"": 2, ""q"": 2}",level,2023-07-03,2023-07-05,13816.76953125,13791.650390625,13791.650390625,13799.432781257365,13791.650390625,13799.432781257365,0.0172224170528352,7.782390632364695,0.05642827661622605,0.05642827661622605,pure_test,held_out_pure_test
NASDAQ,GARCH,4,510d001324f1d615,p=2 q=2,"{""p"": 2, ""q"": 2}",level,2023-07-05,2023-07-06,13791.650390625,13679.0400390625,13679.0400390625,13775.950185036914,13679.0400390625,13775.950185036914,0.0172224170528352,96.91014597441426,0.7084572140857338,0.7084572140857338,pure_test,held_out_pure_test
NASDAQ,GARCH,4,510d001324f1d615,p=2 q=2,"{""p"": 2, ""q"": 2}",level,2023-07-06,2023-07-07,13679.0400390625,13660.7197265625,13660.7197265625,13665.992910518204,13660.7197265625,13665.992910518204,0.0172224170528352,5.273183955703644,0.038601069791734575,0.038601069791734575,pure_test,held_out_pure_test
NASDAQ,GARCH,4,510d001324f1d615,p=2 q=2,"{""p"": 2, ""q"": 2}",level,2023-07-07,2023-07-10,13660.7197265625,13685.48046875,13685.48046875,13644.813353810538,13685.48046875,13644.813353810538,0.0172224170528352,-40.66711493946241,-0.297155185982132,0.297155185982132,pure_test,held_out_pure_test
NASDAQ,GARCH,4,510d001324f1d615,p=2 q=2,"{""p"": 2, ""q"": 2}",level,2023-07-10,2023-07-11,13685.48046875,13760.7001953125,13760.7001953125,13668.26770926514,13760.7001953125,13668.26770926514,0.0172224170528352,-92.43248604736073,-0.6717135373594383,0.6717135373594383,pure_test,held_out_pure_test
NASDAQ,GARCH,4,510d001324f1d615,p=2 q=2,"{""p"": 2, ""q"": 2}",level,2023-07-11,2023-07-12,13760.7001953125,13918.9599609375,13918.9599609375,13741.957321297692,13918.9599609375,13741.957321297692,0.0172224170528352,-177.00263963980797,-1.2716657001424847,1.2716657001424847,pure_test,held_out_pure_test
NASDAQ,GARCH,4,510d001324f1d615,p=2 q=2,"{""p"": 2, ""q"": 2}",level,2023-07-12,2023-07-13,13918.9599609375,14138.5703125,14138.5703125,13897.698986887368,14138.5703125,13897.698986887368,0.0172224170528352,-240.87132561263206,-1.7036469762411282,1.7036469762411282,pure_test,held_out_pure_test
NASDAQ,GARCH,4,510d001324f1d615,p=2 q=2,"{""p"": 2, ""q"": 2}",level,2023-07-13,2023-07-14,14138.5703125,14113.7001953125,14113.7001953125,14115.448947795428,14113.7001953125,14115.448947795428,0.0172224170528352,1.7487524829284666,0.012390460748976866,0.012390460748976866,pure_test,held_out_pure_test
NASDAQ,GARCH,4,510d001324f1d615,p=2 q=2,"{""p"": 2, ""q"": 2}",level,2023-07-14,2023-07-17,14113.7001953125,14244.9501953125,14244.9501953125,14097.992438356016,14244.9501953125,14097.992438356016,0.0172224170528352,-146.95775695648445,-1.031648092422555,1.031648092422555,pure_test,held_out_pure_test
NASDAQ,GARCH,4,510d001324f1d615,p=2 q=2,"{""p"": 2, ""q"": 2}",level,2023-07-17,2023-07-18,14244.9501953125,14353.6396484375,14353.6396484375,14224.508263408088,14353.6396484375,14224.508263408088,0.0172224170528352,-129.13138502941183,-0.8996420990927464,0.8996420990927464,pure_test,held_out_pure_test
NASDAQ,GARCH,4,510d001324f1d615,p=2 q=2,"{""p"": 2, ""q"": 2}",level,2023-07-18,2023-07-19,14353.6396484375,14358.01953125,14358.01953125,14333.881840896758,14358.01953125,14333.881840896758,0.0172224170528352,-24.13769035324185,-0.16811295109821067,0.16811295109821067,pure_test,held_out_pure_test
NASDAQ,GARCH,4,510d001324f1d615,p=2 q=2,"{""p"": 2, ""q"": 2}",level,2023-07-19,2023-07-20,14358.01953125,14063.3095703125,14063.3095703125,14341.424799445422,14063.3095703125,14341.424799445422,0.0172224170528352,278.11522913292174,1.9775944470426796,1.9775944470426796,pure_test,held_out_pure_test
NASDAQ,GARCH,4,510d001324f1d615,p=2 q=2,"{""p"": 2, ""q"": 2}",level,2023-07-20,2023-07-21,14063.3095703125,14032.8095703125,14032.8095703125,14055.784416925932,14032.8095703125,14055.784416925932,0.0172224170528352,22.97484661343151,0.16372235722514603,0.16372235722514603,pure_test,held_out_pure_test
NASDAQ,GARCH,4,510d001324f1d615,p=2 q=2,"{""p"": 2, ""q"": 2}",level,2023-07-21,2023-07-24,14032.8095703125,14058.8701171875,14058.8701171875,14017.272533508234,14058.8701171875,14017.272533508234,0.0172224170528352,-41.59758367926588,-0.2958814138869614,0.2958814138869614,pure_test,held_out_pure_test
NASDAQ,GARCH,4,510d001324f1d615,p=2 q=2,"{""p"": 2, ""q"": 2}",level,2023-07-24,2023-07-25,14058.8701171875,14144.5595703125,14144.5595703125,14041.617942520925,14144.5595703125,14041.617942520925,0.0172224170528352,-102.94162779157523,-0.7277824896551438,0.7277824896551438,pure_test,held_out_pure_test
NASDAQ,GARCH,4,510d001324f1d615,p=2 q=2,"{""p"": 2, ""q"": 2}",level,2023-07-25,2023-07-26,14144.5595703125,14127.2802734375,14127.2802734375,14125.499213079662,14127.2802734375,14125.499213079662,0.0172224170528352,-1.7810603578382143,-0.012607241615974823,0.012607241615974823,pure_test,held_out_pure_test
NASDAQ,GARCH,4,510d001324f1d615,p=2 q=2,"{""p"": 2, ""q"": 2}",level,2023-07-26,2023-07-27,14127.2802734375,14050.1103515625,14050.1103515625,14111.342333004312,14050.1103515625,14111.342333004312,0.0172224170528352,61.23198144181151,0.43581139158100607,0.43581139158100607,pure_test,held_out_pure_test
NASDAQ,GARCH,4,510d001324f1d615,p=2 q=2,"{""p"": 2, ""q"": 2}",level,2023-07-27,2023-07-28,14050.1103515625,14316.66015625,14316.66015625,14035.988530035693,14316.66015625,14035.988530035693,0.0172224170528352,-280.67162621430725,-1.9604546252484651,1.9604546252484651,pure_test,held_out_pure_test
NASDAQ,GARCH,4,510d001324f1d615,p=2 q=2,"{""p"": 2, ""q"": 2}",level,2023-07-28,2023-07-31,14316.66015625,14346.01953125,14346.01953125,14292.115403022171,14346.01953125,14292.115403022171,0.0172224170528352,-53.90412822782855,-0.3757427494811989,0.3757427494811989,pure_test,held_out_pure_test
NASDAQ,GARCH,4,510d001324f1d615,p=2 q=2,"{""p"": 2, ""q"": 2}",level,2023-07-31,2023-08-01,14346.01953125,14283.91015625,14283.91015625,14328.667323162052,14283.91015625,14328.667323162052,0.0172224170528352,44.757166912051616,0.3133397397663404,0.3133397397663404,pure_test,held_out_pure_test
NASDAQ,GARCH,4,510d001324f1d615,p=2 q=2,"{""p"": 2, ""q"": 2}",level,2023-08-01,2023-08-02,14283.91015625,13973.4501953125,13973.4501953125,14269.331639807751,13973.4501953125,14269.331639807751,0.0172224170528352,295.88144449525134,2.117454460849669,2.117454460849669,pure_test,held_out_pure_test
NASDAQ,GARCH,4,510d001324f1d615,p=2 q=2,"{""p"": 2, ""q"": 2}",level,2023-08-02,2023-08-03,13973.4501953125,13959.7197265625,13959.7197265625,13966.402643767213,13959.7197265625,13966.402643767213,0.0172224170528352,6.682917204712794,0.0478728608855704,0.0478728608855704,pure_test,held_out_pure_test
NASDAQ,GARCH,4,510d001324f1d615,p=2 q=2,"{""p"": 2, ""q"": 2}",level,2023-08-03,2023-08-04,13959.7197265625,13909.240234375,13909.240234375,13943.674171726334,13909.240234375,13943.674171726334,0.0172224170528352,34.43393735133395,0.24756159769413325,0.24756159769413325,pure_test,held_out_pure_test
NASDAQ,GARCH,4,510d001324f1d615,p=2 q=2,"{""p"": 2, ""q"": 2}",level,2023-08-04,2023-08-07,13909.240234375,13994.400390625,13994.400390625,13894.309054221949,13994.400390625,13894.309054221949,0.0172224170528352,-100.09133640305117,-0.7152241868833726,0.7152241868833726,pure_test,held_out_pure_test
NASDAQ,GARCH,4,510d001324f1d615,p=2 q=2,"{""p"": 2, ""q"": 2}",level,2023-08-07,2023-08-08,13994.400390625,13884.3203125,13884.3203125,13975.35608375166,13884.3203125,13975.35608375166,0.0172224170528352,91.03577125165975,0.655673228524558,0.655673228524558,pure_test,held_out_pure_test
NASDAQ,GARCH,4,510d001324f1d615,p=2 q=2,"{""p"": 2, ""q"": 2}",level,2023-08-08,2023-08-09,13884.3203125,13722.01953125,13722.01953125,13871.196456130136,13722.01953125,13871.196456130136,0.0172224170528352,149.17692488013563,1.0871353487029065,1.0871353487029065,pure_test,held_out_pure_test
NASDAQ,GARCH,4,510d001324f1d615,p=2 q=2,"{""p"": 2, ""q"": 2}",level,2023-08-09,2023-08-10,13722.01953125,13737.990234375,13737.990234375,13710.479211639851,13737.990234375,13710.479211639851,0.0172224170528352,-27.5110227351488,-0.2002550756391653,0.2002550756391653,pure_test,held_out_pure_test
NASDAQ,GARCH,4,510d001324f1d615,p=2 q=2,"{""p"": 2, ""q"": 2}",level,2023-08-10,2023-08-11,13737.990234375,13644.849609375,13644.849609375,13721.044023387994,13644.849609375,13721.044023387994,0.0172224170528352,76.19441401299446,0.5584115339801428,0.5584115339801428,pure_test,held_out_pure_test
NASDAQ,GARCH,4,510d001324f1d615,p=2 q=2,"{""p"": 2, ""q"": 2}",level,2023-08-11,2023-08-14,13644.849609375,13788.330078125,13788.330078125,13631.2120822748,13788.330078125,13631.2120822748,0.0172224170528352,-157.1179958501998,-1.1394998158585237,1.1394998158585237,pure_test,held_out_pure_test
NASDAQ,GARCH,4,510d001324f1d615,p=2 q=2,"{""p"": 2, ""q"": 2}",level,2023-08-14,2023-08-15,13788.330078125,13631.0498046875,13631.0498046875,13767.517270386,13631.0498046875,13767.517270386,0.0172224170528352,136.46746569850075,1.0011515448470576,1.0011515448470576,pure_test,held_out_pure_test
NASDAQ,GARCH,4,510d001324f1d615,p=2 q=2,"{""p"": 2, ""q"": 2}",level,2023-08-15,2023-08-16,13631.0498046875,13474.6298828125,13474.6298828125,13619.357243567803,13474.6298828125,13619.357243567803,0.0172224170528352,144.72736075530338,1.0740729950579917,1.0740729950579917,pure_test,held_out_pure_test
NASDAQ,GARCH,4,510d001324f1d615,p=2 q=2,"{""p"": 2, ""q"": 2}",level,2023-08-16,2023-08-17,13474.6298828125,13316.9296875,13316.9296875,13462.911232455315,13316.9296875,13462.911232455315,0.0172224170528352,145.98154495531526,1.0962102254871973,1.0962102254871973,pure_test,held_out_pure_test
NASDAQ,GARCH,4,510d001324f1d615,p=2 q=2,"{""p"": 2, ""q"": 2}",level,2023-08-17,2023-08-18,13316.9296875,13290.7802734375,13290.7802734375,13305.249860060349,13290.7802734375,13305.249860060349,0.0172224170528352,14.46958662284851,0.10886935398192484,0.10886935398192484,pure_test,held_out_pure_test
NASDAQ,GARCH,4,510d001324f1d615,p=2 q=2,"{""p"": 2, ""q"": 2}",level,2023-08-18,2023-08-21,13290.7802734375,13497.58984375,13497.58984375,13275.111309785336,13497.58984375,13275.111309785336,0.0172224170528352,-222.47853396466417,-1.6482834086685623,1.6482834086685623,pure_test,held_out_pure_test
NASDAQ,GARCH,4,510d001324f1d615,p=2 q=2,"{""p"": 2, ""q"": 2}",level,2023-08-21,2023-08-22,13497.58984375,13505.8701171875,13505.8701171875,13474.856648994304,13505.8701171875,13474.856648994304,0.0172224170528352,-31.013468193195877,-0.22962954570197072,0.22962954570197072,pure_test,held_out_pure_test
NASDAQ,GARCH,4,510d001324f1d615,p=2 q=2,"{""p"": 2, ""q"": 2}",level,2023-08-22,2023-08-23,13505.8701171875,13721.0302734375,13721.0302734375,13489.157110224558,13721.0302734375,13489.157110224558,0.0172224170528352,-231.87316321294202,-1.689910732591448,1.689910732591448,pure_test,held_out_pure_test
NASDAQ,GARCH,4,510d001324f1d615,p=2 q=2,"{""p"": 2, ""q"": 2}",level,2023-08-23,2023-08-24,13721.0302734375,13463.9697265625,13463.9697265625,13698.043856128184,13463.9697265625,13698.043856128184,0.0172224170528352,234.07412956568442,1.7385223995556778,1.7385223995556778,pure_test,held_out_pure_test
NASDAQ,GARCH,4,510d001324f1d615,p=2 q=2,"{""p"": 2, ""q"": 2}",level,2023-08-24,2023-08-25,13463.9697265625,13590.650390625,13590.650390625,13455.302895113744,13590.650390625,13455.302895113744,0.0172224170528352,-135.34749551125606,-0.9958868164589124,0.9958868164589124,pure_test,held_out_pure_test
NASDAQ,GARCH,4,510d001324f1d615,p=2 q=2,"{""p"": 2, ""q"": 2}",level,2023-08-25,2023-08-28,13590.650390625,13705.1298828125,13705.1298828125,13570.347018927392,13705.1298828125,13570.347018927392,0.0172224170528352,-134.78286388510787,-0.9834482784007618,0.9834482784007618,pure_test,held_out_pure_test
NASDAQ,GARCH,4,510d001324f1d615,p=2 q=2,"{""p"": 2, ""q"": 2}",level,2023-08-28,2023-08-29,13705.1298828125,13943.759765625,13943.759765625,13685.196498553198,13943.759765625,13685.196498553198,0.0172224170528352,-258.56326707180233,-1.8543296171039043,1.8543296171039043,pure_test,held_out_pure_test
NASDAQ,GARCH,4,510d001324f1d615,p=2 q=2,"{""p"": 2, ""q"": 2}",level,2023-08-29,2023-08-30,13943.759765625,14019.3095703125,14019.3095703125,13920.061654054056,14019.3095703125,13920.061654054056,0.0172224170528352,-99.24791625844409,-0.7079372615368518,0.7079372615368518,pure_test,held_out_pure_test
NASDAQ,GARCH,4,510d001324f1d615,p=2 q=2,"{""p"": 2, ""q"": 2}",level,2023-08-30,2023-08-31,14019.3095703125,14034.9697265625,14034.9697265625,14000.556687032911,14034.9697265625,14000.556687032911,0.0172224170528352,-34.41303952958879,-0.245194967998106,0.245194967998106,pure_test,held_out_pure_test
NASDAQ,GARCH,4,510d001324f1d615,p=2 q=2,"{""p"": 2, ""q"": 2}",level,2023-08-31,2023-09-01,14034.9697265625,14031.8095703125,14031.8095703125,14018.032932576083,14031.8095703125,14018.032932576083,0.0172224170528352,-13.776637736416887,-0.09818147593425522,0.09818147593425522,pure_test,held_out_pure_test
NASDAQ,GARCH,4,510d001324f1d615,p=2 q=2,"{""p"": 2, ""q"": 2}",level,2023-09-01,2023-09-05,14031.8095703125,14020.9501953125,14020.9501953125,14015.443482097737,14020.9501953125,14015.443482097737,0.0172224170528352,-5.506713214763295,-0.03927489319949446,0.03927489319949446,pure_test,held_out_pure_test
NASDAQ,GARCH,4,510d001324f1d615,p=2 q=2,"{""p"": 2, ""q"": 2}",level,2023-09-05,2023-09-06,14020.9501953125,13872.4697265625,13872.4697265625,14004.817577640684,13872.4697265625,14004.817577640684,0.0172224170528352,132.34785107818425,0.9540323654465751,0.9540323654465751,pure_test,held_out_pure_test
NASDAQ,GARCH,4,510d001324f1d615,p=2 q=2,"{""p"": 2, ""q"": 2}",level,2023-09-06,2023-09-07,13872.4697265625,13748.830078125,13748.830078125,13860.510320812857,13748.830078125,13860.510320812857,0.0172224170528352,111.68024268785666,0.8122890606201097,0.8122890606201097,pure_test,held_out_pure_test
NASDAQ,GARCH,4,510d001324f1d615,p=2 q=2,"{""p"": 2, ""q"": 2}",level,2023-09-07,2023-09-08,13748.830078125,13761.5302734375,13761.5302734375,13736.117401167725,13761.5302734375,13736.117401167725,0.0172224170528352,-25.412872269775107,-0.18466603469838688,0.18466603469838688,pure_test,held_out_pure_test
NASDAQ,GARCH,4,510d001324f1d615,p=2 q=2,"{""p"": 2, ""q"": 2}",level,2023-09-08,2023-09-11,13761.5302734375,13917.8896484375,13917.8896484375,13744.683237088791,13917.8896484375,13744.683237088791,0.0172224170528352,-173.20641134870857,-1.2444876035366015,1.2444876035366015,pure_test,held_out_pure_test
NASDAQ,GARCH,4,510d001324f1d615,p=2 q=2,"{""p"": 2, ""q"": 2}",level,2023-09-11,2023-09-12,13917.8896484375,13773.6103515625,13773.6103515625,13896.68630169287,13773.6103515625,13896.68630169287,0.0172224170528352,123.07595013036916,0.8935634665780076,0.8935634665780076,pure_test,held_out_pure_test
NASDAQ,GARCH,4,510d001324f1d615,p=2 q=2,"{""p"": 2, ""q"": 2}",level,2023-09-12,2023-09-13,13773.6103515625,13813.58984375,13813.58984375,13761.523549785996,13813.58984375,13761.523549785996,0.0172224170528352,-52.06629396400422,-0.37692080446099074,0.37692080446099074,pure_test,held_out_pure_test
NASDAQ,GARCH,4,510d001324f1d615,p=2 q=2,"{""p"": 2, ""q"": 2}",level,2023-09-13,2023-09-14,13813.58984375,13926.0498046875,13926.0498046875,13795.915592009776,13926.0498046875,13795.915592009776,0.0172224170528352,-130.13421267772355,-0.9344660869582734,0.9344660869582734,pure_test,held_out_pure_test
NASDAQ,GARCH,4,510d001324f1d615,p=2 q=2,"{""p"": 2, ""q"": 2}",level,2023-09-14,2023-09-15,13926.0498046875,13708.330078125,13708.330078125,13906.177660545249,13708.330078125,13906.177660545249,0.0172224170528352,197.84758242024873,1.4432653816525984,1.4432653816525984,pure_test,held_out_pure_test
NASDAQ,GARCH,4,510d001324f1d615,p=2 q=2,"{""p"": 2, ""q"": 2}",level,2023-09-15,2023-09-18,13708.330078125,13710.240234375,13710.240234375,13698.47027853537,13710.240234375,13698.47027853537,0.0172224170528352,-11.769955839630711,-0.08584791833275458,0.08584791833275458,pure_test,held_out_pure_test
NASDAQ,GARCH,4,510d001324f1d615,p=2 q=2,"{""p"": 2, ""q"": 2}",level,2023-09-18,2023-09-19,13710.240234375,13678.1904296875,13678.1904296875,13693.720394377006,13678.1904296875,13693.720394377006,0.0172224170528352,15.529964689505505,0.11353815235529158,0.11353815235529158,pure_test,held_out_pure_test
NASDAQ,GARCH,4,510d001324f1d615,p=2 q=2,"{""p"": 2, ""q"": 2}",level,2023-09-19,2023-09-20,13678.1904296875,13469.1298828125,13469.1298828125,13662.70038904656,13469.1298828125,13662.70038904656,0.0172224170528352,193.5705062340603,1.4371418786381225,1.4371418786381225,pure_test,held_out_pure_test
NASDAQ,GARCH,4,510d001324f1d615,p=2 q=2,"{""p"": 2, ""q"": 2}",level,2023-09-20,2023-09-21,13469.1298828125,13223.98046875,13223.98046875,13459.007502895076,13223.98046875,13459.007502895076,0.0172224170528352,235.02703414507596,1.7772790477154414,1.7772790477154414,pure_test,held_out_pure_test
NASDAQ,GARCH,4,510d001324f1d615,p=2 q=2,"{""p"": 2, ""q"": 2}",level,2023-09-21,2023-09-22,13223.98046875,13211.8095703125,13211.8095703125,13214.952444986133,13211.8095703125,13214.952444986133,0.0172224170528352,3.142874673632832,0.023788374006653908,0.023788374006653908,pure_test,held_out_pure_test
NASDAQ,GARCH,4,510d001324f1d615,p=2 q=2,"{""p"": 2, ""q"": 2}",level,2023-09-22,2023-09-25,13211.8095703125,13271.3203125,13271.3203125,13195.716723180914,13271.3203125,13195.716723180914,0.0172224170528352,-75.60358931908559,-0.569676471811746,0.569676471811746,pure_test,held_out_pure_test
NASDAQ,GARCH,4,510d001324f1d615,p=2 q=2,"{""p"": 2, ""q"": 2}",level,2023-09-25,2023-09-26,13271.3203125,13063.6103515625,13063.6103515625,13253.05379657168,13063.6103515625,13253.05379657168,0.0172224170528352,189.4434450091794,1.4501614784194834,1.4501614784194834,pure_test,held_out_pure_test
NASDAQ,GARCH,4,510d001324f1d615,p=2 q=2,"{""p"": 2, ""q"": 2}",level,2023-09-26,2023-09-27,13063.6103515625,13092.849609375,13092.849609375,13053.44701657647,13092.849609375,13053.44701657647,0.0172224170528352,-39.40259279852944,-0.3009474176676987,0.3009474176676987,pure_test,held_out_pure_test
NASDAQ,GARCH,4,510d001324f1d615,p=2 q=2,"{""p"": 2, ""q"": 2}",level,2023-09-27,2023-09-28,13092.849609375,13201.2802734375,13201.2802734375,13075.50104371181,13201.2802734375,13075.50104371181,0.0172224170528352,-125.77922972568922,-0.9527805418901041,0.9527805418901041,pure_test,held_out_pure_test
NASDAQ,GARCH,4,510d001324f1d615,p=2 q=2,"{""p"": 2, ""q"": 2}",level,2023-09-28,2023-09-29,13201.2802734375,13219.3203125,13219.3203125,13181.530313397252,13219.3203125,13181.530313397252,0.0172224170528352,-37.78999910274797,-0.28586945629129124,0.28586945629129124,pure_test,held_out_pure_test
NASDAQ,GARCH,4,510d001324f1d615,p=2 q=2,"{""p"": 2, ""q"": 2}",level,2023-09-29,2023-10-02,13219.3203125,13307.76953125,13307.76953125,13202.311351122264,13307.76953125,13202.311351122264,0.0172224170528352,-105.45818012773634,-0.7924557145364889,0.7924557145364889,pure_test,held_out_pure_test
NASDAQ,GARCH,4,510d001324f1d615,p=2 q=2,"{""p"": 2, ""q"": 2}",level,2023-10-02,2023-10-03,13307.76953125,13059.4697265625,13059.4697265625,13288.625487087384,13059.4697265625,13288.625487087384,0.0172224170528352,229.1557605248836,1.7547095350953559,1.7547095350953559,pure_test,held_out_pure_test
NASDAQ,GARCH,4,510d001324f1d615,p=2 q=2,"{""p"": 2, ""q"": 2}",level,2023-10-03,2023-10-04,13059.4697265625,13236.009765625,13236.009765625,13050.537235012174,13236.009765625,13050.537235012174,0.0172224170528352,-185.47253061282572,-1.4012722406303526,1.4012722406303526,pure_test,held_out_pure_test
NASDAQ,GARCH,4,510d001324f1d615,p=2 q=2,"{""p"": 2, ""q"": 2}",level,2023-10-04,2023-10-05,13236.009765625,13219.830078125,13219.830078125,13214.19446190802,13219.830078125,13214.19446190802,0.0172224170528352,-5.6356162169795425,-0.04263002008100588,0.04263002008100588,pure_test,held_out_pure_test
NASDAQ,GARCH,4,510d001324f1d615,p=2 q=2,"{""p"": 2, ""q"": 2}",level,2023-10-05,2023-10-06,13219.830078125,13431.33984375,13431.33984375,13203.858793218022,13431.33984375,13203.858793218022,0.0172224170528352,-227.48105053197833,-1.693658660850816,1.693658660850816,pure_test,held_out_pure_test
NASDAQ,GARCH,4,510d001324f1d615,p=2 q=2,"{""p"": 2, ""q"": 2}",level,2023-10-06,2023-10-09,13431.33984375,13484.240234375,13484.240234375,13408.46412061744,13484.240234375,13408.46412061744,0.0172224170528352,-75.77611375755987,-0.5619605735322478,0.5619605735322478,pure_test,held_out_pure_test
NASDAQ,GARCH,4,510d001324f1d615,p=2 q=2,"{""p"": 2, ""q"": 2}",level,2023-10-09,2023-10-10,13484.240234375,13562.83984375,13562.83984375,13466.17417026114,13562.83984375,13466.17417026114,0.0172224170528352,-96.6656734888602,-0.7127244338390198,0.7127244338390198,pure_test,held_out_pure_test
NASDAQ,GARCH,4,510d001324f1d615,p=2 q=2,"{""p"": 2, ""q"": 2}",level,2023-10-10,2023-10-11,13562.83984375,13659.6796875,13659.6796875,13543.994478417442,13659.6796875,13543.994478417442,0.0172224170528352,-115.68520908255778,-0.8469101159701536,0.8469101159701536,pure_test,held_out_pure_test
NASDAQ,GARCH,4,510d001324f1d615,p=2 q=2,"{""p"": 2, ""q"": 2}",level,2023-10-11,2023-10-12,13659.6796875,13574.2197265625,13574.2197265625,13640.281206642176,13574.2197265625,13640.281206642176,0.0172224170528352,66.06148007967568,0.4866687103230273,0.4866687103230273,pure_test,held_out_pure_test
NASDAQ,GARCH,4,510d001324f1d615,p=2 q=2,"{""p"": 2, ""q"": 2}",level,2023-10-12,2023-10-13,13574.2197265625,13407.23046875,13407.23046875,13560.349291570332,13407.23046875,13560.349291570332,0.0172224170528352,153.11882282033184,1.1420615404294427,1.1420615404294427,pure_test,held_out_pure_test
NASDAQ,GARCH,4,510d001324f1d615,p=2 q=2,"{""p"": 2, ""q"": 2}",level,2023-10-13,2023-10-16,13407.23046875,13567.98046875,13567.98046875,13395.832322158203,13567.98046875,13395.832322158203,0.0172224170528352,-172.14814659179683,-1.2687823879780142,1.2687823879780142,pure_test,held_out_pure_test
NASDAQ,GARCH,4,510d001324f1d615,p=2 q=2,"{""p"": 2, ""q"": 2}",level,2023-10-16,2023-10-17,13567.98046875,13533.75,13533.75,13546.643981015886,13533.75,13546.643981015886,0.0172224170528352,12.893981015886311,0.09527278851675486,0.09527278851675486,pure_test,held_out_pure_test
NASDAQ,GARCH,4,510d001324f1d615,p=2 q=2,"{""p"": 2, ""q"": 2}",level,2023-10-17,2023-10-18,13533.75,13314.2998046875,13314.2998046875,13518.32608565566,13314.2998046875,13518.32608565566,0.0172224170528352,204.0262809681608,1.5323846087372184,1.5323846087372184,pure_test,held_out_pure_test
NASDAQ,GARCH,4,510d001324f1d615,p=2 q=2,"{""p"": 2, ""q"": 2}",level,2023-10-18,2023-10-19,13314.2998046875,13186.1796875,13186.1796875,13304.492479704935,13186.1796875,13304.492479704935,0.0172224170528352,118.31279220493525,0.8972484450298467,0.8972484450298467,pure_test,held_out_pure_test
NASDAQ,GARCH,4,510d001324f1d615,p=2 q=2,"{""p"": 2, ""q"": 2}",level,2023-10-19,2023-10-20,13186.1796875,12983.8095703125,12983.8095703125,13173.602875947474,12983.8095703125,13173.602875947474,0.0172224170528352,189.79330563497388,1.4617690178461686,1.4617690178461686,pure_test,held_out_pure_test
NASDAQ,GARCH,4,510d001324f1d615,p=2 q=2,"{""p"": 2, ""q"": 2}",level,2023-10-20,2023-10-23,12983.8095703125,13018.330078125,13018.330078125,12973.484310297445,13018.330078125,12973.484310297445,0.0172224170528352,-44.84576782755539,-0.3444817235269735,0.3444817235269735,pure_test,held_out_pure_test
NASDAQ,GARCH,4,510d001324f1d615,p=2 q=2,"{""p"": 2, ""q"": 2}",level,2023-10-23,2023-10-24,13018.330078125,13139.8701171875,13139.8701171875,13000.821364225349,13139.8701171875,13000.821364225349,0.0172224170528352,-139.0487529621514,-1.0582201477035136,1.0582201477035136,pure_test,held_out_pure_test
NASDAQ,GARCH,4,510d001324f1d615,p=2 q=2,"{""p"": 2, ""q"": 2}",level,2023-10-24,2023-10-25,13139.8701171875,12821.2197265625,12821.2197265625,13119.7226294242,12821.2197265625,13119.7226294242,0.0172224170528352,298.5029028616991,2.3281942687814055,2.3281942687814055,pure_test,held_out_pure_test
NASDAQ,GARCH,4,510d001324f1d615,p=2 q=2,"{""p"": 2, ""q"": 2}",level,2023-10-25,2023-10-26,12821.2197265625,12595.6103515625,12595.6103515625,12814.42054100449,12595.6103515625,12814.42054100449,0.0172224170528352,218.8101894419906,1.7371940170795053,1.7371940170795053,pure_test,held_out_pure_test
NASDAQ,GARCH,4,510d001324f1d615,p=2 q=2,"{""p"": 2, ""q"": 2}",level,2023-10-26,2023-10-27,12595.6103515625,12643.009765625,12643.009765625,12585.989797091652,12643.009765625,12585.989797091652,0.0172224170528352,-57.01996853334822,-0.4509999564216066,0.4509999564216066,pure_test,held_out_pure_test
NASDAQ,GARCH,4,510d001324f1d615,p=2 q=2,"{""p"": 2, ""q"": 2}",level,2023-10-27,2023-10-30,12643.009765625,12789.48046875,12789.48046875,12625.110512719715,12789.48046875,12625.110512719715,0.0172224170528352,-164.3699560302848,-1.285196505299091,1.285196505299091,pure_test,held_out_pure_test
NASDAQ,GARCH,4,510d001324f1d615,p=2 q=2,"{""p"": 2, ""q"": 2}",level,2023-10-30,2023-10-31,12789.48046875,12851.240234375,12851.240234375,12768.576985363805,12851.240234375,12768.576985363805,0.0172224170528352,-82.66324901119515,-0.6432316842858813,0.6432316842858813,pure_test,held_out_pure_test
NASDAQ,GARCH,4,510d001324f1d615,p=2 q=2,"{""p"": 2, ""q"": 2}",level,2023-10-31,2023-11-01,12851.240234375,13061.4697265625,13061.4697265625,12832.90551922542,13061.4697265625,12832.90551922542,0.0172224170528352,-228.56420733708,-1.7499118561846043,1.7499118561846043,pure_test,held_out_pure_test
NASDAQ,GARCH,4,510d001324f1d615,p=2 q=2,"{""p"": 2, ""q"": 2}",level,2023-11-01,2023-11-02,13061.4697265625,13294.1904296875,13294.1904296875,13038.63282634747,13294.1904296875,13038.63282634747,0.0172224170528352,-255.55760334003025,-1.9223254299813541,1.9223254299813541,pure_test,held_out_pure_test
NASDAQ,GARCH,4,510d001324f1d615,p=2 q=2,"{""p"": 2, ""q"": 2}",level,2023-11-02,2023-11-03,13294.1904296875,13478.2802734375,13478.2802734375,13270.671507646666,13478.2802734375,13270.671507646666,0.0172224170528352,-207.6087657908338,-1.5403208835179183,1.5403208835179183,pure_test,held_out_pure_test
NASDAQ,GARCH,4,510d001324f1d615,p=2 q=2,"{""p"": 2, ""q"": 2}",level,2023-11-03,2023-11-06,13478.2802734375,13518.7802734375,13518.7802734375,13456.236029998609,13518.7802734375,13456.236029998609,0.0172224170528352,-62.5442434388915,-0.4626470892627949,0.4626470892627949,pure_test,held_out_pure_test
NASDAQ,GARCH,4,510d001324f1d615,p=2 q=2,"{""p"": 2, ""q"": 2}",level,2023-11-06,2023-11-07,13518.7802734375,13639.8603515625,13639.8603515625,13501.090237856662,13639.8603515625,13501.090237856662,0.0172224170528352,-138.7701137058375,-1.0173866163515437,1.0173866163515437,pure_test,held_out_pure_test
NASDAQ,GARCH,4,510d001324f1d615,p=2 q=2,"{""p"": 2, ""q"": 2}",level,2023-11-07,2023-11-08,13639.8603515625,13650.41015625,13650.41015625,13619.72681162083,13650.41015625,13619.72681162083,0.0172224170528352,-30.68334462916937,-0.22477965334338793,0.22477965334338793,pure_test,held_out_pure_test
NASDAQ,GARCH,4,510d001324f1d615,p=2 q=2,"{""p"": 2, ""q"": 2}",level,2023-11-08,2023-11-09,13650.41015625,13521.4501953125,13521.4501953125,13633.6283281884,13521.4501953125,13633.6283281884,0.0172224170528352,112.1781328759007,0.8296309290462768,0.8296309290462768,pure_test,held_out_pure_test
NASDAQ,GARCH,4,510d001324f1d615,p=2 q=2,"{""p"": 2, ""q"": 2}",level,2023-11-09,2023-11-10,13521.4501953125,13798.1103515625,13798.1103515625,13508.89885112006,13798.1103515625,13508.89885112006,0.0172224170528352,-289.2115004424395,-2.0960225210091115,2.0960225210091115,pure_test,held_out_pure_test
NASDAQ,GARCH,4,510d001324f1d615,p=2 q=2,"{""p"": 2, ""q"": 2}",level,2023-11-10,2023-11-13,13798.1103515625,13767.740234375,13767.740234375,13773.259012777704,13767.740234375,13773.259012777704,0.0172224170528352,5.5187784027039015,0.04008485276999005,0.04008485276999005,pure_test,held_out_pure_test
NASDAQ,GARCH,4,510d001324f1d615,p=2 q=2,"{""p"": 2, ""q"": 2}",level,2023-11-13,2023-11-14,13767.740234375,14094.3798828125,14094.3798828125,13752.199259013883,14094.3798828125,13752.199259013883,0.0172224170528352,-342.1806237986166,-2.427780623508604,2.427780623508604,pure_test,held_out_pure_test
NASDAQ,GARCH,4,510d001324f1d615,p=2 q=2,"{""p"": 2, ""q"": 2}",level,2023-11-14,2023-11-15,14094.3798828125,14103.83984375,14103.83984375,14068.012969583571,14103.83984375,14068.012969583571,0.0172224170528352,-35.82687416642875,-0.25402212846528555,0.25402212846528555,pure_test,held_out_pure_test
NASDAQ,GARCH,4,510d001324f1d615,p=2 q=2,"{""p"": 2, ""q"": 2}",level,2023-11-15,2023-11-16,14103.83984375,14113.669921875,14113.669921875,14087.091064030095,14113.669921875,14087.091064030095,0.0172224170528352,-26.578857844904633,-0.18831996207952717,0.18831996207952717,pure_test,held_out_pure_test
NASDAQ,GARCH,4,510d001324f1d615,p=2 q=2,"{""p"": 2, ""q"": 2}",level,2023-11-16,2023-11-17,14113.669921875,14125.48046875,14125.48046875,14096.909918748732,14125.48046875,14096.909918748732,0.0172224170528352,-28.570550001268202,-0.20226250048255162,0.20226250048255162,pure_test,held_out_pure_test
NASDAQ,GARCH,4,510d001324f1d615,p=2 q=2,"{""p"": 2, ""q"": 2}",level,2023-11-17,2023-11-20,14125.48046875,14284.5302734375,14284.5302734375,14108.66041003506,14284.5302734375,14108.66041003506,0.0172224170528352,-175.8698634024404,-1.2311910859923445,1.2311910859923445,pure_test,held_out_pure_test
NASDAQ,GARCH,4,510d001324f1d615,p=2 q=2,"{""p"": 2, ""q"": 2}",level,2023-11-20,2023-11-21,14284.5302734375,14199.98046875,14199.98046875,14263.24534230096,14199.98046875,14263.24534230096,0.0172224170528352,63.26487355095924,0.44552789132482756,0.44552789132482756,pure_test,held_out_pure_test
NASDAQ,GARCH,4,510d001324f1d615,p=2 q=2,"{""p"": 2, ""q"": 2}",level,2023-11-21,2023-11-22,14199.98046875,14265.8603515625,14265.8603515625,14186.082434246666,14265.8603515625,14186.082434246666,0.0172224170528352,-79.7779173158342,-0.5592226150391018,0.5592226150391018,pure_test,held_out_pure_test
NASDAQ,GARCH,4,510d001324f1d615,p=2 q=2,"{""p"": 2, ""q"": 2}",level,2023-11-22,2023-11-24,14265.8603515625,14250.849609375,14250.849609375,14247.40069828244,14250.849609375,14247.40069828244,0.0172224170528352,-3.448911092560593,-0.024201441928709343,0.024201441928709343,pure_test,held_out_pure_test
NASDAQ,GARCH,4,510d001324f1d615,p=2 q=2,"{""p"": 2, ""q"": 2}",level,2023-11-24,2023-11-27,14250.849609375,14241.01953125,14241.01953125,14234.842877456364,14241.01953125,14234.842877456364,0.0172224170528352,-6.176653793636433,-0.04337227247025817,0.04337227247025817,pure_test,held_out_pure_test
NASDAQ,GARCH,4,510d001324f1d615,p=2 q=2,"{""p"": 2, ""q"": 2}",level,2023-11-27,2023-11-28,14241.01953125,14281.759765625,14281.759765625,14224.855701255472,14281.759765625,14224.855701255472,0.0172224170528352,-56.90406436952799,-0.39843874496818876,0.39843874496818876,pure_test,held_out_pure_test
NASDAQ,GARCH,4,510d001324f1d615,p=2 q=2,"{""p"": 2, ""q"": 2}",level,2023-11-28,2023-11-29,14281.759765625,14258.490234375,14258.490234375,14264.06244519465,14258.490234375,14264.06244519465,0.0172224170528352,5.5722108196496265,0.039079949756643195,0.039079949756643195,pure_test,held_out_pure_test
NASDAQ,GARCH,4,510d001324f1d615,p=2 q=2,"{""p"": 2, ""q"": 2}",level,2023-11-29,2023-11-30,14258.490234375,14226.2197265625,14226.2197265625,14242.7339413683,14226.2197265625,14242.7339413683,0.0172224170528352,16.514214805800293,0.1160829448948111,0.1160829448948111,pure_test,held_out_pure_test
NASDAQ,GARCH,4,510d001324f1d615,p=2 q=2,"{""p"": 2, ""q"": 2}",level,2023-11-30,2023-12-01,14226.2197265625,14305.0302734375,14305.0302734375,14210.736378506885,14305.0302734375,14210.736378506885,0.0172224170528352,-94.29389493061535,-0.6591659935575692,0.6591659935575692,pure_test,held_out_pure_test
NASDAQ,GARCH,4,510d001324f1d615,p=2 q=2,"{""p"": 2, ""q"": 2}",level,2023-12-01,2023-12-04,14305.0302734375,14185.490234375,14185.490234375,14286.17851165171,14185.490234375,14286.17851165171,0.0172224170528352,100.68827727670941,0.7097976567120428,0.7097976567120428,pure_test,held_out_pure_test
NASDAQ,GARCH,4,510d001324f1d615,p=2 q=2,"{""p"": 2, ""q"": 2}",level,2023-12-04,2023-12-05,14185.490234375,14229.91015625,14229.91015625,14172.653241164642,14229.91015625,14172.653241164642,0.0172224170528352,-57.25691508535783,-0.40237017983005113,0.40237017983005113,pure_test,held_out_pure_test
NASDAQ,GARCH,4,510d001324f1d615,p=2 q=2,"{""p"": 2, ""q"": 2}",level,2023-12-05,2023-12-06,14229.91015625,14146.7099609375,14146.7099609375,14212.101253246612,14146.7099609375,14212.101253246612,0.0172224170528352,65.39129230911203,0.46223674967305656,0.46223674967305656,pure_test,held_out_pure_test
NASDAQ,GARCH,4,510d001324f1d615,p=2 q=2,"{""p"": 2, ""q"": 2}",level,2023-12-06,2023-12-07,14146.7099609375,14339.990234375,14339.990234375,14132.771000978768,14339.990234375,14132.771000978768,0.0172224170528352,-207.21923339623208,-1.4450444526768091,1.4450444526768091,pure_test,held_out_pure_test
NASDAQ,GARCH,4,510d001324f1d615,p=2 q=2,"{""p"": 2, ""q"": 2}",level,2023-12-07,2023-12-08,14339.990234375,14403.9697265625,14403.9697265625,14317.6673010224,14403.9697265625,14317.6673010224,0.0172224170528352,-86.30242554009965,-0.5991572266425172,0.5991572266425172,pure_test,held_out_pure_test
NASDAQ,GARCH,4,510d001324f1d615,p=2 q=2,"{""p"": 2, ""q"": 2}",level,2023-12-08,2023-12-11,14403.9697265625,14432.490234375,14432.490234375,14385.567700587942,14432.490234375,14385.567700587942,0.0172224170528352,-46.922533787057546,-0.325117377701725,0.325117377701725,pure_test,held_out_pure_test
NASDAQ,GARCH,4,510d001324f1d615,p=2 q=2,"{""p"": 2, ""q"": 2}",level,2023-12-11,2023-12-12,14432.490234375,14533.400390625,14533.400390625,14415.163464033933,14533.400390625,14415.163464033933,0.0172224170528352,-118.23692659106746,-0.8135530805807708,0.8135530805807708,pure_test,held_out_pure_test
NASDAQ,GARCH,4,510d001324f1d615,p=2 q=2,"{""p"": 2, ""q"": 2}",level,2023-12-12,2023-12-13,14533.400390625,14733.9599609375,14733.9599609375,14513.878481910378,14733.9599609375,14513.878481910378,0.0172224170528352,-220.08147902712153,-1.493702165681181,1.493702165681181,pure_test,held_out_pure_test
NASDAQ,GARCH,4,510d001324f1d615,p=2 q=2,"{""p"": 2, ""q"": 2}",level,2023-12-13,2023-12-14,14733.9599609375,14761.5595703125,14761.5595703125,14711.416290721996,14761.5595703125,14711.416290721996,0.0172224170528352,-50.14327959050388,-0.33968822434825124,0.33968822434825124,pure_test,held_out_pure_test
NASDAQ,GARCH,4,510d001324f1d615,p=2 q=2,"{""p"": 2, ""q"": 2}",level,2023-12-14,2023-12-15,14761.5595703125,14813.919921875,14813.919921875,14744.2607252279,14813.919921875,14744.2607252279,0.0172224170528352,-69.65919664710054,-0.47022798161773627,0.47022798161773627,pure_test,held_out_pure_test
NASDAQ,GARCH,4,510d001324f1d615,p=2 q=2,"{""p"": 2, ""q"": 2}",level,2023-12-15,2023-12-18,14813.919921875,14904.8095703125,14904.8095703125,14795.87023386594,14904.8095703125,14795.87023386594,0.0172224170528352,-108.93933644655954,-0.7309005588608501,0.7309005588608501,pure_test,held_out_pure_test
NASDAQ,GARCH,4,510d001324f1d615,p=2 q=2,"{""p"": 2, ""q"": 2}",level,2023-12-18,2023-12-19,14904.8095703125,15003.2197265625,15003.2197265625,14885.591522739582,15003.2197265625,14885.591522739582,0.0172224170528352,-117.6282038229183,-0.7840197368746327,0.7840197368746327,pure_test,held_out_pure_test
NASDAQ,GARCH,4,510d001324f1d615,p=2 q=2,"{""p"": 2, ""q"": 2}",level,2023-12-19,2023-12-20,15003.2197265625,14777.9404296875,14777.9404296875,14983.773627663955,14777.9404296875,14983.773627663955,0.0172224170528352,205.83319797645527,1.3928408965768708,1.3928408965768708,pure_test,held_out_pure_test
NASDAQ,GARCH,4,510d001324f1d615,p=2 q=2,"{""p"": 2, ""q"": 2}",level,2023-12-20,2023-12-21,14777.9404296875,14963.8701171875,14963.8701171875,14768.309865951873,14963.8701171875,14768.309865951873,0.0172224170528352,-195.56025123562722,-1.3068828431690724,1.3068828431690724,pure_test,held_out_pure_test
NASDAQ,GARCH,4,510d001324f1d615,p=2 q=2,"{""p"": 2, ""q"": 2}",level,2023-12-21,2023-12-22,14963.8701171875,14992.9697265625,14992.9697265625,14941.77008246209,14992.9697265625,14941.77008246209,0.0172224170528352,-51.199644100410296,-0.34149101234895274,0.34149101234895274,pure_test,held_out_pure_test
NASDAQ,GARCH,4,510d001324f1d615,p=2 q=2,"{""p"": 2, ""q"": 2}",level,2023-12-22,2023-12-26,14992.9697265625,15074.5703125,15074.5703125,14975.625395588257,15074.5703125,14975.625395588257,0.0172224170528352,-98.94491691174335,-0.6563697330045761,0.6563697330045761,pure_test,held_out_pure_test
NASDAQ,GARCH,4,510d001324f1d615,p=2 q=2,"{""p"": 2, ""q"": 2}",level,2023-12-26,2023-12-27,15074.5703125,15099.1796875,15099.1796875,15055.63394577494,15099.1796875,15055.63394577494,0.0172224170528352,-43.54574172506,-0.28839806285045905,0.28839806285045905,pure_test,held_out_pure_test
NASDAQ,GARCH,4,510d001324f1d615,p=2 q=2,"{""p"": 2, ""q"": 2}",level,2023-12-27,2023-12-28,15099.1796875,15095.1396484375,15095.1396484375,15081.9715180626,15095.1396484375,15081.9715180626,0.0172224170528352,-13.168130374899192,-0.08723424016989619,0.08723424016989619,pure_test,held_out_pure_test
NASDAQ,GARCH,4,510d001324f1d615,p=2 q=2,"{""p"": 2, ""q"": 2}",level,2023-12-28,2023-12-29,15095.1396484375,15011.349609375,15011.349609375,15078.80024172441,15011.349609375,15078.80024172441,0.0172224170528352,67.45063234940972,0.4493309003161511,0.4493309003161511,pure_test,held_out_pure_test
NASDAQ,GARCH,4,510d001324f1d615,p=2 q=2,"{""p"": 2, ""q"": 2}",level,2023-12-29,2024-01-02,15011.349609375,14765.9404296875,14765.9404296875,14997.428535794748,14765.9404296875,14997.428535794748,0.0172224170528352,231.4881061072483,1.567716646356181,1.567716646356181,pure_test,held_out_pure_test
NASDAQ,GARCH,4,510d001324f1d615,p=2 q=2,"{""p"": 2, ""q"": 2}",level,2024-01-02,2024-01-03,14765.9404296875,14592.2099609375,14592.2099609375,14756.920283037336,14592.2099609375,14756.920283037336,0.0172224170528352,164.71032209983605,1.1287551545705279,1.1287551545705279,pure_test,held_out_pure_test
NASDAQ,GARCH,4,510d001324f1d615,p=2 q=2,"{""p"": 2, ""q"": 2}",level,2024-01-03,2024-01-04,14592.2099609375,14510.2998046875,14510.2998046875,14581.016234330227,14510.2998046875,14581.016234330227,0.0172224170528352,70.71642964272723,0.4873533324231009,0.4873533324231009,pure_test,held_out_pure_test
NASDAQ,GARCH,4,510d001324f1d615,p=2 q=2,"{""p"": 2, ""q"": 2}",level,2024-01-04,2024-01-05,14510.2998046875,14524.0703125,14524.0703125,14496.321725679143,14524.0703125,14496.321725679143,0.0172224170528352,-27.748586820856872,-0.19105241315841964,0.19105241315841964,pure_test,held_out_pure_test
NASDAQ,GARCH,4,510d001324f1d615,p=2 q=2,"{""p"": 2, ""q"": 2}",level,2024-01-05,2024-01-08,14524.0703125,14843.76953125,14843.76953125,14507.190820073783,14843.76953125,14507.190820073783,0.0172224170528352,-336.57871117621653,-2.267474649667867,2.267474649667867,pure_test,held_out_pure_test
NASDAQ,GARCH,4,510d001324f1d615,p=2 q=2,"{""p"": 2, ""q"": 2}",level,2024-01-08,2024-01-09,14843.76953125,14857.7099609375,14857.7099609375,14817.613079100312,14857.7099609375,14817.613079100312,0.0172224170528352,-40.09688183718754,-0.2698725573631906,0.2698725573631906,pure_test,held_out_pure_test
NASDAQ,GARCH,4,510d001324f1d615,p=2 q=2,"{""p"": 2, ""q"": 2}",level,2024-01-09,2024-01-10,14857.7099609375,14969.650390625,14969.650390625,14840.825315812846,14969.650390625,14840.825315812846,0.0172224170528352,-128.82507481215362,-0.8605750398341468,0.8605750398341468,pure_test,held_out_pure_test
NASDAQ,GARCH,4,510d001324f1d615,p=2 q=2,"{""p"": 2, ""q"": 2}",level,2024-01-10,2024-01-11,14969.650390625,14970.1904296875,14970.1904296875,14949.79400071015,14970.1904296875,14949.79400071015,0.0172224170528352,-20.396428977350297,-0.13624695739943282,0.13624695739943282,pure_test,held_out_pure_test
NASDAQ,GARCH,4,510d001324f1d615,p=2 q=2,"{""p"": 2, ""q"": 2}",level,2024-01-11,2024-01-12,14970.1904296875,14972.759765625,14972.759765625,14953.7121370223,14972.759765625,14953.7121370223,0.0172224170528352,-19.04762860270057,-0.12721521550376305,0.12721521550376305,pure_test,held_out_pure_test
NASDAQ,GARCH,4,510d001324f1d615,p=2 q=2,"{""p"": 2, ""q"": 2}",level,2024-01-12,2024-01-16,14972.759765625,14944.349609375,14944.349609375,14956.219936710657,14944.349609375,14956.219936710657,0.0172224170528352,11.870327335656839,0.07943020369524986,0.07943020369524986,pure_test,held_out_pure_test
NASDAQ,GARCH,4,510d001324f1d615,p=2 q=2,"{""p"": 2, ""q"": 2}",level,2024-01-16,2024-01-17,14944.349609375,14855.6201171875,14855.6201171875,14928.749200302607,14855.6201171875,14928.749200302607,0.0172224170528352,73.12908311510728,0.4922654358298995,0.4922654358298995,pure_test,held_out_pure_test
NASDAQ,GARCH,4,510d001324f1d615,p=2 q=2,"{""p"": 2, ""q"": 2}",level,2024-01-17,2024-01-18,14855.6201171875,15055.650390625,15055.650390625,14841.848827220418,15055.650390625,14841.848827220418,0.0172224170528352,-213.80156340458234,-1.4200752399093592,1.4200752399093592,pure_test,held_out_pure_test
NASDAQ,GARCH,4,510d001324f1d615,p=2 q=2,"{""p"": 2, ""q"": 2}",level,2024-01-18,2024-01-19,15055.650390625,15310.9697265625,15310.9697265625,15033.122770768994,15310.9697265625,15033.122770768994,0.0172224170528352,-277.8469557935059,-1.8146920851882968,1.8146920851882968,pure_test,held_out_pure_test
NASDAQ,GARCH,4,510d001324f1d615,p=2 q=2,"{""p"": 2, ""q"": 2}",level,2024-01-19,2024-01-22,15310.9697265625,15360.2900390625,15360.2900390625,15286.765525242829,15360.2900390625,15286.765525242829,0.0172224170528352,-73.52451381967148,-0.47866618164561026,0.47866618164561026,pure_test,held_out_pure_test
NASDAQ,GARCH,4,510d001324f1d615,p=2 q=2,"{""p"": 2, ""q"": 2}",level,2024-01-22,2024-01-23,15360.2900390625,15425.9404296875,15425.9404296875,15342.332536974318,15425.9404296875,15342.332536974318,0.0172224170528352,-83.60789271318208,-0.5419954335638246,0.5419954335638246,pure_test,held_out_pure_test
NASDAQ,GARCH,4,510d001324f1d615,p=2 q=2,"{""p"": 2, ""q"": 2}",level,2024-01-23,2024-01-24,15425.9404296875,15481.919921875,15481.919921875,15407.48773551165,15481.919921875,15407.48773551165,0.0172224170528352,-74.43218636335041,-0.48076844951369574,0.48076844951369574,pure_test,held_out_pure_test
NASDAQ,GARCH,4,510d001324f1d615,p=2 q=2,"{""p"": 2, ""q"": 2}",level,2024-01-24,2024-01-25,15481.919921875,15510.5,15510.5,15463.760487311887,15510.5,15463.760487311887,0.0172224170528352,-46.73951268811288,-0.3013411088495721,0.3013411088495721,pure_test,held_out_pure_test
NASDAQ,GARCH,4,510d001324f1d615,p=2 q=2,"{""p"": 2, ""q"": 2}",level,2024-01-25,2024-01-26,15510.5,15455.3603515625,15455.3603515625,15493.17142325316,15455.3603515625,15493.17142325316,0.0172224170528352,37.811071690659446,0.24464697574545285,0.24464697574545285,pure_test,held_out_pure_test
NASDAQ,GARCH,4,510d001324f1d615,p=2 q=2,"{""p"": 2, ""q"": 2}",level,2024-01-26,2024-01-29,15455.3603515625,15628.0400390625,15628.0400390625,15440.570485644728,15628.0400390625,15440.570485644728,0.0172224170528352,-187.46955341777175,-1.1995717501950918,1.1995717501950918,pure_test,held_out_pure_test
NASDAQ,GARCH,4,510d001324f1d615,p=2 q=2,"{""p"": 2, ""q"": 2}",level,2024-01-29,2024-01-30,15628.0400390625,15509.900390625,15509.900390625,15606.341796362296,15509.900390625,15606.341796362296,0.0172224170528352,96.44140573729601,0.6218054488318331,0.6218054488318331,pure_test,held_out_pure_test
NASDAQ,GARCH,4,510d001324f1d615,p=2 q=2,"{""p"": 2, ""q"": 2}",level,2024-01-30,2024-01-31,15509.900390625,15164.009765625,15164.009765625,15497.020932072355,15164.009765625,15497.020932072355,0.0172224170528352,333.0111664473552,2.196062727434084,2.196062727434084,pure_test,held_out_pure_test
NASDAQ,GARCH,4,510d001324f1d615,p=2 q=2,"{""p"": 2, ""q"": 2}",level,2024-01-31,2024-02-01,15164.009765625,15361.6396484375,15361.6396484375,15158.03661093013,15361.6396484375,15158.03661093013,0.0172224170528352,-203.60303750736966,-1.3253991251388262,1.3253991251388262,pure_test,held_out_pure_test
NASDAQ,GARCH,4,510d001324f1d615,p=2 q=2,"{""p"": 2, ""q"": 2}",level,2024-02-01,2024-02-02,15361.6396484375,15628.9501953125,15628.9501953125,15339.184817850211,15628.9501953125,15339.184817850211,0.0172224170528352,-289.7653774622886,-1.8540296938766638,1.8540296938766638,pure_test,held_out_pure_test
NASDAQ,GARCH,4,510d001324f1d615,p=2 q=2,"{""p"": 2, ""q"": 2}",level,2024-02-02,2024-02-05,15628.9501953125,15597.6796875,15597.6796875,15604.382373394545,15597.6796875,15604.382373394545,0.0172224170528352,6.702685894544629,0.042972326838562856,0.042972326838562856,pure_test,held_out_pure_test
NASDAQ,GARCH,4,510d001324f1d615,p=2 q=2,"{""p"": 2, ""q"": 2}",level,2024-02-05,2024-02-06,15597.6796875,15609.0,15609.0,15582.166015517954,15609.0,15582.166015517954,0.0172224170528352,-26.833984482045707,-0.17191354015020635,0.17191354015020635,pure_test,held_out_pure_test
NASDAQ,GARCH,4,510d001324f1d615,p=2 q=2,"{""p"": 2, ""q"": 2}",level,2024-02-06,2024-02-07,15609.0,15756.6396484375,15756.6396484375,15592.19480711618,15756.6396484375,15592.19480711618,0.0172224170528352,-164.44484132131947,-1.0436542625230791,1.0436542625230791,pure_test,held_out_pure_test
NASDAQ,GARCH,4,510d001324f1d615,p=2 q=2,"{""p"": 2, ""q"": 2}",level,2024-02-07,2024-02-08,15756.6396484375,15793.7099609375,15793.7099609375,15735.700718039643,15793.7099609375,15735.700718039643,0.0172224170528352,-58.00924289785689,-0.3672933277952479,0.3672933277952479,pure_test,held_out_pure_test
NASDAQ,GARCH,4,510d001324f1d615,p=2 q=2,"{""p"": 2, ""q"": 2}",level,2024-02-08,2024-02-09,15793.7099609375,15990.66015625,15990.66015625,15776.123926948094,15990.66015625,15776.123926948094,0.0172224170528352,-214.53622930190613,-1.3416345992323149,1.3416345992323149,pure_test,held_out_pure_test
NASDAQ,GARCH,4,510d001324f1d615,p=2 q=2,"{""p"": 2, ""q"": 2}",level,2024-02-09,2024-02-12,15990.66015625,15942.5498046875,15942.5498046875,15968.225936456456,15942.5498046875,15968.225936456456,0.0172224170528352,25.67613176895611,0.16105411043725704,0.16105411043725704,pure_test,held_out_pure_test
NASDAQ,GARCH,4,510d001324f1d615,p=2 q=2,"{""p"": 2, ""q"": 2}",level,2024-02-12,2024-02-13,15942.5498046875,15655.599609375,15655.599609375,15927.546782888432,15655.599609375,15927.546782888432,0.0172224170528352,271.94717351343206,1.737060095421594,1.737060095421594,pure_test,held_out_pure_test
NASDAQ,GARCH,4,510d001324f1d615,p=2 q=2,"{""p"": 2, ""q"": 2}",level,2024-02-13,2024-02-14,15655.599609375,15859.150390625,15859.150390625,15647.8391494265,15859.150390625,15647.8391494265,0.0172224170528352,-211.31124119850028,-1.3324247263801414,1.3324247263801414,pure_test,held_out_pure_test
NASDAQ,GARCH,4,510d001324f1d615,p=2 q=2,"{""p"": 2, ""q"": 2}",level,2024-02-14,2024-02-15,15859.150390625,15906.169921875,15906.169921875,15836.516015149087,15906.169921875,15836.516015149087,0.0172224170528352,-69.65390672591275,-0.43790495806360674,0.43790495806360674,pure_test,held_out_pure_test
NASDAQ,GARCH,4,510d001324f1d615,p=2 q=2,"{""p"": 2, ""q"": 2}",level,2024-02-15,2024-02-16,15906.169921875,15775.650390625,15775.650390625,15888.282188508176,15775.650390625,15888.282188508176,0.0172224170528352,112.63179788317575,0.7139597740458896,0.7139597740458896,pure_test,held_out_pure_test
NASDAQ,GARCH,4,510d001324f1d615,p=2 q=2,"{""p"": 2, ""q"": 2}",level,2024-02-16,2024-02-20,15775.650390625,15630.7802734375,15630.7802734375,15763.146338727982,15630.7802734375,15763.146338727982,0.0172224170528352,132.36606529048186,0.8468295438547041,0.8468295438547041,pure_test,held_out_pure_test
NASDAQ,GARCH,4,510d001324f1d615,p=2 q=2,"{""p"": 2, ""q"": 2}",level,2024-02-20,2024-02-21,15630.7802734375,15580.8701171875,15580.8701171875,15618.711387652686,15580.8701171875,15618.711387652686,0.0172224170528352,37.84127046518552,0.24287007195729218,0.24287007195729218,pure_test,held_out_pure_test
NASDAQ,GARCH,4,510d001324f1d615,p=2 q=2,"{""p"": 2, ""q"": 2}",level,2024-02-21,2024-02-22,15580.8701171875,16041.6201171875,16041.6201171875,15565.921672533366,16041.6201171875,15565.921672533366,0.0172224170528352,-475.6984446541337,-2.9654015066997834,2.9654015066997834,pure_test,held_out_pure_test
NASDAQ,GARCH,4,510d001324f1d615,p=2 q=2,"{""p"": 2, ""q"": 2}",level,2024-02-22,2024-02-23,16041.6201171875,15996.8203125,15996.8203125,16011.18645152421,15996.8203125,16011.18645152421,0.0172224170528352,14.366139024210497,0.08980621613274434,0.08980621613274434,pure_test,held_out_pure_test
NASDAQ,GARCH,4,510d001324f1d615,p=2 q=2,"{""p"": 2, ""q"": 2}",level,2024-02-23,2024-02-26,15996.8203125,15976.25,15976.25,15981.71690192105,15976.25,15981.71690192105,0.0172224170528352,5.466901921050521,0.03421893073187088,0.03421893073187088,pure_test,held_out_pure_test
NASDAQ,GARCH,4,510d001324f1d615,p=2 q=2,"{""p"": 2, ""q"": 2}",level,2024-02-26,2024-02-27,15976.25,16035.2998046875,16035.2998046875,15960.411856082506,16035.2998046875,15960.411856082506,0.0172224170528352,-74.88794860499365,-0.46701932310053923,0.46701932310053923,pure_test,held_out_pure_test
NASDAQ,GARCH,4,510d001324f1d615,p=2 q=2,"{""p"": 2, ""q"": 2}",level,2024-02-27,2024-02-28,16035.2998046875,15947.740234375,15947.740234375,16017.047266194018,15947.740234375,16017.047266194018,0.0172224170528352,69.30703181901845,0.43458841691958766,0.43458841691958766,pure_test,held_out_pure_test
NASDAQ,GARCH,4,510d001324f1d615,p=2 q=2,"{""p"": 2, ""q"": 2}",level,2024-02-28,2024-02-29,15947.740234375,16091.919921875,16091.919921875,15933.933467783052,16091.919921875,15933.933467783052,0.0172224170528352,-157.98645409194796,-0.981775045233631,0.981775045233631,pure_test,held_out_pure_test
NASDAQ,GARCH,4,510d001324f1d615,p=2 q=2,"{""p"": 2, ""q"": 2}",level,2024-02-29,2024-03-01,16091.919921875,16274.9404296875,16274.9404296875,16071.085911078068,16274.9404296875,16071.085911078068,0.0172224170528352,-203.8545186094325,-1.2525669110135524,1.2525669110135524,pure_test,held_out_pure_test
NASDAQ,GARCH,4,510d001324f1d615,p=2 q=2,"{""p"": 2, ""q"": 2}",level,2024-03-01,2024-03-04,16274.9404296875,16207.509765625,16207.509765625,16252.928612712907,16207.509765625,16252.928612712907,0.0172224170528352,45.418847087907125,0.2802333470391444,0.2802333470391444,pure_test,held_out_pure_test
NASDAQ,GARCH,4,510d001324f1d615,p=2 q=2,"{""p"": 2, ""q"": 2}",level,2024-03-04,2024-03-05,16207.509765625,15939.58984375,15939.58984375,16193.092611560798,15939.58984375,16193.092611560798,0.0172224170528352,253.5027678107981,1.5903970572379433,1.5903970572379433,pure_test,held_out_pure_test
NASDAQ,GARCH,4,510d001324f1d615,p=2 q=2,"{""p"": 2, ""q"": 2}",level,2024-03-05,2024-03-06,15939.58984375,16031.5400390625,16031.5400390625,15931.252311189826,16031.5400390625,15931.252311189826,0.0172224170528352,-100.28772787267371,-0.625565152370342,0.625565152370342,pure_test,held_out_pure_test
NASDAQ,GARCH,4,510d001324f1d615,p=2 q=2,"{""p"": 2, ""q"": 2}",level,2024-03-06,2024-03-07,16031.5400390625,16273.3798828125,16273.3798828125,16012.289831544167,16273.3798828125,16012.289831544167,0.0172224170528352,-261.0900512683329,-1.6043996585127904,1.6043996585127904,pure_test,held_out_pure_test
NASDAQ,GARCH,4,510d001324f1d615,p=2 q=2,"{""p"": 2, ""q"": 2}",level,2024-03-07,2024-03-08,16273.3798828125,16085.1103515625,16085.1103515625,16249.584432622243,16085.1103515625,16249.584432622243,0.0172224170528352,164.47408105974318,1.022523796635105,1.022523796635105,pure_test,held_out_pure_test
NASDAQ,GARCH,4,510d001324f1d615,p=2 q=2,"{""p"": 2, ""q"": 2}",level,2024-03-08,2024-03-11,16085.1103515625,16019.26953125,16019.26953125,16074.357506416847,16019.26953125,16074.357506416847,0.0172224170528352,55.08797516684717,0.34388568754263665,0.34388568754263665,pure_test,held_out_pure_test
NASDAQ,GARCH,4,510d001324f1d615,p=2 q=2,"{""p"": 2, ""q"": 2}",level,2024-03-11,2024-03-12,16019.26953125,16265.6396484375,16265.6396484375,16004.804166880887,16265.6396484375,16004.804166880887,0.0172224170528352,-260.83548155661265,-1.6035980582028255,1.6035980582028255,pure_test,held_out_pure_test
NASDAQ,GARCH,4,510d001324f1d615,p=2 q=2,"{""p"": 2, ""q"": 2}",level,2024-03-12,2024-03-13,16265.6396484375,16177.76953125,16177.76953125,16241.706822568814,16177.76953125,16241.706822568814,0.0172224170528352,63.93729131881446,0.3952169747214482,0.3952169747214482,pure_test,held_out_pure_test
NASDAQ,GARCH,4,510d001324f1d615,p=2 q=2,"{""p"": 2, ""q"": 2}",level,2024-03-13,2024-03-14,16177.76953125,16128.5302734375,16128.5302734375,16163.972181658644,16128.5302734375,16163.972181658644,0.0172224170528352,35.44190822114433,0.21974667015701077,0.21974667015701077,pure_test,held_out_pure_test
NASDAQ,GARCH,4,510d001324f1d615,p=2 q=2,"{""p"": 2, ""q"": 2}",level,2024-03-14,2024-03-15,16128.5302734375,15973.169921875,15973.169921875,16113.561484508504,15973.169921875,16113.561484508504,0.0172224170528352,140.39156263350378,0.8789211115900031,0.8789211115900031,pure_test,held_out_pure_test
NASDAQ,GARCH,4,510d001324f1d615,p=2 q=2,"{""p"": 2, ""q"": 2}",level,2024-03-15,2024-03-18,15973.169921875,16103.4501953125,16103.4501953125,15961.419141185612,16103.4501953125,15961.419141185612,0.0172224170528352,-142.0310541268882,-0.8819914515476412,0.8819914515476412,pure_test,held_out_pure_test
NASDAQ,GARCH,4,510d001324f1d615,p=2 q=2,"{""p"": 2, ""q"": 2}",level,2024-03-18,2024-03-19,16103.4501953125,16166.7900390625,16166.7900390625,16083.037669325027,16166.7900390625,16083.037669325027,0.0172224170528352,-83.75236973747269,-0.5180519418827649,0.5180519418827649,pure_test,held_out_pure_test
NASDAQ,GARCH,4,510d001324f1d615,p=2 q=2,"{""p"": 2, ""q"": 2}",level,2024-03-19,2024-03-20,16166.7900390625,16369.41015625,16369.41015625,16148.407409740104,16369.41015625,16148.407409740104,0.0172224170528352,-221.0027465098956,-1.3500959680304339,1.3500959680304339,pure_test,held_out_pure_test
NASDAQ,GARCH,4,510d001324f1d615,p=2 q=2,"{""p"": 2, ""q"": 2}",level,2024-03-20,2024-03-21,16369.41015625,16401.83984375,16401.83984375,16346.804002162651,16401.83984375,16346.804002162651,0.0172224170528352,-55.03584158734884,-0.33554675641050424,0.33554675641050424,pure_test,held_out_pure_test
NASDAQ,GARCH,4,510d001324f1d615,p=2 q=2,"{""p"": 2, ""q"": 2}",level,2024-03-21,2024-03-22,16401.83984375,16428.8203125,16428.8203125,16384.394531731687,16428.8203125,16384.394531731687,0.0172224170528352,-44.425780768313416,-0.27041369936045684,0.27041369936045684,pure_test,held_out_pure_test
NASDAQ,GARCH,4,510d001324f1d615,p=2 q=2,"{""p"": 2, ""q"": 2}",level,2024-03-22,2024-03-25,16428.8203125,16384.470703125,16384.470703125,16411.540242190164,16384.470703125,16411.540242190164,0.0172224170528352,27.069539065163553,0.16521460812280372,0.16521460812280372,pure_test,held_out_pure_test
NASDAQ,GARCH,4,510d001324f1d615,p=2 q=2,"{""p"": 2, ""q"": 2}",level,2024-03-25,2024-03-26,16384.470703125,16315.7001953125,16315.7001953125,16369.353640856514,16315.7001953125,16369.353640856514,0.0172224170528352,53.653445544014176,0.32884549790531703,0.32884549790531703,pure_test,held_out_pure_test
NASDAQ,GARCH,4,510d001324f1d615,p=2 q=2,"{""p"": 2, ""q"": 2}",level,2024-03-26,2024-03-27,16315.7001953125,16399.51953125,16399.51953125,16301.323670571604,16399.51953125,16301.323670571604,0.0172224170528352,-98.19586067839555,-0.5987727902105855,0.5987727902105855,pure_test,held_out_pure_test
NASDAQ,GARCH,4,510d001324f1d615,p=2 q=2,"{""p"": 2, ""q"": 2}",level,2024-03-27,2024-03-28,16399.51953125,16379.4599609375,16379.4599609375,16380.515883313172,16379.4599609375,16380.515883313172,0.0172224170528352,1.0559223756717984,0.006446625091364498,0.006446625091364498,pure_test,held_out_pure_test
NASDAQ,GARCH,4,510d001324f1d615,p=2 q=2,"{""p"": 2, ""q"": 2}",level,2024-03-28,2024-04-01,16379.4599609375,16396.830078125,16396.830078125,16363.606329311488,16396.830078125,16363.606329311488,0.0172224170528352,-33.22374881351243,-0.20262299880655718,0.20262299880655718,pure_test,held_out_pure_test
NASDAQ,GARCH,4,510d001324f1d615,p=2 q=2,"{""p"": 2, ""q"": 2}",level,2024-04-01,2024-04-02,16396.830078125,16240.4501953125,16240.4501953125,16379.841431408917,16240.4501953125,16379.841431408917,0.0172224170528352,139.39123609641683,0.8582966261406317,0.8582966261406317,pure_test,held_out_pure_test
NASDAQ,GARCH,4,510d001324f1d615,p=2 q=2,"{""p"": 2, ""q"": 2}",level,2024-04-02,2024-04-03,16240.4501953125,16277.4599609375,16277.4599609375,16228.73033081373,16277.4599609375,16228.73033081373,0.0172224170528352,-48.72963012376931,-0.29936876048664984,0.29936876048664984,pure_test,held_out_pure_test
NASDAQ,GARCH,4,510d001324f1d615,p=2 q=2,"{""p"": 2, ""q"": 2}",level,2024-04-03,2024-04-04,16277.4599609375,16049.080078125,16049.080078125,16259.875762967076,16049.080078125,16259.875762967076,0.0172224170528352,210.7956848420763,1.3134440342745388,1.3134440342745388,pure_test,held_out_pure_test
NASDAQ,GARCH,4,510d001324f1d615,p=2 q=2,"{""p"": 2, ""q"": 2}",level,2024-04-04,2024-04-05,16049.080078125,16248.51953125,16248.51953125,16039.543536329233,16248.51953125,16039.543536329233,0.0172224170528352,-208.97599492076733,-1.2861232958415307,1.2861232958415307,pure_test,held_out_pure_test
NASDAQ,GARCH,4,510d001324f1d615,p=2 q=2,"{""p"": 2, ""q"": 2}",level,2024-04-05,2024-04-08,16248.51953125,16253.9599609375,16253.9599609375,16226.009827385684,16253.9599609375,16226.009827385684,0.0172224170528352,-27.95013355181618,-0.17195891720533107,0.17195891720533107,pure_test,held_out_pure_test
NASDAQ,GARCH,4,510d001324f1d615,p=2 q=2,"{""p"": 2, ""q"": 2}",level,2024-04-08,2024-04-09,16253.9599609375,16306.6396484375,16306.6396484375,16237.333069187507,16306.6396484375,16237.333069187507,0.0172224170528352,-69.30657924999286,-0.42502060966701877,0.42502060966701877,pure_test,held_out_pure_test
NASDAQ,GARCH,4,510d001324f1d615,p=2 q=2,"{""p"": 2, ""q"": 2}",level,2024-04-09,2024-04-10,16306.6396484375,16170.3603515625,16170.3603515625,16288.580276908966,16170.3603515625,16288.580276908966,0.0172224170528352,118.21992534646597,0.7310902340840084,0.7310902340840084,pure_test,held_out_pure_test
NASDAQ,GARCH,4,510d001324f1d615,p=2 q=2,"{""p"": 2, ""q"": 2}",level,2024-04-10,2024-04-11,16170.3603515625,16442.19921875,16442.19921875,16158.030958374551,16442.19921875,16158.030958374551,0.0172224170528352,-284.1682603754489,-1.7282862018323877,1.7282862018323877,pure_test,held_out_pure_test
NASDAQ,GARCH,4,510d001324f1d615,p=2 q=2,"{""p"": 2, ""q"": 2}",level,2024-04-11,2024-04-12,16442.19921875,16175.08984375,16175.08984375,16417.494080380035,16175.08984375,16417.494080380035,0.0172224170528352,242.40423663003457,1.498626832812918,1.498626832812918,pure_test,held_out_pure_test
NASDAQ,GARCH,4,510d001324f1d615,p=2 q=2,"{""p"": 2, ""q"": 2}",level,2024-04-12,2024-04-15,16175.08984375,15885.01953125,15885.01953125,16166.727732226022,15885.01953125,16166.727732226022,0.0172224170528352,281.70820097602154,1.7734205514939885,1.7734205514939885,pure_test,held_out_pure_test
NASDAQ,GARCH,4,510d001324f1d615,p=2 q=2,"{""p"": 2, ""q"": 2}",level,2024-04-15,2024-04-16,15885.01953125,15865.25,15865.25,15877.353685505548,15865.25,15877.353685505548,0.0172224170528352,12.103685505548128,0.07629054383352377,0.07629054383352377,pure_test,held_out_pure_test
NASDAQ,GARCH,4,510d001324f1d615,p=2 q=2,"{""p"": 2, ""q"": 2}",level,2024-04-16,2024-04-17,15865.25,15683.3701171875,15683.3701171875,15849.387573250791,15683.3701171875,15849.387573250791,0.0172224170528352,166.01745606329132,1.0585572796076004,1.0585572796076004,pure_test,held_out_pure_test
NASDAQ,GARCH,4,510d001324f1d615,p=2 q=2,"{""p"": 2, ""q"": 2}",level,2024-04-17,2024-04-18,15683.3701171875,15601.5,15601.5,15672.423512812711,15601.5,15672.423512812711,0.0172224170528352,70.92351281271112,0.45459419166561627,0.45459419166561627,pure_test,held_out_pure_test
NASDAQ,GARCH,4,510d001324f1d615,p=2 q=2,"{""p"": 2, ""q"": 2}",level,2024-04-18,2024-04-19,15601.5,15282.009765625,15282.009765625,15587.52070685006,15282.009765625,15587.52070685006,0.0172224170528352,305.5109412250604,1.999154207532766,1.999154207532766,pure_test,held_out_pure_test
NASDAQ,GARCH,4,510d001324f1d615,p=2 q=2,"{""p"": 2, ""q"": 2}",level,2024-04-19,2024-04-22,15282.009765625,15451.3095703125,15451.3095703125,15275.23604742708,15451.3095703125,15275.23604742708,0.0172224170528352,-176.07352288541915,-1.1395378630153101,1.1395378630153101,pure_test,held_out_pure_test
NASDAQ,GARCH,4,510d001324f1d615,p=2 q=2,"{""p"": 2, ""q"": 2}",level,2024-04-22,2024-04-23,15451.3095703125,15696.6396484375,15696.6396484375,15429.713818930046,15696.6396484375,15429.713818930046,0.0172224170528352,-266.9258295074542,-1.7005284919949406,1.7005284919949406,pure_test,held_out_pure_test
NASDAQ,GARCH,4,510d001324f1d615,p=2 q=2,"{""p"": 2, ""q"": 2}",level,2024-04-23,2024-04-24,15696.6396484375,15712.75,15712.75,15672.73836063683,15712.75,15672.73836063683,0.0172224170528352,-40.011639363170616,-0.254644408923776,0.254644408923776,pure_test,held_out_pure_test
NASDAQ,GARCH,4,510d001324f1d615,p=2 q=2,"{""p"": 2, ""q"": 2}",level,2024-04-24,2024-04-25,15712.75,15611.759765625,15611.759765625,15695.79955432405,15611.759765625,15695.79955432405,0.0172224170528352,84.0397886990504,0.5383107987870448,0.5383107987870448,pure_test,held_out_pure_test
NASDAQ,GARCH,4,510d001324f1d615,p=2 q=2,"{""p"": 2, ""q"": 2}",level,2024-04-25,2024-04-26,15611.759765625,15927.900390625,15927.900390625,15598.360269501996,15927.900390625,15598.360269501996,0.0172224170528352,-329.5401211230037,-2.0689489075218455,2.0689489075218455,pure_test,held_out_pure_test
NASDAQ,GARCH,4,510d001324f1d615,p=2 q=2,"{""p"": 2, ""q"": 2}",level,2024-04-26,2024-04-29,15927.900390625,15983.080078125,15983.080078125,15901.851849010383,15983.080078125,15901.851849010383,0.0172224170528352,-81.22822911461662,-0.5082138656477634,0.5082138656477634,pure_test,held_out_pure_test
NASDAQ,GARCH,4,510d001324f1d615,p=2 q=2,"{""p"": 2, ""q"": 2}",level,2024-04-29,2024-04-30,15983.080078125,15657.8203125,15657.8203125,15964.94489678039,15657.8203125,15964.94489678039,0.0172224170528352,307.1245842803892,1.961477256417386,1.961477256417386,pure_test,held_out_pure_test
NASDAQ,GARCH,4,510d001324f1d615,p=2 q=2,"{""p"": 2, ""q"": 2}",level,2024-04-30,2024-05-01,15657.8203125,15605.48046875,15605.48046875,15651.221549143243,15605.48046875,15651.221549143243,0.0172224170528352,45.741080393243465,0.2931090810362427,0.2931090810362427,pure_test,held_out_pure_test
NASDAQ,GARCH,4,510d001324f1d615,p=2 q=2,"{""p"": 2, ""q"": 2}",level,2024-05-01,2024-05-02,15605.48046875,15840.9599609375,15840.9599609375,15590.605701760864,15840.9599609375,15590.605701760864,0.0172224170528352,-250.35425917663633,-1.5804235336367827,1.5804235336367827,pure_test,held_out_pure_test
NASDAQ,GARCH,4,510d001324f1d615,p=2 q=2,"{""p"": 2, ""q"": 2}",level,2024-05-02,2024-05-03,15840.9599609375,16156.330078125,16156.330078125,15817.357381580096,16156.330078125,15817.357381580096,0.0172224170528352,-338.97269654490447,-2.0980797922905734,2.0980797922905734,pure_test,held_out_pure_test
NASDAQ,GARCH,4,510d001324f1d615,p=2 q=2,"{""p"": 2, ""q"": 2}",level,2024-05-03,2024-05-06,16156.330078125,16349.25,16349.25,16130.304901332604,16349.25,16130.304901332604,0.0172224170528352,-218.94509866739645,-1.3391751833716925,1.3391751833716925,pure_test,held_out_pure_test
NASDAQ,GARCH,4,510d001324f1d615,p=2 q=2,"{""p"": 2, ""q"": 2}",level,2024-05-06,2024-05-07,16349.25,16332.5595703125,16332.5595703125,16326.93799392167,16332.5595703125,16326.93799392167,0.0172224170528352,-5.621576390829432,-0.03441944519858176,0.03441944519858176,pure_test,held_out_pure_test
NASDAQ,GARCH,4,510d001324f1d615,p=2 q=2,"{""p"": 2, ""q"": 2}",level,2024-05-07,2024-05-08,16332.5595703125,16302.759765625,16302.759765625,16316.60377311404,16302.759765625,16316.60377311404,0.0172224170528352,13.84400748904045,0.08491818371899877,0.08491818371899877,pure_test,held_out_pure_test
NASDAQ,GARCH,4,510d001324f1d615,p=2 q=2,"{""p"": 2, ""q"": 2}",level,2024-05-08,2024-05-09,16302.759765625,16346.259765625,16346.259765625,16287.201496149592,16346.259765625,16287.201496149592,0.0172224170528352,-59.05826947540845,-0.3612953074415452,0.3612953074415452,pure_test,held_out_pure_test
NASDAQ,GARCH,4,510d001324f1d615,p=2 q=2,"{""p"": 2, ""q"": 2}",level,2024-05-09,2024-05-10,16346.259765625,16340.8701171875,16340.8701171875,16328.478758264871,16340.8701171875,16328.478758264871,0.0172224170528352,-12.39135892262857,-0.07583047190121905,0.07583047190121905,pure_test,held_out_pure_test
NASDAQ,GARCH,4,510d001324f1d615,p=2 q=2,"{""p"": 2, ""q"": 2}",level,2024-05-10,2024-05-13,16340.8701171875,16388.240234375,16388.240234375,16324.571635929808,16388.240234375,16324.571635929808,0.0172224170528352,-63.6685984451924,-0.3885017398734791,0.3885017398734791,pure_test,held_out_pure_test
NASDAQ,GARCH,4,510d001324f1d615,p=2 q=2,"{""p"": 2, ""q"": 2}",level,2024-05-13,2024-05-14,16388.240234375,16511.1796875,16511.1796875,16370.341869866,16511.1796875,16370.341869866,0.0172224170528352,-140.8378176339993,-0.8529845855933744,0.8529845855933744,pure_test,held_out_pure_test
NASDAQ,GARCH,4,510d001324f1d615,p=2 q=2,"{""p"": 2, ""q"": 2}",level,2024-05-14,2024-05-15,16511.1796875,16742.390625,16742.390625,16490.989764007623,16742.390625,16490.989764007623,0.0172224170528352,-251.4008609923767,-1.501582818268384,1.501582818268384,pure_test,held_out_pure_test
NASDAQ,GARCH,4,510d001324f1d615,p=2 q=2,"{""p"": 2, ""q"": 2}",level,2024-05-15,2024-05-16,16742.390625,16698.3203125,16698.3203125,16718.917484980906,16698.3203125,16718.917484980906,0.0172224170528352,20.59717248090601,0.12334876859133799,0.12334876859133799,pure_test,held_out_pure_test
NASDAQ,GARCH,4,510d001324f1d615,p=2 q=2,"{""p"": 2, ""q"": 2}",level,2024-05-16,2024-05-17,16698.3203125,16685.970703125,16685.970703125,16683.194780853624,16685.970703125,16683.194780853624,0.0172224170528352,-2.775922271375748,-0.016636264804515476,0.016636264804515476,pure_test,held_out_pure_test
NASDAQ,GARCH,4,510d001324f1d615,p=2 q=2,"{""p"": 2, ""q"": 2}",level,2024-05-17,2024-05-20,16685.970703125,16794.869140625,16794.869140625,16669.883275210737,16794.869140625,16669.883275210737,0.0172224170528352,-124.98586541426266,-0.7441907666427431,0.7441907666427431,pure_test,held_out_pure_test
NASDAQ,GARCH,4,510d001324f1d615,p=2 q=2,"{""p"": 2, ""q"": 2}",level,2024-05-20,2024-05-21,16794.869140625,16832.619140625,16832.619140625,16775.104995857448,16832.619140625,16775.104995857448,0.0172224170528352,-57.51414476755235,-0.3416826834080964,0.3416826834080964,pure_test,held_out_pure_test
NASDAQ,GARCH,4,510d001324f1d615,p=2 q=2,"{""p"": 2, ""q"": 2}",level,2024-05-21,2024-05-22,16832.619140625,16801.5390625,16801.5390625,16815.012495841846,16801.5390625,16815.012495841846,0.0172224170528352,13.47343334184552,0.08019166155984718,0.08019166155984718,pure_test,held_out_pure_test
NASDAQ,GARCH,4,510d001324f1d615,p=2 q=2,"{""p"": 2, ""q"": 2}",level,2024-05-22,2024-05-23,16801.5390625,16736.029296875,16736.029296875,16786.01961594212,16736.029296875,16786.01961594212,0.0172224170528352,49.99031906712116,0.2986988023285517,0.2986988023285517,pure_test,held_out_pure_test
NASDAQ,GARCH,4,510d001324f1d615,p=2 q=2,"{""p"": 2, ""q"": 2}",level,2024-05-23,2024-05-24,16736.029296875,16920.7890625,16920.7890625,16721.553893627897,16920.7890625,16721.553893627897,0.0172224170528352,-199.2351688721028,-1.1774579077618166,1.1774579077618166,pure_test,held_out_pure_test
NASDAQ,GARCH,4,510d001324f1d615,p=2 q=2,"{""p"": 2, ""q"": 2}",level,2024-05-24,2024-05-28,16920.7890625,17019.880859375,17019.880859375,16898.72450439946,17019.880859375,16898.72450439946,0.0172224170528352,-121.15635497554103,-0.7118519569941931,0.7118519569941931,pure_test,held_out_pure_test
NASDAQ,GARCH,4,510d001324f1d615,p=2 q=2,"{""p"": 2, ""q"": 2}",level,2024-05-28,2024-05-29,17019.880859375,16920.580078125,16920.580078125,17000.41409045629,16920.580078125,17000.41409045629,0.0172224170528352,79.83401233128825,0.47181604863829707,0.47181604863829707,pure_test,held_out_pure_test
NASDAQ,GARCH,4,510d001324f1d615,p=2 q=2,"{""p"": 2, ""q"": 2}",level,2024-05-29,2024-05-30,16920.580078125,16737.080078125,16737.080078125,16907.129351149728,16737.080078125,16907.129351149728,0.0172224170528352,170.04927302472788,1.016003222969451,1.016003222969451,pure_test,held_out_pure_test
NASDAQ,GARCH,4,510d001324f1d615,p=2 q=2,"{""p"": 2, ""q"": 2}",level,2024-05-30,2024-05-31,16737.080078125,16735.01953125,16735.01953125,16726.182602064615,16735.01953125,16726.182602064615,0.0172224170528352,-8.836929185385088,-0.05280501267945055,0.05280501267945055,pure_test,held_out_pure_test
NASDAQ,GARCH,4,510d001324f1d615,p=2 q=2,"{""p"": 2, ""q"": 2}",level,2024-05-31,2024-06-03,16735.01953125,16828.669921875,16828.669921875,16718.620098561445,16828.669921875,16718.620098561445,0.0172224170528352,-110.04982331355495,-0.6539424911442646,0.6539424911442646,pure_test,held_out_pure_test
NASDAQ,GARCH,4,510d001324f1d615,p=2 q=2,"{""p"": 2, ""q"": 2}",level,2024-06-03,2024-06-04,16828.669921875,16857.05078125,16857.05078125,16809.368157759094,16857.05078125,16809.368157759094,0.0172224170528352,-47.682623490905826,-0.28286456575157815,0.28286456575157815,pure_test,held_out_pure_test
NASDAQ,GARCH,4,510d001324f1d615,p=2 q=2,"{""p"": 2, ""q"": 2}",level,2024-06-04,2024-06-05,16857.05078125,17187.900390625,17187.900390625,16839.72824559788,17187.900390625,16839.72824559788,0.0172224170528352,-348.1721450271216,-2.025681654619253,2.025681654619253,pure_test,held_out_pure_test
NASDAQ,GARCH,4,510d001324f1d615,p=2 q=2,"{""p"": 2, ""q"": 2}",level,2024-06-05,2024-06-06,17187.900390625,17173.119140625,17173.119140625,17161.405814850328,17173.119140625,17161.405814850328,0.0172224170528352,-11.71332577467183,-0.06820732843437045,0.06820732843437045,pure_test,held_out_pure_test
NASDAQ,GARCH,4,510d001324f1d615,p=2 q=2,"{""p"": 2, ""q"": 2}",level,2024-06-06,2024-06-07,17173.119140625,17133.130859375,17133.130859375,17157.105449602153,17133.130859375,17157.105449602153,0.0172224170528352,23.974590227153385,0.1399311685875255,0.1399311685875255,pure_test,held_out_pure_test
NASDAQ,GARCH,4,510d001324f1d615,p=2 q=2,"{""p"": 2, ""q"": 2}",level,2024-06-07,2024-06-10,17133.130859375,17192.529296875,17192.529296875,17117.88154451331,17192.529296875,17117.88154451331,0.0172224170528352,-74.64775236168862,-0.434187146479122,0.434187146479122,pure_test,held_out_pure_test
NASDAQ,GARCH,4,510d001324f1d615,p=2 q=2,"{""p"": 2, ""q"": 2}",level,2024-06-10,2024-06-11,17192.529296875,17343.55078125,17343.55078125,17174.26618646576,17343.55078125,17174.26618646576,0.0172224170528352,-169.28459478423974,-0.976066532853539,0.976066532853539,pure_test,held_out_pure_test
NASDAQ,GARCH,4,510d001324f1d615,p=2 q=2,"{""p"": 2, ""q"": 2}",level,2024-06-11,2024-06-12,17343.55078125,17608.439453125,17608.439453125,17322.50930030798,17608.439453125,17322.50930030798,0.0172224170528352,-285.93015281702174,-1.623824493807015,1.623824493807015,pure_test,held_out_pure_test
NASDAQ,GARCH,4,510d001324f1d615,p=2 q=2,"{""p"": 2, ""q"": 2}",level,2024-06-12,2024-06-13,17608.439453125,17667.560546875,17667.560546875,17583.94507196637,17667.560546875,17583.94507196637,0.0172224170528352,-83.61547490863086,-0.4732711948929508,0.4732711948929508,pure_test,held_out_pure_test
NASDAQ,GARCH,4,510d001324f1d615,p=2 q=2,"{""p"": 2, ""q"": 2}",level,2024-06-13,2024-06-14,17667.560546875,17688.880859375,17688.880859375,17649.30584661723,17688.880859375,17649.30584661723,0.0172224170528352,-39.57501275777031,-0.2237281887553434,0.2237281887553434,pure_test,held_out_pure_test
NASDAQ,GARCH,4,510d001324f1d615,p=2 q=2,"{""p"": 2, ""q"": 2}",level,2024-06-14,2024-06-17,17688.880859375,17857.01953125,17857.01953125,17671.772427226875,17857.01953125,17671.772427226875,0.0172224170528352,-185.24710402312485,-1.037390947010727,1.037390947010727,pure_test,held_out_pure_test
NASDAQ,GARCH,4,510d001324f1d615,p=2 q=2,"{""p"": 2, ""q"": 2}",level,2024-06-17,2024-06-18,17857.01953125,17862.23046875,17862.23046875,17835.45898997353,17862.23046875,17835.45898997353,0.0172224170528352,-26.771478776470758,-0.14987758008893404,0.14987758008893404,pure_test,held_out_pure_test
NASDAQ,GARCH,4,510d001324f1d615,p=2 q=2,"{""p"": 2, ""q"": 2}",level,2024-06-18,2024-06-20,17862.23046875,17721.58984375,17721.58984375,17845.610536104217,17721.58984375,17845.610536104217,0.0172224170528352,124.02069235421732,0.6998282515716646,0.6998282515716646,pure_test,held_out_pure_test
NASDAQ,GARCH,4,510d001324f1d615,p=2 q=2,"{""p"": 2, ""q"": 2}",level,2024-06-20,2024-06-21,17721.58984375,17689.359375,17689.359375,17709.392703155252,17689.359375,17709.392703155252,0.0172224170528352,20.033328155252093,0.11325072734722533,0.11325072734722533,pure_test,held_out_pure_test
NASDAQ,GARCH,4,510d001324f1d615,p=2 q=2,"{""p"": 2, ""q"": 2}",level,2024-06-21,2024-06-24,17689.359375,17496.8203125,17496.8203125,17673.8748128028,17496.8203125,17673.8748128028,0.0172224170528352,177.05450030279826,1.0119238646824749,1.0119238646824749,pure_test,held_out_pure_test
NASDAQ,GARCH,4,510d001324f1d615,p=2 q=2,"{""p"": 2, ""q"": 2}",level,2024-06-24,2024-06-25,17496.8203125,17717.650390625,17717.650390625,17486.196936305867,17717.650390625,17486.196936305867,0.0172224170528352,-231.45345431913302,-1.3063439520265212,1.3063439520265212,pure_test,held_out_pure_test
NASDAQ,GARCH,4,510d001324f1d615,p=2 q=2,"{""p"": 2, ""q"": 2}",level,2024-06-25,2024-06-26,17717.650390625,17805.16015625,17805.16015625,17694.49203902188,17805.16015625,17694.49203902188,0.0172224170528352,-110.66811722812054,-0.6215508103097495,0.6215508103097495,pure_test,held_out_pure_test
NASDAQ,GARCH,4,510d001324f1d615,p=2 q=2,"{""p"": 2, ""q"": 2}",level,2024-06-26,2024-06-27,17805.16015625,17858.6796875,17858.6796875,17786.04459999483,17858.6796875,17786.04459999483,0.0172224170528352,-72.63508750516849,-0.4067214865610064,0.4067214865610064,pure_test,held_out_pure_test
NASDAQ,GARCH,4,510d001324f1d615,p=2 q=2,"{""p"": 2, ""q"": 2}",level,2024-06-27,2024-06-28,17858.6796875,17732.599609375,17732.599609375,17840.594848611378,17732.599609375,17840.594848611378,0.0172224170528352,107.99523923637753,0.6090209084700803,0.6090209084700803,pure_test,held_out_pure_test
NASDAQ,GARCH,4,510d001324f1d615,p=2 q=2,"{""p"": 2, ""q"": 2}",level,2024-06-28,2024-07-01,17732.599609375,17879.30078125,17879.30078125,17719.960935828025,17879.30078125,17719.960935828025,0.0172224170528352,-159.33984542197504,-0.8911972977661102,0.8911972977661102,pure_test,held_out_pure_test
NASDAQ,GARCH,4,510d001324f1d615,p=2 q=2,"{""p"": 2, ""q"": 2}",level,2024-07-01,2024-07-02,17879.30078125,18028.759765625,18028.759765625,17858.390309146384,18028.759765625,17858.390309146384,0.0172224170528352,-170.36945647861648,-0.9449871133313108,0.9449871133313108,pure_test,held_out_pure_test
NASDAQ,GARCH,4,510d001324f1d615,p=2 q=2,"{""p"": 2, ""q"": 2}",level,2024-07-02,2024-07-03,18028.759765625,18188.30078125,18188.30078125,18007.765665818024,18188.30078125,18007.765665818024,0.0172224170528352,-180.535115431976,-0.99258923416357,0.99258923416357,pure_test,held_out_pure_test
NASDAQ,GARCH,4,510d001324f1d615,p=2 q=2,"{""p"": 2, ""q"": 2}",level,2024-07-03,2024-07-05,18188.30078125,18352.759765625,18352.759765625,18167.00095466913,18352.759765625,18167.00095466913,0.0172224170528352,-185.758810955871,-1.0121573721234018,1.0121573721234018,pure_test,held_out_pure_test
NASDAQ,GARCH,4,510d001324f1d615,p=2 q=2,"{""p"": 2, ""q"": 2}",level,2024-07-05,2024-07-08,18352.759765625,18403.740234375,18403.740234375,18331.310806921567,18403.740234375,18331.310806921567,0.0172224170528352,-72.42942745343316,-0.3935581926881772,0.3935581926881772,pure_test,held_out_pure_test
NASDAQ,GARCH,4,510d001324f1d615,p=2 q=2,"{""p"": 2, ""q"": 2}",level,2024-07-08,2024-07-09,18403.740234375,18429.2890625,18429.2890625,18385.73238983083,18429.2890625,18385.73238983083,0.0172224170528352,-43.55667266916862,-0.23634483414662985,0.23634483414662985,pure_test,held_out_pure_test
NASDAQ,GARCH,4,510d001324f1d615,p=2 q=2,"{""p"": 2, ""q"": 2}",level,2024-07-09,2024-07-10,18429.2890625,18647.44921875,18647.44921875,18412.05240515515,18647.44921875,18412.05240515515,0.0172224170528352,-235.39681359484894,-1.2623539596941633,1.2623539596941633,pure_test,held_out_pure_test
NASDAQ,GARCH,4,510d001324f1d615,p=2 q=2,"{""p"": 2, ""q"": 2}",level,2024-07-10,2024-07-11,18647.44921875,18283.41015625,18283.41015625,18624.37182966139,18283.41015625,18624.37182966139,0.0172224170528352,340.96167341139153,1.8648691381833777,1.8648691381833777,pure_test,held_out_pure_test
NASDAQ,GARCH,4,510d001324f1d615,p=2 q=2,"{""p"": 2, ""q"": 2}",level,2024-07-11,2024-07-12,18283.41015625,18398.44921875,18398.44921875,18277.987333438712,18398.44921875,18277.987333438712,0.0172224170528352,-120.46188531128792,-0.6547393417730245,0.6547393417730245,pure_test,held_out_pure_test
NASDAQ,GARCH,4,510d001324f1d615,p=2 q=2,"{""p"": 2, ""q"": 2}",level,2024-07-12,2024-07-15,18398.44921875,18472.5703125,18472.5703125,18378.498866121707,18472.5703125,18378.498866121707,0.0172224170528352,-94.07144637829333,-0.5092493615500663,0.5092493615500663,pure_test,held_out_pure_test
NASDAQ,GARCH,4,510d001324f1d615,p=2 q=2,"{""p"": 2, ""q"": 2}",level,2024-07-15,2024-07-16,18472.5703125,18509.33984375,18509.33984375,18453.860753345773,18509.33984375,18453.860753345773,0.0172224170528352,-55.47909040422746,-0.2997356516902516,0.2997356516902516,pure_test,held_out_pure_test
NASDAQ,GARCH,4,510d001324f1d615,p=2 q=2,"{""p"": 2, ""q"": 2}",level,2024-07-16,2024-07-17,18509.33984375,17996.919921875,17996.919921875,18491.76293062909,17996.919921875,18491.76293062909,0.0172224170528352,494.843008754091,2.749598325170166,2.749598325170166,pure_test,held_out_pure_test
NASDAQ,GARCH,4,510d001324f1d615,p=2 q=2,"{""p"": 2, ""q"": 2}",level,2024-07-17,2024-07-18,17996.919921875,17871.220703125,17871.220703125,17995.996589327104,17871.220703125,17995.996589327104,0.0172224170528352,124.77588620210372,0.6981945345249143,0.6981945345249143,pure_test,held_out_pure_test
NASDAQ,GARCH,4,510d001324f1d615,p=2 q=2,"{""p"": 2, ""q"": 2}",level,2024-07-18,2024-07-19,17871.220703125,17726.939453125,17726.939453125,17858.57048042636,17726.939453125,17858.57048042636,0.0172224170528352,131.6310273013587,0.74254796012266,0.74254796012266,pure_test,held_out_pure_test
NASDAQ,GARCH,4,510d001324f1d615,p=2 q=2,"{""p"": 2, ""q"": 2}",level,2024-07-19,2024-07-22,17726.939453125,18007.5703125,18007.5703125,17714.852710574913,18007.5703125,17714.852710574913,0.0172224170528352,-292.71760192508737,-1.6255252476892827,1.6255252476892827,pure_test,held_out_pure_test
NASDAQ,GARCH,4,510d001324f1d615,p=2 q=2,"{""p"": 2, ""q"": 2}",level,2024-07-22,2024-07-23,18007.5703125,17997.349609375,17997.349609375,17982.598566405763,17997.349609375,17982.598566405763,0.0172224170528352,-14.75104296923746,-0.08196230716968177,0.08196230716968177,pure_test,held_out_pure_test
NASDAQ,GARCH,4,510d001324f1d615,p=2 q=2,"{""p"": 2, ""q"": 2}",level,2024-07-23,2024-07-24,17997.349609375,17342.41015625,17342.41015625,17981.197624664233,17342.41015625,17981.197624664233,0.0172224170528352,638.7874684142334,3.683383466651675,3.683383466651675,pure_test,held_out_pure_test
NASDAQ,GARCH,4,510d001324f1d615,p=2 q=2,"{""p"": 2, ""q"": 2}",level,2024-07-24,2024-07-25,17342.41015625,17181.720703125,17181.720703125,17345.80857548265,17181.720703125,17345.80857548265,0.0172224170528352,164.08787235764976,0.9550141990598506,0.9550141990598506,pure_test,held_out_pure_test
NASDAQ,GARCH,4,510d001324f1d615,p=2 q=2,"{""p"": 2, ""q"": 2}",level,2024-07-25,2024-07-26,17181.720703125,17357.880859375,17357.880859375,17170.131521719333,17357.880859375,17170.131521719333,0.0172224170528352,-187.74933765566675,-1.0816374370622739,1.0816374370622739,pure_test,held_out_pure_test
NASDAQ,GARCH,4,510d001324f1d615,p=2 q=2,"{""p"": 2, ""q"": 2}",level,2024-07-26,2024-07-29,17357.880859375,17370.19921875,17370.19921875,17336.077075196477,17370.19921875,17336.077075196477,0.0172224170528352,-34.12214355352262,-0.19644071506497165,0.19644071506497165,pure_test,held_out_pure_test
NASDAQ,GARCH,4,510d001324f1d615,p=2 q=2,"{""p"": 2, ""q"": 2}",level,2024-07-29,2024-07-30,17370.19921875,17147.419921875,17147.419921875,17353.36376116617,17147.419921875,17353.36376116617,0.0172224170528352,205.94383929116884,1.2010193966757987,1.2010193966757987,pure_test,held_out_pure_test
NASDAQ,GARCH,4,510d001324f1d615,p=2 q=2,"{""p"": 2, ""q"": 2}",level,2024-07-30,2024-07-31,17147.419921875,17599.400390625,17599.400390625,17137.713548323296,17599.400390625,17137.713548323296,0.0172224170528352,-461.686842301704,-2.623310067697757,2.623310067697757,pure_test,held_out_pure_test
NASDAQ,GARCH,4,510d001324f1d615,p=2 q=2,"{""p"": 2, ""q"": 2}",level,2024-07-31,2024-08-01,17599.400390625,17194.150390625,17194.150390625,17569.232651582166,17194.150390625,17569.232651582166,0.0172224170528352,375.082260957166,2.1814527175572294,2.1814527175572294,pure_test,held_out_pure_test
NASDAQ,GARCH,4,510d001324f1d615,p=2 q=2,"{""p"": 2, ""q"": 2}",level,2024-08-01,2024-08-02,17194.150390625,16776.16015625,16776.16015625,17189.977245250597,16776.16015625,17189.977245250597,0.0172224170528352,413.81708900059675,2.466697296320387,2.466697296320387,pure_test,held_out_pure_test
NASDAQ,GARCH,4,510d001324f1d615,p=2 q=2,"{""p"": 2, ""q"": 2}",level,2024-08-02,2024-08-05,16776.16015625,16200.080078125,16200.080078125,16772.37334480549,16200.080078125,16772.37334480549,0.0172224170528352,572.2932666804918,3.532657023425832,3.532657023425832,pure_test,held_out_pure_test
NASDAQ,GARCH,4,510d001324f1d615,p=2 q=2,"{""p"": 2, ""q"": 2}",level,2024-08-05,2024-08-06,16200.080078125,16366.849609375,16366.849609375,16201.087171471789,16366.849609375,16201.087171471789,0.0172224170528352,-165.76243790321132,-1.0127937988032951,1.0127937988032951,pure_test,held_out_pure_test
NASDAQ,GARCH,4,510d001324f1d615,p=2 q=2,"{""p"": 2, ""q"": 2}",level,2024-08-06,2024-08-07,16366.849609375,16195.8095703125,16195.8095703125,16345.330585818114,16195.8095703125,16345.330585818114,0.0172224170528352,149.52101550561383,0.9232080363533739,0.9232080363533739,pure_test,held_out_pure_test
NASDAQ,GARCH,4,510d001324f1d615,p=2 q=2,"{""p"": 2, ""q"": 2}",level,2024-08-07,2024-08-08,16195.8095703125,16660.01953125,16660.01953125,16184.534259313315,16660.01953125,16184.534259313315,0.0172224170528352,-475.4852719366845,-2.8540499069931697,2.8540499069931697,pure_test,held_out_pure_test
NASDAQ,GARCH,4,510d001324f1d615,p=2 q=2,"{""p"": 2, ""q"": 2}",level,2024-08-08,2024-08-09,16660.01953125,16745.30078125,16745.30078125,16629.48094598579,16745.30078125,16629.48094598579,0.0172224170528352,-115.81983526421027,-0.691655747347911,0.691655747347911,pure_test,held_out_pure_test
NASDAQ,GARCH,4,510d001324f1d615,p=2 q=2,"{""p"": 2, ""q"": 2}",level,2024-08-09,2024-08-12,16745.30078125,16780.609375,16780.609375,16726.252802338695,16780.609375,16726.252802338695,0.0172224170528352,-54.35657266130511,-0.3239249031223284,0.3239249031223284,pure_test,held_out_pure_test
NASDAQ,GARCH,4,510d001324f1d615,p=2 q=2,"{""p"": 2, ""q"": 2}",level,2024-08-12,2024-08-13,16780.609375,17187.609375,17187.609375,16763.07676324036,17187.609375,16763.07676324036,0.0172224170528352,-424.53261175964144,-2.469992204832974,2.469992204832974,pure_test,held_out_pure_test
NASDAQ,GARCH,4,510d001324f1d615,p=2 q=2,"{""p"": 2, ""q"": 2}",level,2024-08-13,2024-08-14,17187.609375,17192.599609375,17192.599609375,17158.805620382354,17192.599609375,17158.805620382354,0.0172224170528352,-33.79398899264561,-0.19656125170400637,0.19656125170400637,pure_test,held_out_pure_test
NASDAQ,GARCH,4,510d001324f1d615,p=2 q=2,"{""p"": 2, ""q"": 2}",level,2024-08-14,2024-08-15,17192.599609375,17594.5,17594.5,17175.98636931454,17594.5,17175.98636931454,0.0172224170528352,-418.51363068545834,-2.37866168794486,2.37866168794486,pure_test,held_out_pure_test
NASDAQ,GARCH,4,510d001324f1d615,p=2 q=2,"{""p"": 2, ""q"": 2}",level,2024-08-15,2024-08-16,17594.5,17631.720703125,17631.720703125,17565.850885561867,17631.720703125,17565.850885561867,0.0172224170528352,-65.86981756313253,-0.37358700646533005,0.37358700646533005,pure_test,held_out_pure_test
NASDAQ,GARCH,4,510d001324f1d615,p=2 q=2,"{""p"": 2, ""q"": 2}",level,2024-08-16,2024-08-19,17631.720703125,17876.76953125,17876.76953125,17614.130108701345,17876.76953125,17614.130108701345,0.0172224170528352,-262.6394225486547,-1.4691660150875712,1.4691660150875712,pure_test,held_out_pure_test
NASDAQ,GARCH,4,510d001324f1d615,p=2 q=2,"{""p"": 2, ""q"": 2}",level,2024-08-19,2024-08-20,17876.76953125,17816.939453125,17816.939453125,17852.876772053638,17816.939453125,17852.876772053638,0.0172224170528352,35.93731892863798,0.2017030984652909,0.2017030984652909,pure_test,held_out_pure_test
NASDAQ,GARCH,4,510d001324f1d615,p=2 q=2,"{""p"": 2, ""q"": 2}",level,2024-08-20,2024-08-21,17816.939453125,17918.990234375,17918.990234375,17802.291819452,17918.990234375,17802.291819452,0.0172224170528352,-116.69841492300111,-0.6512555305662928,0.6512555305662928,pure_test,held_out_pure_test
NASDAQ,GARCH,4,510d001324f1d615,p=2 q=2,"{""p"": 2, ""q"": 2}",level,2024-08-21,2024-08-22,17918.990234375,17619.349609375,17619.349609375,17899.433737431795,17619.349609375,17899.433737431795,0.0172224170528352,280.0841280567947,1.5896394263484392,1.5896394263484392,pure_test,held_out_pure_test
NASDAQ,GARCH,4,510d001324f1d615,p=2 q=2,"{""p"": 2, ""q"": 2}",level,2024-08-22,2024-08-23,17619.349609375,17877.7890625,17877.7890625,17611.973973082717,17877.7890625,17611.973973082717,0.0172224170528352,-265.81508941728316,-1.4868454286377626,1.4868454286377626,pure_test,held_out_pure_test
NASDAQ,GARCH,4,510d001324f1d615,p=2 q=2,"{""p"": 2, ""q"": 2}",level,2024-08-23,2024-08-26,17877.7890625,17725.76953125,17725.76953125,17853.49024697628,17725.76953125,17853.49024697628,0.0172224170528352,127.72071572627829,0.7205369307160995,0.7205369307160995,pure_test,held_out_pure_test
NASDAQ,GARCH,4,510d001324f1d615,p=2 q=2,"{""p"": 2, ""q"": 2}",level,2024-08-26,2024-08-27,17725.76953125,17754.8203125,17754.8203125,17713.91744377124,17754.8203125,17713.91744377124,0.0172224170528352,-40.90286872876095,-0.2303761345304291,0.2303761345304291,pure_test,held_out_pure_test
NASDAQ,GARCH,4,510d001324f1d615,p=2 q=2,"{""p"": 2, ""q"": 2}",level,2024-08-27,2024-08-28,17754.8203125,17556.029296875,17556.029296875,17737.477462186227,17556.029296875,17737.477462186227,0.0172224170528352,181.44816531122706,1.0335376083219747,1.0335376083219747,pure_test,held_out_pure_test
NASDAQ,GARCH,4,510d001324f1d615,p=2 q=2,"{""p"": 2, ""q"": 2}",level,2024-08-28,2024-08-29,17556.029296875,17516.4296875,17516.4296875,17545.595504447476,17516.4296875,17545.595504447476,0.0172224170528352,29.165816947475832,0.1665054892338535,0.1665054892338535,pure_test,held_out_pure_test
NASDAQ,GARCH,4,510d001324f1d615,p=2 q=2,"{""p"": 2, ""q"": 2}",level,2024-08-29,2024-08-30,17516.4296875,17713.619140625,17713.619140625,17501.16858658097,17713.619140625,17501.16858658097,0.0172224170528352,-212.45055404402956,-1.1993627748086129,1.1993627748086129,pure_test,held_out_pure_test
NASDAQ,GARCH,4,510d001324f1d615,p=2 q=2,"{""p"": 2, ""q"": 2}",level,2024-08-30,2024-09-03,17713.619140625,17136.30078125,17136.30078125,17691.17766559515,17136.30078125,17691.17766559515,0.0172224170528352,554.8768843451508,3.238020220515034,3.238020220515034,pure_test,held_out_pure_test
NASDAQ,GARCH,4,510d001324f1d615,p=2 q=2,"{""p"": 2, ""q"": 2}",level,2024-09-03,2024-09-04,17136.30078125,17084.30078125,17084.30078125,17137.345424146315,17084.30078125,17137.345424146315,0.0172224170528352,53.044642896315054,0.31048764345410895,0.31048764345410895,pure_test,held_out_pure_test
NASDAQ,GARCH,4,510d001324f1d615,p=2 q=2,"{""p"": 2, ""q"": 2}",level,2024-09-04,2024-09-05,17084.30078125,17127.66015625,17127.66015625,17069.41570886399,17127.66015625,17069.41570886399,0.0172224170528352,-58.24444738600869,-0.3400607371623665,0.3400607371623665,pure_test,held_out_pure_test
NASDAQ,GARCH,4,510d001324f1d615,p=2 q=2,"{""p"": 2, ""q"": 2}",level,2024-09-05,2024-09-06,17127.66015625,16690.830078125,16690.830078125,17109.883413192027,16690.830078125,17109.883413192027,0.0172224170528352,419.05333506702664,2.5106800147479658,2.5106800147479658,pure_test,held_out_pure_test
NASDAQ,GARCH,4,510d001324f1d615,p=2 q=2,"{""p"": 2, ""q"": 2}",level,2024-09-06,2024-09-09,16690.830078125,16884.599609375,16884.599609375,16687.61456471633,16884.599609375,16687.61456471633,0.0172224170528352,-196.98504465867154,-1.166655113037431,1.166655113037431,pure_test,held_out_pure_test
NASDAQ,GARCH,4,510d001324f1d615,p=2 q=2,"{""p"": 2, ""q"": 2}",level,2024-09-09,2024-09-10,16884.599609375,17025.880859375,17025.880859375,16862.261839804487,17025.880859375,16862.261839804487,0.0172224170528352,-163.61901957051305,-0.9610017885237293,0.9610017885237293,pure_test,held_out_pure_test
NASDAQ,GARCH,4,510d001324f1d615,p=2 q=2,"{""p"": 2, ""q"": 2}",level,2024-09-10,2024-09-11,17025.880859375,17395.529296875,17395.529296875,17005.13474058358,17395.529296875,17005.13474058358,0.0172224170528352,-390.3945562914196,-2.2442234992041983,2.2442234992041983,pure_test,held_out_pure_test
NASDAQ,GARCH,4,510d001324f1d615,p=2 q=2,"{""p"": 2, ""q"": 2}",level,2024-09-11,2024-09-12,17395.529296875,17569.6796875,17569.6796875,17367.858188290673,17569.6796875,17367.858188290673,0.0172224170528352,-201.82149920932716,-1.1486919670647933,1.1486919670647933,pure_test,held_out_pure_test
NASDAQ,GARCH,4,510d001324f1d615,p=2 q=2,"{""p"": 2, ""q"": 2}",level,2024-09-12,2024-09-13,17569.6796875,17683.98046875,17683.98046875,17547.93684730643,17683.98046875,17547.93684730643,0.0172224170528352,-136.04362144356855,-0.7693042959642268,0.7693042959642268,pure_test,held_out_pure_test
NASDAQ,GARCH,4,510d001324f1d615,p=2 q=2,"{""p"": 2, ""q"": 2}",level,2024-09-13,2024-09-16,17683.98046875,17592.130859375,17592.130859375,17664.05250370802,17592.130859375,17664.05250370802,0.0172224170528352,71.92164433301878,0.40882849785471614,0.40882849785471614,pure_test,held_out_pure_test
NASDAQ,GARCH,4,510d001324f1d615,p=2 q=2,"{""p"": 2, ""q"": 2}",level,2024-09-16,2024-09-17,17592.130859375,17628.060546875,17628.060546875,17578.454183611968,17628.060546875,17578.454183611968,0.0172224170528352,-49.60636326303211,-0.28140567778924513,0.28140567778924513,pure_test,held_out_pure_test
NASDAQ,GARCH,4,510d001324f1d615,p=2 q=2,"{""p"": 2, ""q"": 2}",level,2024-09-17,2024-09-18,17628.060546875,17573.30078125,17573.30078125,17610.509101114178,17573.30078125,17610.509101114178,0.0172224170528352,37.20831986417761,0.21173210614978707,0.21173210614978707,pure_test,held_out_pure_test
NASDAQ,GARCH,4,510d001324f1d615,p=2 q=2,"{""p"": 2, ""q"": 2}",level,2024-09-18,2024-09-19,17573.30078125,18013.98046875,18013.98046875,17558.49939579377,18013.98046875,17558.49939579377,0.0172224170528352,-455.4810729562305,-2.528486548247249,2.528486548247249,pure_test,held_out_pure_test
NASDAQ,GARCH,4,510d001324f1d615,p=2 q=2,"{""p"": 2, ""q"": 2}",level,2024-09-19,2024-09-20,18013.98046875,17948.3203125,17948.3203125,17984.1554137664,17948.3203125,17984.1554137664,0.0172224170528352,35.83510126639885,0.1996571302632799,0.1996571302632799,pure_test,held_out_pure_test
NASDAQ,GARCH,4,510d001324f1d615,p=2 q=2,"{""p"": 2, ""q"": 2}",level,2024-09-20,2024-09-23,17948.3203125,17974.26953125,17974.26953125,17933.849469687146,17974.26953125,17933.849469687146,0.0172224170528352,-40.420061562854244,-0.22487735311067897,0.22487735311067897,pure_test,held_out_pure_test
NASDAQ,GARCH,4,510d001324f1d615,p=2 q=2,"{""p"": 2, ""q"": 2}",level,2024-09-23,2024-09-24,17974.26953125,18074.51953125,18074.51953125,17957.020732489294,18074.51953125,17957.020732489294,0.0172224170528352,-117.49879876070554,-0.650079790821303,0.650079790821303,pure_test,held_out_pure_test
NASDAQ,GARCH,4,510d001324f1d615,p=2 q=2,"{""p"": 2, ""q"": 2}",level,2024-09-24,2024-09-25,18074.51953125,18082.2109375,18082.2109375,18055.017641064936,18082.2109375,18055.017641064936,0.0172224170528352,-27.19329643506353,-0.15038701035540075,0.15038701035540075,pure_test,held_out_pure_test
NASDAQ,GARCH,4,510d001324f1d615,p=2 q=2,"{""p"": 2, ""q"": 2}",level,2024-09-25,2024-09-26,18082.2109375,18190.2890625,18190.2890625,18065.515787302327,18190.2890625,18065.515787302327,0.0172224170528352,-124.77327519767277,-0.6859334382700812,0.6859334382700812,pure_test,held_out_pure_test
NASDAQ,GARCH,4,510d001324f1d615,p=2 q=2,"{""p"": 2, ""q"": 2}",level,2024-09-26,2024-09-27,18190.2890625,18119.58984375,18119.58984375,18170.549792828348,18119.58984375,18170.549792828348,0.0172224170528352,50.95994907834756,0.2812422881411149,0.2812422881411149,pure_test,held_out_pure_test
NASDAQ,GARCH,4,510d001324f1d615,p=2 q=2,"{""p"": 2, ""q"": 2}",level,2024-09-27,2024-09-30,18119.58984375,18189.169921875,18189.169921875,18105.271805097676,18189.169921875,18105.271805097676,0.0172224170528352,-83.8981167773236,-0.4612531365514623,0.4612531365514623,pure_test,held_out_pure_test
NASDAQ,GARCH,4,510d001324f1d615,p=2 q=2,"{""p"": 2, ""q"": 2}",level,2024-09-30,2024-10-01,18189.169921875,17910.359375,17910.359375,18170.598064144506,17910.359375,18170.598064144506,0.0172224170528352,260.23868914450577,1.4530065181593028,1.4530065181593028,pure_test,held_out_pure_test
NASDAQ,GARCH,4,510d001324f1d615,p=2 q=2,"{""p"": 2, ""q"": 2}",level,2024-10-01,2024-10-02,17910.359375,17925.119140625,17925.119140625,17902.35208895111,17925.119140625,17902.35208895111,0.0172224170528352,-22.76705167389082,-0.1270119963793836,0.1270119963793836,pure_test,held_out_pure_test
NASDAQ,GARCH,4,510d001324f1d615,p=2 q=2,"{""p"": 2, ""q"": 2}",level,2024-10-02,2024-10-03,17925.119140625,17918.48046875,17918.48046875,17908.209650017656,17918.48046875,17908.209650017656,0.0172224170528352,-10.270818732344196,-0.057319697115258195,0.057319697115258195,pure_test,held_out_pure_test
NASDAQ,GARCH,4,510d001324f1d615,p=2 q=2,"{""p"": 2, ""q"": 2}",level,2024-10-03,2024-10-04,17918.48046875,18137.849609375,18137.849609375,17902.219862787137,18137.849609375,17902.219862787137,0.0172224170528352,-235.62974658786334,-1.2991051952822028,1.2991051952822028,pure_test,held_out_pure_test
NASDAQ,GARCH,4,510d001324f1d615,p=2 q=2,"{""p"": 2, ""q"": 2}",level,2024-10-04,2024-10-07,18137.849609375,17923.900390625,17923.900390625,18114.73555913315,17923.900390625,18114.73555913315,0.0172224170528352,190.83516850815067,1.0646966583677624,1.0646966583677624,pure_test,held_out_pure_test
NASDAQ,GARCH,4,510d001324f1d615,p=2 q=2,"{""p"": 2, ""q"": 2}",level,2024-10-07,2024-10-08,17923.900390625,18182.919921875,18182.919921875,17913.926254433856,18182.919921875,17913.926254433856,0.0172224170528352,-268.99366744114377,-1.4793755271260387,1.4793755271260387,pure_test,held_out_pure_test
NASDAQ,GARCH,4,510d001324f1d615,p=2 q=2,"{""p"": 2, ""q"": 2}",level,2024-10-08,2024-10-09,18182.919921875,18291.619140625,18291.619140625,18158.603516104893,18291.619140625,18158.603516104893,0.0172224170528352,-133.01562452010694,-0.7271943697137463,0.7271943697137463,pure_test,held_out_pure_test
NASDAQ,GARCH,4,510d001324f1d615,p=2 q=2,"{""p"": 2, ""q"": 2}",level,2024-10-09,2024-10-10,18291.619140625,18282.05078125,18282.05078125,18271.861036952167,18282.05078125,18271.861036952167,0.0172224170528352,-10.189744297833386,-0.055736330785624705,0.055736330785624705,pure_test,held_out_pure_test
NASDAQ,GARCH,4,510d001324f1d615,p=2 q=2,"{""p"": 2, ""q"": 2}",level,2024-10-10,2024-10-11,18282.05078125,18342.939453125,18342.939453125,18265.87901491535,18342.939453125,18265.87901491535,0.0172224170528352,-77.06043820964987,-0.42010953809544116,0.42010953809544116,pure_test,held_out_pure_test
NASDAQ,GARCH,4,510d001324f1d615,p=2 q=2,"{""p"": 2, ""q"": 2}",level,2024-10-11,2024-10-14,18342.939453125,18502.689453125,18502.689453125,18324.63115295821,18502.689453125,18324.63115295821,0.0172224170528352,-178.058300166791,-0.9623373975869112,0.9623373975869112,pure_test,held_out_pure_test
NASDAQ,GARCH,4,510d001324f1d615,p=2 q=2,"{""p"": 2, ""q"": 2}",level,2024-10-14,2024-10-15,18502.689453125,18315.58984375,18315.58984375,18481.383289317317,18315.58984375,18481.383289317317,0.0172224170528352,165.79344556731667,0.9052039654834917,0.9052039654834917,pure_test,held_out_pure_test
NASDAQ,GARCH,4,510d001324f1d615,p=2 q=2,"{""p"": 2, ""q"": 2}",level,2024-10-15,2024-10-16,18315.58984375,18367.080078125,18367.080078125,18304.80152197948,18367.080078125,18304.80152197948,0.0172224170528352,-62.27855614552027,-0.33907706549226285,0.33907706549226285,pure_test,held_out_pure_test
NASDAQ,GARCH,4,510d001324f1d615,p=2 q=2,"{""p"": 2, ""q"": 2}",level,2024-10-16,2024-10-17,18367.080078125,18373.609375,18373.609375,18349.05677548552,18373.609375,18349.05677548552,0.0172224170528352,-24.5525995144817,-0.13362970232669213,0.13362970232669213,pure_test,held_out_pure_test
NASDAQ,GARCH,4,510d001324f1d615,p=2 q=2,"{""p"": 2, ""q"": 2}",level,2024-10-17,2024-10-18,18373.609375,18489.55078125,18489.55078125,18356.94946452152,18489.55078125,18356.94946452152,0.0172224170528352,-132.60131672848001,-0.7171689474627431,0.7171689474627431,pure_test,held_out_pure_test
NASDAQ,GARCH,4,510d001324f1d615,p=2 q=2,"{""p"": 2, ""q"": 2}",level,2024-10-18,2024-10-21,18489.55078125,18540.009765625,18540.009765625,18469.57306601622,18540.009765625,18469.57306601622,0.0172224170528352,-70.43669960878105,-0.37991727350315435,0.37991727350315435,pure_test,held_out_pure_test
NASDAQ,GARCH,4,510d001324f1d615,p=2 q=2,"{""p"": 2, ""q"": 2}",level,2024-10-21,2024-10-22,18540.009765625,18579.76953125,18579.76953125,18522.017734534653,18579.76953125,18522.017734534653,0.0172224170528352,-57.751796715347155,-0.3108316097151382,0.3108316097151382,pure_test,held_out_pure_test
NASDAQ,GARCH,4,510d001324f1d615,p=2 q=2,"{""p"": 2, ""q"": 2}",level,2024-10-22,2024-10-23,18579.76953125,18276.650390625,18276.650390625,18562.10194248189,18276.650390625,18562.10194248189,0.0172224170528352,285.45155185689146,1.5618373485073267,1.5618373485073267,pure_test,held_out_pure_test
NASDAQ,GARCH,4,510d001324f1d615,p=2 q=2,"{""p"": 2, ""q"": 2}",level,2024-10-23,2024-10-24,18276.650390625,18415.490234375,18415.490234375,18269.380236584617,18415.490234375,18269.380236584617,0.0172224170528352,-146.1099977903832,-0.7934081359270532,0.7934081359270532,pure_test,held_out_pure_test
NASDAQ,GARCH,4,510d001324f1d615,p=2 q=2,"{""p"": 2, ""q"": 2}",level,2024-10-24,2024-10-25,18415.490234375,18518.609375,18518.609375,18394.818148607093,18518.609375,18394.818148607093,0.0172224170528352,-123.79122639290654,-0.668469342843982,0.668469342843982,pure_test,held_out_pure_test
NASDAQ,GARCH,4,510d001324f1d615,p=2 q=2,"{""p"": 2, ""q"": 2}",level,2024-10-25,2024-10-28,18518.609375,18567.189453125,18567.189453125,18499.020481205705,18567.189453125,18499.020481205705,0.0172224170528352,-68.16897191929456,-0.3671475001178555,0.3671475001178555,pure_test,held_out_pure_test
NASDAQ,GARCH,4,510d001324f1d615,p=2 q=2,"{""p"": 2, ""q"": 2}",level,2024-10-28,2024-10-29,18567.189453125,18712.75,18712.75,18549.25439784955,18712.75,18549.25439784955,0.0172224170528352,-163.4956021504513,-0.8737123199446971,0.8737123199446971,pure_test,held_out_pure_test
NASDAQ,GARCH,4,510d001324f1d615,p=2 q=2,"{""p"": 2, ""q"": 2}",level,2024-10-29,2024-10-30,18712.75,18607.9296875,18607.9296875,18691.874116124967,18607.9296875,18691.874116124967,0.0172224170528352,83.94442862496726,0.4511218068571996,0.4511218068571996,pure_test,held_out_pure_test
NASDAQ,GARCH,4,510d001324f1d615,p=2 q=2,"{""p"": 2, ""q"": 2}",level,2024-10-30,2024-10-31,18607.9296875,18095.150390625,18095.150390625,18594.646334384284,18095.150390625,18594.646334384284,0.0172224170528352,499.4959437592843,2.7603856999059286,2.7603856999059286,pure_test,held_out_pure_test
NASDAQ,GARCH,4,510d001324f1d615,p=2 q=2,"{""p"": 2, ""q"": 2}",level,2024-10-31,2024-11-01,18095.150390625,18239.919921875,18239.919921875,18094.237955738165,18239.919921875,18094.237955738165,0.0172224170528352,-145.6819661368354,-0.7986984962698225,0.7986984962698225,pure_test,held_out_pure_test
NASDAQ,GARCH,4,510d001324f1d615,p=2 q=2,"{""p"": 2, ""q"": 2}",level,2024-11-01,2024-11-04,18239.919921875,18179.98046875,18179.98046875,18219.068024699587,18179.98046875,18219.068024699587,0.0172224170528352,39.08755594958711,0.2150032890121947,0.2150032890121947,pure_test,held_out_pure_test
NASDAQ,GARCH,4,510d001324f1d615,p=2 q=2,"{""p"": 2, ""q"": 2}",level,2024-11-04,2024-11-05,18179.98046875,18439.169921875,18439.169921875,18165.336151756455,18439.169921875,18165.336151756455,0.0172224170528352,-273.83377011854463,-1.4850656037053303,1.4850656037053303,pure_test,held_out_pure_test
NASDAQ,GARCH,4,510d001324f1d615,p=2 q=2,"{""p"": 2, ""q"": 2}",level,2024-11-05,2024-11-06,18439.169921875,18983.470703125,18983.470703125,18414.848363406458,18983.470703125,18414.848363406458,0.0172224170528352,-568.6223397185422,-2.9953550044193835,2.9953550044193835,pure_test,held_out_pure_test
NASDAQ,GARCH,4,510d001324f1d615,p=2 q=2,"{""p"": 2, ""q"": 2}",level,2024-11-06,2024-11-07,18983.470703125,19269.4609375,19269.4609375,18950.503449717868,19269.4609375,18950.503449717868,0.0172224170528352,-318.9574877821324,-1.6552486279541643,1.6552486279541643,pure_test,held_out_pure_test
NASDAQ,GARCH,4,510d001324f1d615,p=2 q=2,"{""p"": 2, ""q"": 2}",level,2024-11-07,2024-11-08,19269.4609375,19286.779296875,19286.779296875,19244.326674112548,19286.779296875,19244.326674112548,0.0172224170528352,-42.45262276245194,-0.22011255538829366,0.22011255538829366,pure_test,held_out_pure_test
NASDAQ,GARCH,4,510d001324f1d615,p=2 q=2,"{""p"": 2, ""q"": 2}",level,2024-11-08,2024-11-11,19286.779296875,19298.759765625,19298.759765625,19269.792219659015,19298.759765625,19269.792219659015,0.0172224170528352,-28.967545965984755,-0.15010055733001984,0.15010055733001984,pure_test,held_out_pure_test
NASDAQ,GARCH,4,510d001324f1d615,p=2 q=2,"{""p"": 2, ""q"": 2}",level,2024-11-11,2024-11-12,19298.759765625,19281.400390625,19281.400390625,19281.934554211624,19281.400390625,19281.934554211624,0.0172224170528352,0.534163586624345,0.0027703567987938573,0.0027703567987938573,pure_test,held_out_pure_test
NASDAQ,GARCH,4,510d001324f1d615,p=2 q=2,"{""p"": 2, ""q"": 2}",level,2024-11-12,2024-11-13,19281.400390625,19230.720703125,19230.720703125,19265.464878474984,19230.720703125,19265.464878474984,0.0172224170528352,34.74417534998429,0.1806701677297947,0.1806701677297947,pure_test,held_out_pure_test
NASDAQ,GARCH,4,510d001324f1d615,p=2 q=2,"{""p"": 2, ""q"": 2}",level,2024-11-13,2024-11-14,19230.720703125,19107.650390625,19107.650390625,19215.795593679875,19107.650390625,19215.795593679875,0.0172224170528352,108.14520305487531,0.5659785522762956,0.5659785522762956,pure_test,held_out_pure_test
NASDAQ,GARCH,4,510d001324f1d615,p=2 q=2,"{""p"": 2, ""q"": 2}",level,2024-11-14,2024-11-15,19107.650390625,18680.119140625,18680.119140625,19094.92044916664,18680.119140625,19094.92044916664,0.0172224170528352,414.8013085416387,2.220549587606968,2.220549587606968,pure_test,held_out_pure_test
NASDAQ,GARCH,4,510d001324f1d615,p=2 q=2,"{""p"": 2, ""q"": 2}",level,2024-11-15,2024-11-18,18680.119140625,18791.810546875,18791.810546875,18676.62165023638,18791.810546875,18676.62165023638,0.0172224170528352,-115.18889663862137,-0.6129739140956634,0.6129739140956634,pure_test,held_out_pure_test
NASDAQ,GARCH,4,510d001324f1d615,p=2 q=2,"{""p"": 2, ""q"": 2}",level,2024-11-18,2024-11-19,18791.810546875,18987.470703125,18987.470703125,18771.96170832855,18987.470703125,18771.96170832855,0.0172224170528352,-215.5089947964516,-1.135006332154512,1.135006332154512,pure_test,held_out_pure_test
NASDAQ,GARCH,4,510d001324f1d615,p=2 q=2,"{""p"": 2, ""q"": 2}",level,2024-11-19,2024-11-20,18987.470703125,18966.140625,18966.140625,18965.07560238108,18966.140625,18965.07560238108,0.0172224170528352,-1.0650226189209206,-0.005615389234840289,0.005615389234840289,pure_test,held_out_pure_test
NASDAQ,GARCH,4,510d001324f1d615,p=2 q=2,"{""p"": 2, ""q"": 2}",level,2024-11-20,2024-11-21,18966.140625,18972.419921875,18972.419921875,18950.325520159426,18972.419921875,18950.325520159426,0.0172224170528352,-22.09440171557435,-0.116455369460275,0.116455369460275,pure_test,held_out_pure_test
NASDAQ,GARCH,4,510d001324f1d615,p=2 q=2,"{""p"": 2, ""q"": 2}",level,2024-11-21,2024-11-22,18972.419921875,19003.650390625,19003.650390625,18955.767592378128,19003.650390625,18955.767592378128,0.0172224170528352,-47.88279824687197,-0.2519663183789879,0.2519663183789879,pure_test,held_out_pure_test
NASDAQ,GARCH,4,510d001324f1d615,p=2 q=2,"{""p"": 2, ""q"": 2}",level,2024-11-22,2024-11-25,19003.650390625,19054.83984375,19054.83984375,18986.24144362783,19054.83984375,18986.24144362783,0.0172224170528352,-68.59840012216955,-0.36000512565142273,0.36000512565142273,pure_test,held_out_pure_test
NASDAQ,GARCH,4,510d001324f1d615,p=2 q=2,"{""p"": 2, ""q"": 2}",level,2024-11-25,2024-11-26,19054.83984375,19174.30078125,19174.30078125,19036.82566197902,19174.30078125,19036.82566197902,0.0172224170528352,-137.47511927098094,-0.7169759191710079,0.7169759191710079,pure_test,held_out_pure_test
NASDAQ,GARCH,4,510d001324f1d615,p=2 q=2,"{""p"": 2, ""q"": 2}",level,2024-11-26,2024-11-27,19174.30078125,19060.48046875,19060.48046875,19154.216340009523,19060.48046875,19154.216340009523,0.0172224170528352,93.73587125952326,0.49178126130243627,0.49178126130243627,pure_test,held_out_pure_test
NASDAQ,GARCH,4,510d001324f1d615,p=2 q=2,"{""p"": 2, ""q"": 2}",level,2024-11-27,2024-11-29,19060.48046875,19218.169921875,19218.169921875,19047.47003097216,19218.169921875,19047.47003097216,0.0172224170528352,-170.6998909028407,-0.8882213634116237,0.8882213634116237,pure_test,held_out_pure_test
NASDAQ,GARCH,4,510d001324f1d615,p=2 q=2,"{""p"": 2, ""q"": 2}",level,2024-11-29,2024-12-02,19218.169921875,19403.94921875,19403.94921875,19196.92624193916,19403.94921875,19196.92624193916,0.0172224170528352,-207.0229768108402,-1.0669115574204568,1.0669115574204568,pure_test,held_out_pure_test
NASDAQ,GARCH,4,510d001324f1d615,p=2 q=2,"{""p"": 2, ""q"": 2}",level,2024-12-02,2024-12-03,19403.94921875,19480.91015625,19480.91015625,19381.85374445884,19480.91015625,19381.85374445884,0.0172224170528352,-99.05641179115992,-0.5084793831328254,0.5084793831328254,pure_test,held_out_pure_test
NASDAQ,GARCH,4,510d001324f1d615,p=2 q=2,"{""p"": 2, ""q"": 2}",level,2024-12-03,2024-12-04,19480.91015625,19735.119140625,19735.119140625,19462.11448188282,19735.119140625,19462.11448188282,0.0172224170528352,-273.00465874217844,-1.3833443659338989,1.3833443659338989,pure_test,held_out_pure_test
NASDAQ,GARCH,4,510d001324f1d615,p=2 q=2,"{""p"": 2, ""q"": 2}",level,2024-12-04,2024-12-05,19735.119140625,19700.259765625,19700.259765625,19710.94860952442,19700.259765625,19710.94860952442,0.0172224170528352,10.688843899421045,0.05425737541832833,0.05425737541832833,pure_test,held_out_pure_test
NASDAQ,GARCH,4,510d001324f1d615,p=2 q=2,"{""p"": 2, ""q"": 2}",level,2024-12-05,2024-12-06,19700.259765625,19859.76953125,19859.76953125,19684.85492218752,19859.76953125,19684.85492218752,0.0172224170528352,-174.91460906248176,-0.8807484335971164,0.8807484335971164,pure_test,held_out_pure_test
NASDAQ,GARCH,4,510d001324f1d615,p=2 q=2,"{""p"": 2, ""q"": 2}",level,2024-12-06,2024-12-09,19859.76953125,19736.689453125,19736.689453125,19838.47065229183,19736.689453125,19838.47065229183,0.0172224170528352,101.78119916683136,0.5156953976935371,0.5156953976935371,pure_test,held_out_pure_test
NASDAQ,GARCH,4,510d001324f1d615,p=2 q=2,"{""p"": 2, ""q"": 2}",level,2024-12-09,2024-12-10,19736.689453125,19687.240234375,19687.240234375,19723.959807798736,19687.240234375,19723.959807798736,0.0172224170528352,36.71957342373571,0.18651457993396822,0.18651457993396822,pure_test,held_out_pure_test
NASDAQ,GARCH,4,510d001324f1d615,p=2 q=2,"{""p"": 2, ""q"": 2}",level,2024-12-10,2024-12-11,19687.240234375,20034.890625,20034.890625,19672.277812286025,20034.890625,19672.277812286025,0.0172224170528352,-362.61281271397456,-1.8099066249031472,1.8099066249031472,pure_test,held_out_pure_test
NASDAQ,GARCH,4,510d001324f1d615,p=2 q=2,"{""p"": 2, ""q"": 2}",level,2024-12-11,2024-12-12,20034.890625,19902.83984375,19902.83984375,20007.88658357073,19902.83984375,20007.88658357073,0.0172224170528352,105.04673982072927,0.5277977446706764,0.5277977446706764,pure_test,held_out_pure_test
NASDAQ,GARCH,4,510d001324f1d615,p=2 q=2,"{""p"": 2, ""q"": 2}",level,2024-12-12,2024-12-13,19902.83984375,19926.720703125,19926.720703125,19890.382225365327,19926.720703125,19890.382225365327,0.0172224170528352,-36.33847775967297,-0.18236055144775629,0.18236055144775629,pure_test,held_out_pure_test
NASDAQ,GARCH,4,510d001324f1d615,p=2 q=2,"{""p"": 2, ""q"": 2}",level,2024-12-13,2024-12-16,19926.720703125,20173.890625,20173.890625,19909.534625141816,20173.890625,19909.534625141816,0.0172224170528352,-264.3559998581841,-1.3103868003060717,1.3103868003060717,pure_test,held_out_pure_test
NASDAQ,GARCH,4,510d001324f1d615,p=2 q=2,"{""p"": 2, ""q"": 2}",level,2024-12-16,2024-12-17,20173.890625,20109.060546875,20109.060546875,20149.933545912812,20109.060546875,20149.933545912812,0.0172224170528352,40.872999037812406,0.20325663122121423,0.20325663122121423,pure_test,held_out_pure_test
NASDAQ,GARCH,4,510d001324f1d615,p=2 q=2,"{""p"": 2, ""q"": 2}",level,2024-12-17,2024-12-18,20109.060546875,19392.689453125,19392.689453125,20094.564532834152,19392.689453125,20094.564532834152,0.0172224170528352,701.8750797091525,3.6192766423950036,3.6192766423950036,pure_test,held_out_pure_test
NASDAQ,GARCH,4,510d001324f1d615,p=2 q=2,"{""p"": 2, ""q"": 2}",level,2024-12-18,2024-12-19,19392.689453125,19372.76953125,19372.76953125,19397.950720908473,19372.76953125,19397.950720908473,0.0172224170528352,25.18118965847316,0.1299823941943544,0.1299823941943544,pure_test,held_out_pure_test
NASDAQ,GARCH,4,510d001324f1d615,p=2 q=2,"{""p"": 2, ""q"": 2}",level,2024-12-19,2024-12-20,19372.76953125,19572.599609375,19572.599609375,19356.911664935044,19572.599609375,19356.911664935044,0.0172224170528352,-215.68794443995648,-1.1019892540827585,1.1019892540827585,pure_test,held_out_pure_test
NASDAQ,GARCH,4,510d001324f1d615,p=2 q=2,"{""p"": 2, ""q"": 2}",level,2024-12-20,2024-12-23,19572.599609375,19764.880859375,19764.880859375,19550.07806022692,19764.880859375,19550.07806022692,0.0172224170528352,-214.80279914808125,-1.0867902552835003,1.0867902552835003,pure_test,held_out_pure_test
NASDAQ,GARCH,4,510d001324f1d615,p=2 q=2,"{""p"": 2, ""q"": 2}",level,2024-12-23,2024-12-24,19764.880859375,20031.130859375,20031.130859375,19742.58822033562,20031.130859375,19742.58822033562,0.0172224170528352,-288.54263903938045,-1.4404710401277034,1.4404710401277034,pure_test,held_out_pure_test
NASDAQ,GARCH,4,510d001324f1d615,p=2 q=2,"{""p"": 2, ""q"": 2}",level,2024-12-24,2024-12-26,20031.130859375,20020.359375,20020.359375,20006.595197402457,20020.359375,20006.595197402457,0.0172224170528352,-13.764177597542584,-0.06875090171822944,0.06875090171822944,pure_test,held_out_pure_test
NASDAQ,GARCH,4,510d001324f1d615,p=2 q=2,"{""p"": 2, ""q"": 2}",level,2024-12-26,2024-12-27,20020.359375,19722.029296875,19722.029296875,20004.22409213934,19722.029296875,20004.22409213934,0.0172224170528352,282.1947952643386,1.4308608460948438,1.4308608460948438,pure_test,held_out_pure_test
NASDAQ,GARCH,4,510d001324f1d615,p=2 q=2,"{""p"": 2, ""q"": 2}",level,2024-12-27,2024-12-30,19722.029296875,19486.7890625,19486.7890625,19714.613919655694,19486.7890625,19714.613919655694,0.0172224170528352,227.8248571556942,1.1691246640223347,1.1691246640223347,pure_test,held_out_pure_test
NASDAQ,GARCH,4,510d001324f1d615,p=2 q=2,"{""p"": 2, ""q"": 2}",level,2024-12-30,2024-12-31,19486.7890625,19310.7890625,19310.7890625,19477.460553500303,19310.7890625,19477.460553500303,0.0172224170528352,166.67149100030292,0.8631003656083922,0.8631003656083922,pure_test,held_out_pure_test
NASDAQ,GARCH,4,510d001324f1d615,p=2 q=2,"{""p"": 2, ""q"": 2}",level,2024-12-31,2025-01-02,19310.7890625,19280.7890625,19280.7890625,19299.664156991385,19280.7890625,19299.664156991385,0.0172224170528352,18.875094491384516,0.09789586116107386,0.09789586116107386,pure_test,held_out_pure_test
NASDAQ,GARCH,4,510d001324f1d615,p=2 q=2,"{""p"": 2, ""q"": 2}",level,2025-01-02,2025-01-03,19280.7890625,19621.6796875,19621.6796875,19265.23686373252,19621.6796875,19265.23686373252,0.0172224170528352,-356.44282376748015,-1.81657650845535,1.81657650845535,pure_test,held_out_pure_test
NASDAQ,GARCH,4,510d001324f1d615,p=2 q=2,"{""p"": 2, ""q"": 2}",level,2025-01-03,2025-01-06,19621.6796875,19864.98046875,19864.98046875,19594.880628706225,19864.98046875,19594.880628706225,0.0172224170528352,-270.09984004377475,-1.3596783569391082,1.3596783569391082,pure_test,held_out_pure_test
NASDAQ,GARCH,4,510d001324f1d615,p=2 q=2,"{""p"": 2, ""q"": 2}",level,2025-01-06,2025-01-07,19864.98046875,19489.6796875,19489.6796875,19841.140717198472,19489.6796875,19841.140717198472,0.0172224170528352,351.461029698472,1.8033186554825056,1.8033186554825056,pure_test,held_out_pure_test
NASDAQ,GARCH,4,510d001324f1d615,p=2 q=2,"{""p"": 2, ""q"": 2}",level,2025-01-07,2025-01-08,19489.6796875,19478.880859375,19478.880859375,19484.598364219568,19478.880859375,19484.598364219568,0.0172224170528352,5.717504844567884,0.02935232719910653,0.02935232719910653,pure_test,held_out_pure_test
NASDAQ,GARCH,4,510d001324f1d615,p=2 q=2,"{""p"": 2, ""q"": 2}",level,2025-01-08,2025-01-10,19478.880859375,19161.630859375,19161.630859375,19462.7464056842,19161.630859375,19462.7464056842,0.0172224170528352,301.1155463092,1.5714505123235714,1.5714505123235714,pure_test,held_out_pure_test
NASDAQ,GARCH,4,510d001324f1d615,p=2 q=2,"{""p"": 2, ""q"": 2}",level,2025-01-10,2025-01-13,19161.630859375,19088.099609375,19088.099609375,19154.789208474704,19088.099609375,19154.789208474704,0.0172224170528352,66.68959909970363,0.3493778870838952,0.3493778870838952,pure_test,held_out_pure_test
NASDAQ,GARCH,4,510d001324f1d615,p=2 q=2,"{""p"": 2, ""q"": 2}",level,2025-01-13,2025-01-14,19088.099609375,19044.390625,19044.390625,19073.86744902995,19044.390625,19073.86744902995,0.0172224170528352,29.476824029949057,0.1547795600834514,0.1547795600834514,pure_test,held_out_pure_test
NASDAQ,GARCH,4,510d001324f1d615,p=2 q=2,"{""p"": 2, ""q"": 2}",level,2025-01-14,2025-01-15,19044.390625,19511.23046875,19511.23046875,19029.254136466145,19511.23046875,19029.254136466145,0.0172224170528352,-481.9763322838553,-2.4702508283924414,2.4702508283924414,pure_test,held_out_pure_test
NASDAQ,GARCH,4,510d001324f1d615,p=2 q=2,"{""p"": 2, ""q"": 2}",level,2025-01-15,2025-01-16,19511.23046875,19338.2890625,19338.2890625,19480.61213511286,19338.2890625,19480.61213511286,0.0172224170528352,142.32307261286041,0.7359651733040197,0.7359651733040197,pure_test,held_out_pure_test
NASDAQ,GARCH,4,510d001324f1d615,p=2 q=2,"{""p"": 2, ""q"": 2}",level,2025-01-16,2025-01-17,19338.2890625,19630.19921875,19630.19921875,19327.071408419528,19630.19921875,19327.071408419528,0.0172224170528352,-303.12781033047213,-1.544191207397102,1.544191207397102,pure_test,held_out_pure_test
NASDAQ,GARCH,4,510d001324f1d615,p=2 q=2,"{""p"": 2, ""q"": 2}",level,2025-01-17,2025-01-21,19630.19921875,19756.779296875,19756.779296875,19604.885440087135,19756.779296875,19604.885440087135,0.0172224170528352,-151.89385678786493,-0.7688189178278189,0.7688189178278189,pure_test,held_out_pure_test
NASDAQ,GARCH,4,510d001324f1d615,p=2 q=2,"{""p"": 2, ""q"": 2}",level,2025-01-21,2025-01-22,19756.779296875,20009.33984375,20009.33984375,19736.478975337963,20009.33984375,19736.478975337963,0.0172224170528352,-272.86086841203723,-1.363667519982007,1.363667519982007,pure_test,held_out_pure_test
NASDAQ,GARCH,4,510d001324f1d615,p=2 q=2,"{""p"": 2, ""q"": 2}",level,2025-01-22,2025-01-23,20009.33984375,20053.6796875,20053.6796875,19985.219299746896,20053.6796875,19985.219299746896,0.0172224170528352,-68.46038775310444,-0.34138566497488065,0.34138566497488065,pure_test,held_out_pure_test
NASDAQ,GARCH,4,510d001324f1d615,p=2 q=2,"{""p"": 2, ""q"": 2}",level,2025-01-23,2025-01-24,20053.6796875,19954.30078125,19954.30078125,20035.873212779785,19954.30078125,20035.873212779785,0.0172224170528352,81.57243152978481,0.4087962410912143,0.4087962410912143,pure_test,held_out_pure_test
NASDAQ,GARCH,4,510d001324f1d615,p=2 q=2,"{""p"": 2, ""q"": 2}",level,2025-01-24,2025-01-27,19954.30078125,19341.830078125,19341.830078125,19940.85242333148,19341.830078125,19940.85242333148,0.0172224170528352,599.0223452064783,3.097030336772288,3.097030336772288,pure_test,held_out_pure_test
NASDAQ,GARCH,4,510d001324f1d615,p=2 q=2,"{""p"": 2, ""q"": 2}",level,2025-01-27,2025-01-28,19341.830078125,19733.58984375,19733.58984375,19343.94067810705,19733.58984375,19343.94067810705,0.0172224170528352,-389.6491656429498,-1.974547807713552,1.974547807713552,pure_test,held_out_pure_test
NASDAQ,GARCH,4,510d001324f1d615,p=2 q=2,"{""p"": 2, ""q"": 2}",level,2025-01-28,2025-01-29,19733.58984375,19632.3203125,19632.3203125,19705.248232878326,19632.3203125,19705.248232878326,0.0172224170528352,72.92792037832623,0.3714686762312688,0.3714686762312688,pure_test,held_out_pure_test
NASDAQ,GARCH,4,510d001324f1d615,p=2 q=2,"{""p"": 2, ""q"": 2}",level,2025-01-29,2025-01-30,19632.3203125,19681.75,19681.75,19618.929285754886,19681.75,19618.929285754886,0.0172224170528352,-62.82071424511378,-0.3191825637715842,0.3191825637715842,pure_test,held_out_pure_test
NASDAQ,GARCH,4,510d001324f1d615,p=2 q=2,"{""p"": 2, ""q"": 2}",level,2025-01-30,2025-01-31,19681.75,19627.439453125,19627.439453125,19663.789181232365,19627.439453125,19663.789181232365,0.0172224170528352,36.34972810736508,0.18519852370033743,0.18519852370033743,pure_test,held_out_pure_test
NASDAQ,GARCH,4,510d001324f1d615,p=2 q=2,"{""p"": 2, ""q"": 2}",level,2025-01-31,2025-02-03,19627.439453125,19391.9609375,19391.9609375,19612.62444559244,19391.9609375,19612.62444559244,0.0172224170528352,220.66350809243886,1.1379122967689241,1.1379122967689241,pure_test,held_out_pure_test
NASDAQ,GARCH,4,510d001324f1d615,p=2 q=2,"{""p"": 2, ""q"": 2}",level,2025-02-03,2025-02-04,19391.9609375,19654.01953125,19654.01953125,19382.6396541234,19654.01953125,19382.6396541234,0.0172224170528352,-271.37987712660106,-1.3807856285840439,1.3807856285840439,pure_test,held_out_pure_test
NASDAQ,GARCH,4,510d001324f1d615,p=2 q=2,"{""p"": 2, ""q"": 2}",level,2025-02-04,2025-02-05,19654.01953125,19692.330078125,19692.330078125,19629.610969172223,19692.330078125,19629.610969172223,0.0172224170528352,-62.71910895277688,-0.31849511309201384,0.31849511309201384,pure_test,held_out_pure_test
NASDAQ,GARCH,4,510d001324f1d615,p=2 q=2,"{""p"": 2, ""q"": 2}",level,2025-02-05,2025-02-06,19692.330078125,19791.990234375,19791.990234375,19674.706435359647,19791.990234375,19674.706435359647,0.0172224170528352,-117.283799015353,-0.592582138665635,0.592582138665635,pure_test,held_out_pure_test
NASDAQ,GARCH,4,510d001324f1d615,p=2 q=2,"{""p"": 2, ""q"": 2}",level,2025-02-06,2025-02-07,19791.990234375,19523.400390625,19523.400390625,19772.506230568415,19523.400390625,19772.506230568415,0.0172224170528352,249.10583994341505,1.2759346986656788,1.2759346986656788,pure_test,held_out_pure_test
NASDAQ,GARCH,4,510d001324f1d615,p=2 q=2,"{""p"": 2, ""q"": 2}",level,2025-02-07,2025-02-10,19523.400390625,19714.26953125,19714.26953125,19515.08317272648,19714.26953125,19515.08317272648,0.0172224170528352,-199.18635852351872,-1.0103664161016934,1.0103664161016934,pure_test,held_out_pure_test
NASDAQ,GARCH,4,510d001324f1d615,p=2 q=2,"{""p"": 2, ""q"": 2}",level,2025-02-10,2025-02-11,19714.26953125,19643.859375,19643.859375,19692.01971291142,19643.859375,19692.01971291142,0.0172224170528352,48.160337911420356,0.24516739298547516,0.24516739298547516,pure_test,held_out_pure_test
NASDAQ,GARCH,4,510d001324f1d615,p=2 q=2,"{""p"": 2, ""q"": 2}",level,2025-02-11,2025-02-12,19643.859375,19649.94921875,19649.94921875,19629.53257083769,19649.94921875,19629.53257083769,0.0172224170528352,-20.41664791230869,-0.10390178460526048,0.10390178460526048,pure_test,held_out_pure_test
NASDAQ,GARCH,4,510d001324f1d615,p=2 q=2,"{""p"": 2, ""q"": 2}",level,2025-02-12,2025-02-13,19649.94921875,19945.640625,19945.640625,19633.302634215754,19945.640625,19633.302634215754,0.0172224170528352,-312.33799078424636,-1.5659461466119058,1.5659461466119058,pure_test,held_out_pure_test
NASDAQ,GARCH,4,510d001324f1d615,p=2 q=2,"{""p"": 2, ""q"": 2}",level,2025-02-13,2025-02-14,19945.640625,20026.76953125,20026.76953125,19920.21218399032,20026.76953125,19920.21218399032,0.0172224170528352,-106.55734725968068,-0.5320745669610237,0.5320745669610237,pure_test,held_out_pure_test
NASDAQ,GARCH,4,510d001324f1d615,p=2 q=2,"{""p"": 2, ""q"": 2}",level,2025-02-14,2025-02-18,20026.76953125,20041.259765625,20041.259765625,20007.847467705084,20041.259765625,20007.847467705084,0.0172224170528352,-33.412297919916455,-0.1667175532409675,0.1667175532409675,pure_test,held_out_pure_test
NASDAQ,GARCH,4,510d001324f1d615,p=2 q=2,"{""p"": 2, ""q"": 2}",level,2025-02-18,2025-02-19,20041.259765625,20056.25,20056.25,20024.35844826345,20056.25,20024.35844826345,0.0172224170528352,-31.891551736549445,-0.15901054153468094,0.15901054153468094,pure_test,held_out_pure_test
NASDAQ,GARCH,4,510d001324f1d615,p=2 q=2,"{""p"": 2, ""q"": 2}",level,2025-02-19,2025-02-20,20056.25,19962.359375,19962.359375,20039.33352067524,19962.359375,20039.33352067524,0.0172224170528352,76.97414567524174,0.3855964329128392,0.3855964329128392,pure_test,held_out_pure_test
NASDAQ,GARCH,4,510d001324f1d615,p=2 q=2,"{""p"": 2, ""q"": 2}",level,2025-02-20,2025-02-21,19962.359375,19524.009765625,19524.009765625,19948.744590844624,19524.009765625,19948.744590844624,0.0172224170528352,424.7348252196243,2.1754487439738677,2.1754487439738677,pure_test,held_out_pure_test
NASDAQ,GARCH,4,510d001324f1d615,p=2 q=2,"{""p"": 2, ""q"": 2}",level,2025-02-21,2025-02-24,19524.009765625,19286.9296875,19286.9296875,19520.840330370163,19286.9296875,19520.840330370163,0.0172224170528352,233.91064287016343,1.2127935688061466,1.2127935688061466,pure_test,held_out_pure_test
NASDAQ,GARCH,4,510d001324f1d615,p=2 q=2,"{""p"": 2, ""q"": 2}",level,2025-02-24,2025-02-25,19286.9296875,19026.390625,19026.390625,19277.65696978682,19026.390625,19277.65696978682,0.0172224170528352,251.26634478682172,1.3206201309494123,1.3206201309494123,pure_test,held_out_pure_test
NASDAQ,GARCH,4,510d001324f1d615,p=2 q=2,"{""p"": 2, ""q"": 2}",level,2025-02-25,2025-02-26,19026.390625,19075.259765625,19075.259765625,19017.829275803146,19075.259765625,19017.829275803146,0.0172224170528352,-57.43048982185428,-0.30107317293444247,0.30107317293444247,pure_test,held_out_pure_test
NASDAQ,GARCH,4,510d001324f1d615,p=2 q=2,"{""p"": 2, ""q"": 2}",level,2025-02-26,2025-02-27,19075.259765625,18544.419921875,18544.419921875,19057.315944839564,18544.419921875,19057.315944839564,0.0172224170528352,512.8960229645636,2.765770108341601,2.765770108341601,pure_test,held_out_pure_test
NASDAQ,GARCH,4,510d001324f1d615,p=2 q=2,"{""p"": 2, ""q"": 2}",level,2025-02-27,2025-02-28,18544.419921875,18847.279296875,18847.279296875,18544.0551536829,18847.279296875,18544.0551536829,0.0172224170528352,-303.2241431920993,-1.608848356390494,1.608848356390494,pure_test,held_out_pure_test
NASDAQ,GARCH,4,510d001324f1d615,p=2 q=2,"{""p"": 2, ""q"": 2}",level,2025-02-28,2025-03-03,18847.279296875,18350.189453125,18350.189453125,18821.63349490829,18350.189453125,18821.63349490829,0.0172224170528352,471.4440417832884,2.5691508144238937,2.5691508144238937,pure_test,held_out_pure_test
NASDAQ,GARCH,4,510d001324f1d615,p=2 q=2,"{""p"": 2, ""q"": 2}",level,2025-03-03,2025-03-04,18350.189453125,18285.16015625,18285.16015625,18348.801252415866,18285.16015625,18348.801252415866,0.0172224170528352,63.64109616586575,0.3480477918817285,0.3480477918817285,pure_test,held_out_pure_test
NASDAQ,GARCH,4,510d001324f1d615,p=2 q=2,"{""p"": 2, ""q"": 2}",level,2025-03-04,2025-03-05,18285.16015625,18552.73046875,18552.73046875,18270.67018330387,18552.73046875,18270.67018330387,0.0172224170528352,-282.06028544612855,-1.5203168391910158,1.5203168391910158,pure_test,held_out_pure_test
NASDAQ,GARCH,4,510d001324f1d615,p=2 q=2,"{""p"": 2, ""q"": 2}",level,2025-03-05,2025-03-06,18552.73046875,18069.259765625,18069.259765625,18528.154769718345,18069.259765625,18528.154769718345,0.0172224170528352,458.89500409334505,2.5396447339051926,2.5396447339051926,pure_test,held_out_pure_test
NASDAQ,GARCH,4,510d001324f1d615,p=2 q=2,"{""p"": 2, ""q"": 2}",level,2025-03-06,2025-03-07,18069.259765625,18196.220703125,18196.220703125,18067.458579097507,18196.220703125,18067.458579097507,0.0172224170528352,-128.76212402749297,-0.7076311401596679,0.7076311401596679,pure_test,held_out_pure_test
NASDAQ,GARCH,4,510d001324f1d615,p=2 q=2,"{""p"": 2, ""q"": 2}",level,2025-03-07,2025-03-10,18196.220703125,17468.3203125,17468.3203125,18175.908832436293,17468.3203125,18175.908832436293,0.0172224170528352,707.5885199362929,4.050695815498391,4.050695815498391,pure_test,held_out_pure_test
NASDAQ,GARCH,4,510d001324f1d615,p=2 q=2,"{""p"": 2, ""q"": 2}",level,2025-03-10,2025-03-11,17468.3203125,17436.099609375,17436.099609375,17473.93119383371,17436.099609375,17473.93119383371,0.0172224170528352,37.831584458708676,0.21697274795544,0.21697274795544,pure_test,held_out_pure_test
NASDAQ,GARCH,4,510d001324f1d615,p=2 q=2,"{""p"": 2, ""q"": 2}",level,2025-03-11,2025-03-12,17436.099609375,17648.44921875,17648.44921875,17420.614751045705,17648.44921875,17420.614751045705,0.0172224170528352,-227.8344677042951,-1.2909602701082656,1.2909602701082656,pure_test,held_out_pure_test
NASDAQ,GARCH,4,510d001324f1d615,p=2 q=2,"{""p"": 2, ""q"": 2}",level,2025-03-12,2025-03-13,17648.44921875,17303.009765625,17303.009765625,17625.54802825735,17303.009765625,17625.54802825735,0.0172224170528352,322.5382626323517,1.8640587215821947,1.8640587215821947,pure_test,held_out_pure_test
NASDAQ,GARCH,4,510d001324f1d615,p=2 q=2,"{""p"": 2, ""q"": 2}",level,2025-03-13,2025-03-14,17303.009765625,17754.08984375,17754.08984375,17297.022929627386,17754.08984375,17297.022929627386,0.0172224170528352,-457.0669141226135,-2.5744316838833363,2.5744316838833363,pure_test,held_out_pure_test
NASDAQ,GARCH,4,510d001324f1d615,p=2 q=2,"{""p"": 2, ""q"": 2}",level,2025-03-14,2025-03-17,17754.08984375,17808.66015625,17808.66015625,17723.94940808624,17808.66015625,17723.94940808624,0.0172224170528352,-84.71074816376131,-0.47567165312002335,0.47567165312002335,pure_test,held_out_pure_test
NASDAQ,GARCH,4,510d001324f1d615,p=2 q=2,"{""p"": 2, ""q"": 2}",level,2025-03-17,2025-03-18,17808.66015625,17504.119140625,17504.119140625,17790.543453548056,17504.119140625,17790.543453548056,0.0172224170528352,286.4243129230563,1.636325202210828,1.636325202210828,pure_test,held_out_pure_test
NASDAQ,GARCH,4,510d001324f1d615,p=2 q=2,"{""p"": 2, ""q"": 2}",level,2025-03-18,2025-03-19,17504.119140625,17750.7890625,17750.7890625,17496.89210341751,17750.7890625,17496.89210341751,0.0172224170528352,-253.89695908248905,-1.4303418185440964,1.4303418185440964,pure_test,held_out_pure_test
NASDAQ,GARCH,4,510d001324f1d615,p=2 q=2,"{""p"": 2, ""q"": 2}",level,2025-03-19,2025-03-20,17750.7890625,17691.630859375,17691.630859375,17726.847145376025,17691.630859375,17726.847145376025,0.0172224170528352,35.216286001024855,0.19905618809790696,0.19905618809790696,pure_test,held_out_pure_test
NASDAQ,GARCH,4,510d001324f1d615,p=2 q=2,"{""p"": 2, ""q"": 2}",level,2025-03-20,2025-03-21,17691.630859375,17784.05078125,17784.05078125,17676.96285181393,17784.05078125,17676.96285181393,0.0172224170528352,-107.08792943607114,-0.6021571280541753,0.6021571280541753,pure_test,held_out_pure_test
NASDAQ,GARCH,4,510d001324f1d615,p=2 q=2,"{""p"": 2, ""q"": 2}",level,2025-03-21,2025-03-24,17784.05078125,18188.58984375,18188.58984375,17764.786329777944,18188.58984375,17764.786329777944,0.0172224170528352,-423.80351397205595,-2.3300515191818687,2.3300515191818687,pure_test,held_out_pure_test
NASDAQ,GARCH,4,510d001324f1d615,p=2 q=2,"{""p"": 2, ""q"": 2}",level,2025-03-24,2025-03-25,18188.58984375,18271.859375,18271.859375,18159.860714420058,18271.859375,18159.860714420058,0.0172224170528352,-111.99866057994223,-0.6129571067801753,0.6129571067801753,pure_test,held_out_pure_test
NASDAQ,GARCH,4,510d001324f1d615,p=2 q=2,"{""p"": 2, ""q"": 2}",level,2025-03-25,2025-03-26,18271.859375,17899.01953125,17899.01953125,18252.872399300068,17899.01953125,18252.872399300068,0.0172224170528352,353.8528680500676,1.9769399515558597,1.9769399515558597,pure_test,held_out_pure_test
NASDAQ,GARCH,4,510d001324f1d615,p=2 q=2,"{""p"": 2, ""q"": 2}",level,2025-03-26,2025-03-27,17899.01953125,17804.029296875,17804.029296875,17893.863582681868,17804.029296875,17893.863582681868,0.0172224170528352,89.83428580686814,0.5045727813008937,0.5045727813008937,pure_test,held_out_pure_test
NASDAQ,GARCH,4,510d001324f1d615,p=2 q=2,"{""p"": 2, ""q"": 2}",level,2025-03-27,2025-03-28,17804.029296875,17322.990234375,17322.990234375,17790.447857193412,17322.990234375,17790.447857193412,0.0172224170528352,467.45762281841235,2.6984811311087014,2.6984811311087014,pure_test,held_out_pure_test
NASDAQ,GARCH,4,510d001324f1d615,p=2 q=2,"{""p"": 2, ""q"": 2}",level,2025-03-28,2025-03-31,17322.990234375,17299.2890625,17299.2890625,17321.115310956087,17299.2890625,17321.115310956087,0.0172224170528352,21.82624845608734,0.12616847072288373,0.12616847072288373,pure_test,held_out_pure_test
NASDAQ,GARCH,4,510d001324f1d615,p=2 q=2,"{""p"": 2, ""q"": 2}",level,2025-03-31,2025-04-01,17299.2890625,17449.890625,17449.890625,17283.54585853186,17449.890625,17283.54585853186,0.0172224170528352,-166.34476646814073,-0.9532711123691684,0.9532711123691684,pure_test,held_out_pure_test
NASDAQ,GARCH,4,510d001324f1d615,p=2 q=2,"{""p"": 2, ""q"": 2}",level,2025-04-01,2025-04-02,17449.890625,17601.05078125,17601.05078125,17428.86187773802,17601.05078125,17428.86187773802,0.0172224170528352,-172.18890351197842,-0.9782876355053037,0.9782876355053037,pure_test,held_out_pure_test
NASDAQ,GARCH,4,510d001324f1d615,p=2 q=2,"{""p"": 2, ""q"": 2}",level,2025-04-02,2025-04-03,17601.05078125,16550.609375,16550.609375,17580.00509523224,16550.609375,17580.00509523224,0.0172224170528352,1029.3957202322417,6.2196847071211945,6.2196847071211945,pure_test,held_out_pure_test
NASDAQ,GARCH,4,510d001324f1d615,p=2 q=2,"{""p"": 2, ""q"": 2}",level,2025-04-03,2025-04-04,16550.609375,15587.7900390625,15587.7900390625,16566.000966362364,15587.7900390625,16566.000966362364,0.0172224170528352,978.2109272998641,6.2754946329691315,6.2754946329691315,pure_test,held_out_pure_test
NASDAQ,GARCH,4,510d001324f1d615,p=2 q=2,"{""p"": 2, ""q"": 2}",level,2025-04-04,2025-04-07,15587.7900390625,15603.259765625,15603.259765625,15600.524585211013,15603.259765625,15600.524585211013,0.0172224170528352,-2.735180413987109,-0.017529544819941345,0.017529544819941345,pure_test,held_out_pure_test
NASDAQ,GARCH,4,510d001324f1d615,p=2 q=2,"{""p"": 2, ""q"": 2}",level,2025-04-07,2025-04-08,15603.259765625,15267.91015625,15267.91015625,15586.32874621442,15267.91015625,15586.32874621442,0.0172224170528352,318.4185899644199,2.0855414179528267,2.0855414179528267,pure_test,held_out_pure_test
NASDAQ,GARCH,4,510d001324f1d615,p=2 q=2,"{""p"": 2, ""q"": 2}",level,2025-04-08,2025-04-09,15267.91015625,17124.970703125,17124.970703125,15261.617356572817,17124.970703125,15261.617356572817,0.0172224170528352,-1863.3533465521832,-10.880914069021763,10.880914069021763,pure_test,held_out_pure_test
NASDAQ,GARCH,4,510d001324f1d615,p=2 q=2,"{""p"": 2, ""q"": 2}",level,2025-04-09,2025-04-10,17124.970703125,16387.310546875,16387.310546875,17052.195419164025,16387.310546875,17052.195419164025,0.0172224170528352,664.8848722890252,4.057315386726569,4.057315386726569,pure_test,held_out_pure_test
NASDAQ,GARCH,4,510d001324f1d615,p=2 q=2,"{""p"": 2, ""q"": 2}",level,2025-04-10,2025-04-11,16387.310546875,16724.4609375,16724.4609375,16393.2173826235,16724.4609375,16393.2173826235,0.0172224170528352,-331.2435548764988,-1.9805933124802626,1.9805933124802626,pure_test,held_out_pure_test
NASDAQ,GARCH,4,510d001324f1d615,p=2 q=2,"{""p"": 2, ""q"": 2}",level,2025-04-11,2025-04-14,16724.4609375,16831.48046875,16831.48046875,16697.775297298245,16831.48046875,16697.775297298245,0.0172224170528352,-133.70517145175472,-0.7943755850829468,0.7943755850829468,pure_test,held_out_pure_test
NASDAQ,GARCH,4,510d001324f1d615,p=2 q=2,"{""p"": 2, ""q"": 2}",level,2025-04-14,2025-04-15,16831.48046875,16823.169921875,16823.169921875,16811.77329979734,16823.169921875,16811.77329979734,0.0172224170528352,-11.39662207766014,-0.06774360676724323,0.06774360676724323,pure_test,held_out_pure_test
NASDAQ,GARCH,4,510d001324f1d615,p=2 q=2,"{""p"": 2, ""q"": 2}",level,2025-04-15,2025-04-16,16823.169921875,16307.16015625,16307.16015625,16806.96001372664,16307.16015625,16806.96001372664,0.0172224170528352,499.79985747663886,3.0649104607283935,3.0649104607283935,pure_test,held_out_pure_test
NASDAQ,GARCH,4,510d001324f1d615,p=2 q=2,"{""p"": 2, ""q"": 2}",level,2025-04-16,2025-04-17,16307.16015625,16286.4501953125,16286.4501953125,16306.345681859875,16286.4501953125,16306.345681859875,0.0172224170528352,19.895486547375185,0.12215974818810685,0.12215974818810685,pure_test,held_out_pure_test
NASDAQ,GARCH,4,510d001324f1d615,p=2 q=2,"{""p"": 2, ""q"": 2}",level,2025-04-17,2025-04-21,16286.4501953125,15870.900390625,15870.900390625,16270.61628608395,15870.900390625,16270.61628608395,0.0172224170528352,399.7158954589504,2.5185458015668982,2.5185458015668982,pure_test,held_out_pure_test
NASDAQ,GARCH,4,510d001324f1d615,p=2 q=2,"{""p"": 2, ""q"": 2}",level,2025-04-21,2025-04-22,15870.900390625,16300.419921875,16300.419921875,15867.039575770188,16300.419921875,15867.039575770188,0.0172224170528352,-433.3803461048119,-2.658706635669059,2.658706635669059,pure_test,held_out_pure_test
NASDAQ,GARCH,4,510d001324f1d615,p=2 q=2,"{""p"": 2, ""q"": 2}",level,2025-04-22,2025-04-23,16300.419921875,16708.05078125,16708.05078125,16270.933286648478,16708.05078125,16270.933286648478,0.0172224170528352,-437.1174946015217,-2.6162087985275986,2.6162087985275986,pure_test,held_out_pure_test
NASDAQ,GARCH,4,510d001324f1d615,p=2 q=2,"{""p"": 2, ""q"": 2}",level,2025-04-23,2025-04-24,16708.05078125,17166.0390625,17166.0390625,16679.22789649908,17166.0390625,16679.22789649908,0.0172224170528352,-486.8111660009199,-2.835896878880937,2.835896878880937,pure_test,held_out_pure_test
NASDAQ,GARCH,4,510d001324f1d615,p=2 q=2,"{""p"": 2, ""q"": 2}",level,2025-04-24,2025-04-25,17166.0390625,17382.939453125,17382.939453125,17135.689142992906,17382.939453125,17135.689142992906,0.0172224170528352,-247.25031013209446,-1.4223734184821388,1.4223734184821388,pure_test,held_out_pure_test
NASDAQ,GARCH,4,510d001324f1d615,p=2 q=2,"{""p"": 2, ""q"": 2}",level,2025-04-25,2025-04-28,17382.939453125,17366.130859375,17366.130859375,17359.900265076525,17366.130859375,17359.900265076525,0.0172224170528352,-6.230594298474898,-0.03587784952749765,0.03587784952749765,pure_test,held_out_pure_test
NASDAQ,GARCH,4,510d001324f1d615,p=2 q=2,"{""p"": 2, ""q"": 2}",level,2025-04-28,2025-04-29,17366.130859375,17461.3203125,17461.3203125,17350.17864537488,17461.3203125,17350.17864537488,0.0172224170528352,-111.14166712512088,-0.6365020808051847,0.6365020808051847,pure_test,held_out_pure_test
NASDAQ,GARCH,4,510d001324f1d615,p=2 q=2,"{""p"": 2, ""q"": 2}",level,2025-04-29,2025-04-30,17461.3203125,17446.33984375,17446.33984375,17441.971877966072,17446.33984375,17441.971877966072,0.0172224170528352,-4.367965783927502,-0.025036573992293795,0.025036573992293795,pure_test,held_out_pure_test
NASDAQ,GARCH,4,510d001324f1d615,p=2 q=2,"{""p"": 2, ""q"": 2}",level,2025-04-30,2025-05-01,17446.33984375,17710.740234375,17710.740234375,17430.332193821872,17710.740234375,17430.332193821872,0.0172224170528352,-280.40804055312765,-1.5832655035438898,1.5832655035438898,pure_test,held_out_pure_test
NASDAQ,GARCH,4,510d001324f1d615,p=2 q=2,"{""p"": 2, ""q"": 2}",level,2025-05-01,2025-05-02,17710.740234375,17977.73046875,17977.73046875,17686.260659821073,17977.73046875,17686.260659821073,0.0172224170528352,-291.4698089289268,-1.6212825608637174,1.6212825608637174,pure_test,held_out_pure_test
NASDAQ,GARCH,4,510d001324f1d615,p=2 q=2,"{""p"": 2, ""q"": 2}",level,2025-05-02,2025-05-05,17977.73046875,17844.240234375,17844.240234375,17953.17235996473,17844.240234375,17953.17235996473,0.0172224170528352,108.93212558973028,0.6104609899831113,0.6104609899831113,pure_test,held_out_pure_test
NASDAQ,GARCH,4,510d001324f1d615,p=2 q=2,"{""p"": 2, ""q"": 2}",level,2025-05-05,2025-05-06,17844.240234375,17689.66015625,17689.66015625,17831.82626586099,17689.66015625,17831.82626586099,0.0172224170528352,142.16610961098922,0.8036678396038037,0.8036678396038037,pure_test,held_out_pure_test
NASDAQ,GARCH,4,510d001324f1d615,p=2 q=2,"{""p"": 2, ""q"": 2}",level,2025-05-06,2025-05-07,17689.66015625,17738.16015625,17738.16015625,17677.8857146063,17738.16015625,17677.8857146063,0.0172224170528352,-60.27444164370172,-0.3398009777381797,0.3398009777381797,pure_test,held_out_pure_test
NASDAQ,GARCH,4,510d001324f1d615,p=2 q=2,"{""p"": 2, ""q"": 2}",level,2025-05-07,2025-05-08,17738.16015625,17928.140625,17928.140625,17720.227529257718,17928.140625,17720.227529257718,0.0172224170528352,-207.91309574228217,-1.159702503963833,1.159702503963833,pure_test,held_out_pure_test
NASDAQ,GARCH,4,510d001324f1d615,p=2 q=2,"{""p"": 2, ""q"": 2}",level,2025-05-08,2025-05-09,17928.140625,17928.919921875,17928.919921875,17905.917754681977,17928.919921875,17905.917754681977,0.0172224170528352,-23.002167193022615,-0.12829644670874885,0.12829644670874885,pure_test,held_out_pure_test
NASDAQ,GARCH,4,510d001324f1d615,p=2 q=2,"{""p"": 2, ""q"": 2}",level,2025-05-09,2025-05-12,17928.919921875,18708.33984375,18708.33984375,17912.434373973498,18708.33984375,17912.434373973498,0.0172224170528352,-795.9054697765023,-4.254281654191753,4.254281654191753,pure_test,held_out_pure_test
NASDAQ,GARCH,4,510d001324f1d615,p=2 q=2,"{""p"": 2, ""q"": 2}",level,2025-05-12,2025-05-13,18708.33984375,19010.08984375,19010.08984375,18668.24285482013,19010.08984375,18668.24285482013,0.0172224170528352,-341.84698892986853,-1.7982397334237665,1.7982397334237665,pure_test,held_out_pure_test
NASDAQ,GARCH,4,510d001324f1d615,p=2 q=2,"{""p"": 2, ""q"": 2}",level,2025-05-13,2025-05-14,19010.08984375,19146.810546875,19146.810546875,18984.477682389173,19146.810546875,18984.477682389173,0.0172224170528352,-162.33286448582658,-0.8478324057597224,0.8478324057597224,pure_test,held_out_pure_test
NASDAQ,GARCH,4,510d001324f1d615,p=2 q=2,"{""p"": 2, ""q"": 2}",level,2025-05-14,2025-05-15,19146.810546875,19112.3203125,19112.3203125,19126.2027217715,19112.3203125,19126.2027217715,0.0172224170528352,13.882409271500364,0.07263591779811725,0.07263591779811725,pure_test,held_out_pure_test
NASDAQ,GARCH,4,510d001324f1d615,p=2 q=2,"{""p"": 2, ""q"": 2}",level,2025-05-15,2025-05-16,19112.3203125,19211.099609375,19211.099609375,19096.904275269364,19211.099609375,19096.904275269364,0.0172224170528352,-114.195334105636,-0.5944237260105026,0.5944237260105026,pure_test,held_out_pure_test
NASDAQ,GARCH,4,510d001324f1d615,p=2 q=2,"{""p"": 2, ""q"": 2}",level,2025-05-16,2025-05-19,19211.099609375,19215.4609375,19215.4609375,19191.6423166833,19215.4609375,19191.6423166833,0.0172224170528352,-23.818620816698967,-0.12395550069900044,0.12395550069900044,pure_test,held_out_pure_test
NASDAQ,GARCH,4,510d001324f1d615,p=2 q=2,"{""p"": 2, ""q"": 2}",level,2025-05-19,2025-05-20,19215.4609375,19142.7109375,19142.7109375,19198.8667683464,19142.7109375,19198.8667683464,0.0172224170528352,56.15583084640093,0.29335359568321817,0.29335359568321817,pure_test,held_out_pure_test
NASDAQ,GARCH,4,510d001324f1d615,p=2 q=2,"{""p"": 2, ""q"": 2}",level,2025-05-20,2025-05-21,19142.7109375,18872.640625,18872.640625,19128.455086587423,18872.640625,19128.455086587423,0.0172224170528352,255.81446158742256,1.3554778404912404,1.3554778404912404,pure_test,held_out_pure_test
NASDAQ,GARCH,4,510d001324f1d615,p=2 q=2,"{""p"": 2, ""q"": 2}",level,2025-05-21,2025-05-22,18872.640625,18925.740234375,18925.740234375,18864.368300726936,18925.740234375,18864.368300726936,0.0172224170528352,-61.37193364806444,-0.3242775864406826,0.3242775864406826,pure_test,held_out_pure_test
NASDAQ,GARCH,4,510d001324f1d615,p=2 q=2,"{""p"": 2, ""q"": 2}",level,2025-05-22,2025-05-23,18925.740234375,18737.2109375,18737.2109375,18907.66812916642,18737.2109375,18907.66812916642,0.0172224170528352,170.45719166642084,0.9097255308434072,0.9097255308434072,pure_test,held_out_pure_test
NASDAQ,GARCH,4,510d001324f1d615,p=2 q=2,"{""p"": 2, ""q"": 2}",level,2025-05-23,2025-05-27,18737.2109375,19199.16015625,19199.16015625,18726.46596946805,19199.16015625,18726.46596946805,0.0172224170528352,-472.69418678195143,-2.4620565844286313,2.4620565844286313,pure_test,held_out_pure_test
NASDAQ,GARCH,4,510d001324f1d615,p=2 q=2,"{""p"": 2, ""q"": 2}",level,2025-05-27,2025-05-28,19199.16015625,19100.939453125,19100.939453125,19168.69012556556,19100.939453125,19168.69012556556,0.0172224170528352,67.75067244056117,0.354698116324728,0.354698116324728,pure_test,held_out_pure_test
NASDAQ,GARCH,4,510d001324f1d615,p=2 q=2,"{""p"": 2, ""q"": 2}",level,2025-05-28,2025-05-29,19100.939453125,19175.869140625,19175.869140625,19087.455973940123,19175.869140625,19087.455973940123,0.0172224170528352,-88.41316668487707,-0.461064716475195,0.461064716475195,pure_test,held_out_pure_test
NASDAQ,GARCH,4,510d001324f1d615,p=2 q=2,"{""p"": 2, ""q"": 2}",level,2025-05-29,2025-05-30,19175.869140625,19113.76953125,19113.76953125,19157.135061733385,19113.76953125,19157.135061733385,0.0172224170528352,43.365530483384646,0.22688109957841807,0.22688109957841807,pure_test,held_out_pure_test
NASDAQ,GARCH,4,510d001324f1d615,p=2 q=2,"{""p"": 2, ""q"": 2}",level,2025-05-30,2025-06-02,19113.76953125,19242.609375,19242.609375,19099.190718675654,19242.609375,19099.190718675654,0.0172224170528352,-143.41865632434565,-0.7453181298305374,0.7453181298305374,pure_test,held_out_pure_test
NASDAQ,GARCH,4,510d001324f1d615,p=2 q=2,"{""p"": 2, ""q"": 2}",level,2025-06-02,2025-06-03,19242.609375,19398.9609375,19398.9609375,19222.2405284964,19398.9609375,19222.2405284964,0.0172224170528352,-176.72040900359934,-0.9109787352681469,0.9109787352681469,pure_test,held_out_pure_test
NASDAQ,GARCH,4,510d001324f1d615,p=2 q=2,"{""p"": 2, ""q"": 2}",level,2025-06-03,2025-06-04,19398.9609375,19460.490234375,19460.490234375,19377.757827661044,19460.490234375,19377.757827661044,0.0172224170528352,-82.73240671395615,-0.42513012631006425,0.42513012631006425,pure_test,held_out_pure_test
NASDAQ,GARCH,4,510d001324f1d615,p=2 q=2,"{""p"": 2, ""q"": 2}",level,2025-06-04,2025-06-05,19460.490234375,19298.44921875,19298.44921875,19442.16250794284,19298.44921875,19442.16250794284,0.0172224170528352,143.71328919284133,0.7446882781296866,0.7446882781296866,pure_test,held_out_pure_test
NASDAQ,GARCH,4,510d001324f1d615,p=2 q=2,"{""p"": 2, ""q"": 2}",level,2025-06-05,2025-06-06,19298.44921875,19529.94921875,19529.94921875,19286.90102202615,19529.94921875,19286.90102202615,0.0172224170528352,-243.04819672384838,-1.2444896502368095,1.2444896502368095,pure_test,held_out_pure_test
NASDAQ,GARCH,4,510d001324f1d615,p=2 q=2,"{""p"": 2, ""q"": 2}",level,2025-06-06,2025-06-09,19529.94921875,19591.240234375,19591.240234375,19506.46731322092,19591.240234375,19506.46731322092,0.0172224170528352,-84.77292115407909,-0.4327082927875878,0.4327082927875878,pure_test,held_out_pure_test
NASDAQ,GARCH,4,510d001324f1d615,p=2 q=2,"{""p"": 2, ""q"": 2}",level,2025-06-09,2025-06-10,19591.240234375,19714.990234375,19714.990234375,19572.919733565937,19714.990234375,19572.919733565937,0.0172224170528352,-142.07050080906265,-0.7206217153551968,0.7206217153551968,pure_test,held_out_pure_test
NASDAQ,GARCH,4,510d001324f1d615,p=2 q=2,"{""p"": 2, ""q"": 2}",level,2025-06-10,2025-06-11,19714.990234375,19615.880859375,19615.880859375,19694.775731918817,19615.880859375,19694.775731918817,0.0172224170528352,78.89487254381675,0.40219897902831414,0.40219897902831414,pure_test,held_out_pure_test
NASDAQ,GARCH,4,510d001324f1d615,p=2 q=2,"{""p"": 2, ""q"": 2}",level,2025-06-11,2025-06-12,19615.880859375,19662.490234375,19662.490234375,19602.424328210684,19662.490234375,19602.424328210684,0.0172224170528352,-60.0659061643164,-0.30548473488523864,0.30548473488523864,pure_test,held_out_pure_test
NASDAQ,GARCH,4,510d001324f1d615,p=2 q=2,"{""p"": 2, ""q"": 2}",level,2025-06-12,2025-06-13,19662.490234375,19406.830078125,19406.830078125,19644.61493855613,19406.830078125,19644.61493855613,0.0172224170528352,237.78486043112935,1.2252637832860493,1.2252637832860493,pure_test,held_out_pure_test
NASDAQ,GARCH,4,510d001324f1d615,p=2 q=2,"{""p"": 2, ""q"": 2}",level,2025-06-13,2025-06-16,19406.830078125,19701.2109375,19701.2109375,19398.120781333957,19701.2109375,19398.120781333957,0.0172224170528352,-303.090156166043,-1.538434145634826,1.538434145634826,pure_test,held_out_pure_test
NASDAQ,GARCH,4,510d001324f1d615,p=2 q=2,"{""p"": 2, ""q"": 2}",level,2025-06-16,2025-06-17,19701.2109375,19521.08984375,19521.08984375,19675.822237417346,19521.08984375,19675.822237417346,0.0172224170528352,154.7323936673456,0.7926421880430294,0.7926421880430294,pure_test,held_out_pure_test
NASDAQ,GARCH,4,510d001324f1d615,p=2 q=2,"{""p"": 2, ""q"": 2}",level,2025-06-17,2025-06-18,19521.08984375,19546.26953125,19546.26953125,19510.08990598507,19546.26953125,19510.08990598507,0.0172224170528352,-36.1796252649292,-0.18509734150082338,0.18509734150082338,pure_test,held_out_pure_test
NASDAQ,GARCH,4,510d001324f1d615,p=2 q=2,"{""p"": 2, ""q"": 2}",level,2025-06-18,2025-06-20,19546.26953125,19447.41015625,19447.41015625,19529.044067698305,19447.41015625,19529.044067698305,0.0172224170528352,81.6339114483053,0.4197675206745708,0.4197675206745708,pure_test,held_out_pure_test
NASDAQ,GARCH,4,510d001324f1d615,p=2 q=2,"{""p"": 2, ""q"": 2}",level,2025-06-20,2025-06-23,19447.41015625,19630.970703125,19630.970703125,19433.946044104076,19630.970703125,19433.946044104076,0.0172224170528352,-197.02465902092445,-1.0036419594348467,1.0036419594348467,pure_test,held_out_pure_test
NASDAQ,GARCH,4,510d001324f1d615,p=2 q=2,"{""p"": 2, ""q"": 2}",level,2025-06-23,2025-06-24,19630.970703125,19912.529296875,19912.529296875,19608.942510045606,19912.529296875,19608.942510045606,0.0172224170528352,-303.58678682939353,-1.5246018338666667,1.5246018338666667,pure_test,held_out_pure_test
NASDAQ,GARCH,4,510d001324f1d615,p=2 q=2,"{""p"": 2, ""q"": 2}",level,2025-06-24,2025-06-25,19912.529296875,19973.55078125,19973.55078125,19887.52941823183,19973.55078125,19887.52941823183,0.0172224170528352,-86.02136301817154,-0.43067636776392987,0.43067636776392987,pure_test,held_out_pure_test
NASDAQ,GARCH,4,510d001324f1d615,p=2 q=2,"{""p"": 2, ""q"": 2}",level,2025-06-25,2025-06-26,19973.55078125,20167.91015625,20167.91015625,19955.23845368673,20167.91015625,19955.23845368673,0.0172224170528352,-212.67170256327154,-1.054505404454933,1.054505404454933,pure_test,held_out_pure_test
NASDAQ,GARCH,4,510d001324f1d615,p=2 q=2,"{""p"": 2, ""q"": 2}",level,2025-06-26,2025-06-27,20167.91015625,20273.4609375,20273.4609375,20145.55450030101,20273.4609375,20145.55450030101,0.0172224170528352,-127.90643719899163,-0.6309057816684963,0.6309057816684963,pure_test,held_out_pure_test
NASDAQ,GARCH,4,510d001324f1d615,p=2 q=2,"{""p"": 2, ""q"": 2}",level,2025-06-27,2025-06-30,20273.4609375,20369.73046875,20369.73046875,20253.79830681429,20369.73046875,20253.79830681429,0.0172224170528352,-115.93216193571061,-0.569139400806342,0.569139400806342,pure_test,held_out_pure_test
NASDAQ,GARCH,4,510d001324f1d615,p=2 q=2,"{""p"": 2, ""q"": 2}",level,2025-06-30,2025-07-01,20369.73046875,20202.890625,20202.890625,20350.34928200647,20202.890625,20350.34928200647,0.0172224170528352,147.45865700647119,0.7298889042343226,0.7298889042343226,pure_test,held_out_pure_test
NASDAQ,GARCH,4,510d001324f1d615,p=2 q=2,"{""p"": 2, ""q"": 2}",level,2025-07-01,2025-07-02,20202.890625,20393.130859375,20393.130859375,20191.487947587168,20393.130859375,20191.487947587168,0.0172224170528352,-201.64291178783242,-0.988778590096353,0.988778590096353,pure_test,held_out_pure_test
NASDAQ,GARCH,4,510d001324f1d615,p=2 q=2,"{""p"": 2, ""q"": 2}",level,2025-07-02,2025-07-03,20393.130859375,20601.099609375,20601.099609375,20370.900111943276,20601.099609375,20370.900111943276,0.0172224170528352,-230.199497431724,-1.117413641973589,1.117413641973589,pure_test,held_out_pure_test
NASDAQ,GARCH,4,510d001324f1d615,p=2 q=2,"{""p"": 2, ""q"": 2}",level,2025-07-03,2025-07-07,20601.099609375,20412.51953125,20412.51953125,20578.331263739743,20412.51953125,20578.331263739743,0.0172224170528352,165.811732489743,0.8123040971786848,0.8123040971786848,pure_test,held_out_pure_test
NASDAQ,GARCH,4,510d001324f1d615,p=2 q=2,"{""p"": 2, ""q"": 2}",level,2025-07-07,2025-07-08,20412.51953125,20418.4609375,20418.4609375,20401.776103104938,20418.4609375,20401.776103104938,0.0172224170528352,-16.684834395062353,-0.08171445657012978,0.08171445657012978,pure_test,held_out_pure_test
NASDAQ,GARCH,4,510d001324f1d615,p=2 q=2,"{""p"": 2, ""q"": 2}",level,2025-07-08,2025-07-09,20418.4609375,20611.33984375,20611.33984375,20401.818854173584,20611.33984375,20401.818854173584,0.0172224170528352,-209.52098957641647,-1.016532603725661,1.016532603725661,pure_test,held_out_pure_test
NASDAQ,GARCH,4,510d001324f1d615,p=2 q=2,"{""p"": 2, ""q"": 2}",level,2025-07-09,2025-07-10,20611.33984375,20630.66015625,20630.66015625,20589.029081426463,20630.66015625,20589.029081426463,0.0172224170528352,-41.63107482353735,-0.2017922572919962,0.2017922572919962,pure_test,held_out_pure_test
NASDAQ,GARCH,4,510d001324f1d615,p=2 q=2,"{""p"": 2, ""q"": 2}",level,2025-07-10,2025-07-11,20630.66015625,20585.529296875,20585.529296875,20613.612371954736,20585.529296875,20613.612371954736,0.0172224170528352,28.083075079735863,0.1364214379661301,0.1364214379661301,pure_test,held_out_pure_test
NASDAQ,GARCH,4,510d001324f1d615,p=2 q=2,"{""p"": 2, ""q"": 2}",level,2025-07-11,2025-07-14,20585.529296875,20640.330078125,20640.330078125,20570.43592517404,20640.330078125,20570.43592517404,0.0172224170528352,-69.89415295096114,-0.33862904656275944,0.33862904656275944,pure_test,held_out_pure_test
NASDAQ,GARCH,4,510d001324f1d615,p=2 q=2,"{""p"": 2, ""q"": 2}",level,2025-07-14,2025-07-15,20640.330078125,20677.80078125,20677.80078125,20622.20638670564,20677.80078125,20622.20638670564,0.0172224170528352,-55.59439454436142,-0.26886028708997295,0.26886028708997295,pure_test,held_out_pure_test
NASDAQ,GARCH,4,510d001324f1d615,p=2 q=2,"{""p"": 2, ""q"": 2}",level,2025-07-15,2025-07-16,20677.80078125,20730.490234375,20730.490234375,20660.202605844737,20730.490234375,20660.202605844737,0.0172224170528352,-70.28762853026274,-0.33905434813940294,0.33905434813940294,pure_test,held_out_pure_test
NASDAQ,GARCH,4,510d001324f1d615,p=2 q=2,"{""p"": 2, ""q"": 2}",level,2025-07-16,2025-07-17,20730.490234375,20885.650390625,20885.650390625,20712.43056671437,20885.650390625,20712.43056671437,0.0172224170528352,-173.2198239106292,-0.8293724192011893,0.8293724192011893,pure_test,held_out_pure_test
NASDAQ,GARCH,4,510d001324f1d615,p=2 q=2,"{""p"": 2, ""q"": 2}",level,2025-07-17,2025-07-18,20885.650390625,20895.650390625,20895.650390625,20864.48340890152,20895.650390625,20864.48340890152,0.0172224170528352,-31.166981723479694,-0.14915535597524646,0.14915535597524646,pure_test,held_out_pure_test
NASDAQ,GARCH,4,510d001324f1d615,p=2 q=2,"{""p"": 2, ""q"": 2}",level,2025-07-18,2025-07-21,20895.650390625,20974.1796875,20974.1796875,20878.885234800295,20974.1796875,20878.885234800295,0.0172224170528352,-95.29445269970529,-0.45434173884043727,0.45434173884043727,pure_test,held_out_pure_test
NASDAQ,GARCH,4,510d001324f1d615,p=2 q=2,"{""p"": 2, ""q"": 2}",level,2025-07-21,2025-07-22,20974.1796875,20892.689453125,20892.689453125,20955.33645431852,20892.689453125,20955.33645431852,0.0172224170528352,62.64700119351983,0.2998513012605444,0.2998513012605444,pure_test,held_out_pure_test
NASDAQ,GARCH,4,510d001324f1d615,p=2 q=2,"{""p"": 2, ""q"": 2}",level,2025-07-22,2025-07-23,20892.689453125,21020.01953125,21020.01953125,20878.6986404366,21020.01953125,20878.6986404366,0.0172224170528352,-141.32089081340018,-0.6723156969635614,0.6723156969635614,pure_test,held_out_pure_test
NASDAQ,GARCH,4,510d001324f1d615,p=2 q=2,"{""p"": 2, ""q"": 2}",level,2025-07-23,2025-07-24,21020.01953125,21057.9609375,21057.9609375,20999.69646676814,21057.9609375,20999.69646676814,0.0172224170528352,-58.264470731861365,-0.276686194379362,0.276686194379362,pure_test,held_out_pure_test
NASDAQ,GARCH,4,510d001324f1d615,p=2 q=2,"{""p"": 2, ""q"": 2}",level,2025-07-24,2025-07-25,21057.9609375,21108.3203125,21108.3203125,21040.348488527805,21108.3203125,21040.348488527805,0.0172224170528352,-67.97182397219512,-0.3220143666852702,0.3220143666852702,pure_test,held_out_pure_test
NASDAQ,GARCH,4,510d001324f1d615,p=2 q=2,"{""p"": 2, ""q"": 2}",level,2025-07-25,2025-07-28,21108.3203125,21178.580078125,21178.580078125,21090.331301957012,21178.580078125,21090.331301957012,0.0172224170528352,-88.24877616798767,-0.4166888235304233,0.4166888235304233,pure_test,held_out_pure_test
NASDAQ,GARCH,4,510d001324f1d615,p=2 q=2,"{""p"": 2, ""q"": 2}",level,2025-07-28,2025-07-29,21178.580078125,21098.2890625,21098.2890625,21159.987609600757,21098.2890625,21159.987609600757,0.0172224170528352,61.69854710075742,0.29243388844463286,0.29243388844463286,pure_test,held_out_pure_test
NASDAQ,GARCH,4,510d001324f1d615,p=2 q=2,"{""p"": 2, ""q"": 2}",level,2025-07-29,2025-07-30,21098.2890625,21129.669921875,21129.669921875,21084.261884790452,21129.669921875,21084.261884790452,0.0172224170528352,-45.408037084547686,-0.21490178148754668,0.21490178148754668,pure_test,held_out_pure_test
NASDAQ,GARCH,4,510d001324f1d615,p=2 q=2,"{""p"": 2, ""q"": 2}",level,2025-07-30,2025-07-31,21129.669921875,21122.44921875,21122.44921875,21112.256414443586,21122.44921875,21112.256414443586,0.0172224170528352,-10.192804306414473,-0.04825578795742358,0.04825578795742358,pure_test,held_out_pure_test
NASDAQ,GARCH,4,510d001324f1d615,p=2 q=2,"{""p"": 2, ""q"": 2}",level,2025-07-31,2025-08-01,21122.44921875,20650.130859375,20650.130859375,21106.20626225994,20650.130859375,21106.20626225994,0.0172224170528352,456.07540288494056,2.2085835968341376,2.2085835968341376,pure_test,held_out_pure_test
NASDAQ,GARCH,4,510d001324f1d615,p=2 q=2,"{""p"": 2, ""q"": 2}",level,2025-08-01,2025-08-04,20650.130859375,21053.580078125,21053.580078125,20647.991489996104,21053.580078125,20647.991489996104,0.0172224170528352,-405.58858812889594,-1.92645899948536,1.92645899948536,pure_test,held_out_pure_test
NASDAQ,GARCH,4,510d001324f1d615,p=2 q=2,"{""p"": 2, ""q"": 2}",level,2025-08-04,2025-08-05,21053.580078125,20916.55078125,20916.55078125,21024.88399713675,20916.55078125,21024.88399713675,0.0172224170528352,108.3332158867488,0.5179305948658648,0.5179305948658648,pure_test,held_out_pure_test
NASDAQ,GARCH,4,510d001324f1d615,p=2 q=2,"{""p"": 2, ""q"": 2}",level,2025-08-05,2025-08-06,20916.55078125,21169.419921875,21169.419921875,20904.244131006875,21169.419921875,20904.244131006875,0.0172224170528352,-265.17579086812475,-1.2526360752762555,1.2526360752762555,pure_test,held_out_pure_test
NASDAQ,GARCH,4,510d001324f1d615,p=2 q=2,"{""p"": 2, ""q"": 2}",level,2025-08-06,2025-08-07,21169.419921875,21242.69921875,21242.69921875,21145.290020097724,21242.69921875,21145.290020097724,0.0172224170528352,-97.40919865227625,-0.45855377251821844,0.45855377251821844,pure_test,held_out_pure_test
NASDAQ,GARCH,4,510d001324f1d615,p=2 q=2,"{""p"": 2, ""q"": 2}",level,2025-08-07,2025-08-08,21242.69921875,21450.01953125,21450.01953125,21224.01518618228,21450.01953125,21224.01518618228,0.0172224170528352,-226.00434506771853,-1.0536323509564103,1.0536323509564103,pure_test,held_out_pure_test
NASDAQ,GARCH,4,510d001324f1d615,p=2 q=2,"{""p"": 2, ""q"": 2}",level,2025-08-08,2025-08-11,21450.01953125,21385.400390625,21385.400390625,21427.270848785785,21385.400390625,21427.270848785785,0.0172224170528352,41.87045816078535,0.19578991927193776,0.19578991927193776,pure_test,held_out_pure_test
NASDAQ,GARCH,4,510d001324f1d615,p=2 q=2,"{""p"": 2, ""q"": 2}",level,2025-08-11,2025-08-12,21385.400390625,21681.900390625,21681.900390625,21370.89798013092,21681.900390625,21370.89798013092,0.0172224170528352,-311.0024104940785,-1.4343872303211591,1.4343872303211591,pure_test,held_out_pure_test
NASDAQ,GARCH,4,510d001324f1d615,p=2 q=2,"{""p"": 2, ""q"": 2}",level,2025-08-12,2025-08-13,21681.900390625,21713.140625,21713.140625,21656.447429877935,21713.140625,21656.447429877935,0.0172224170528352,-56.693195122064935,-0.2611008517892143,0.2611008517892143,pure_test,held_out_pure_test
NASDAQ,GARCH,4,510d001324f1d615,p=2 q=2,"{""p"": 2, ""q"": 2}",level,2025-08-13,2025-08-14,21713.140625,21710.669921875,21710.669921875,21695.73138187074,21710.669921875,21695.73138187074,0.0172224170528352,-14.938540004259266,-0.06880736549362604,0.06880736549362604,pure_test,held_out_pure_test
NASDAQ,GARCH,4,510d001324f1d615,p=2 q=2,"{""p"": 2, ""q"": 2}",level,2025-08-14,2025-08-15,21710.669921875,21622.98046875,21622.98046875,21694.282926734395,21622.98046875,21694.282926734395,0.0172224170528352,71.302457984395,0.3297531442875919,0.3297531442875919,pure_test,held_out_pure_test
NASDAQ,GARCH,4,510d001324f1d615,p=2 q=2,"{""p"": 2, ""q"": 2}",level,2025-08-15,2025-08-18,21622.98046875,21629.76953125,21629.76953125,21609.1776407149,21629.76953125,21609.1776407149,0.0172224170528352,-20.591890535099083,-0.09520161786906041,0.09520161786906041,pure_test,held_out_pure_test
NASDAQ,GARCH,4,510d001324f1d615,p=2 q=2,"{""p"": 2, ""q"": 2}",level,2025-08-18,2025-08-19,21629.76953125,21314.94921875,21314.94921875,21613.10174365782,21314.94921875,21613.10174365782,0.0172224170528352,298.1525249078186,1.3987953799371216,1.3987953799371216,pure_test,held_out_pure_test
NASDAQ,GARCH,4,510d001324f1d615,p=2 q=2,"{""p"": 2, ""q"": 2}",level,2025-08-19,2025-08-20,21314.94921875,21172.859375,21172.859375,21308.033890184703,21172.859375,21308.033890184703,0.0172224170528352,135.1745151847026,0.6384329711475383,0.6384329711475383,pure_test,held_out_pure_test
NASDAQ,GARCH,4,510d001324f1d615,p=2 q=2,"{""p"": 2, ""q"": 2}",level,2025-08-20,2025-08-21,21172.859375,21100.310546875,21100.310546875,21160.70618040801,21100.310546875,21160.70618040801,0.0172224170528352,60.39563353301128,0.2862310173058377,0.2862310173058377,pure_test,held_out_pure_test
NASDAQ,GARCH,4,510d001324f1d615,p=2 q=2,"{""p"": 2, ""q"": 2}",level,2025-08-21,2025-08-22,21100.310546875,21496.5390625,21496.5390625,21086.04859564129,21496.5390625,21086.04859564129,0.0172224170528352,-410.49046685871144,-1.9095653754552446,1.9095653754552446,pure_test,held_out_pure_test
NASDAQ,GARCH,4,510d001324f1d615,p=2 q=2,"{""p"": 2, ""q"": 2}",level,2025-08-22,2025-08-25,21496.5390625,21449.2890625,21449.2890625,21468.06194158209,21449.2890625,21468.06194158209,0.0172224170528352,18.772879082091094,0.08752215062881455,0.08752215062881455,pure_test,held_out_pure_test
NASDAQ,GARCH,4,510d001324f1d615,p=2 q=2,"{""p"": 2, ""q"": 2}",level,2025-08-25,2025-08-26,21449.2890625,21544.26953125,21544.26953125,21434.25995146345,21544.26953125,21434.25995146345,0.0172224170528352,-110.0095797865506,-0.5106210708466189,0.5106210708466189,pure_test,held_out_pure_test
NASDAQ,GARCH,4,510d001324f1d615,p=2 q=2,"{""p"": 2, ""q"": 2}",level,2025-08-26,2025-08-27,21544.26953125,21590.140625,21590.140625,21524.927433942885,21590.140625,21524.927433942885,0.0172224170528352,-65.21319105711518,-0.30205079341448327,0.30205079341448327,pure_test,held_out_pure_test
NASDAQ,GARCH,4,510d001324f1d615,p=2 q=2,"{""p"": 2, ""q"": 2}",level,2025-08-27,2025-08-28,21590.140625,21705.16015625,21705.16015625,21572.28771676744,21705.16015625,21572.28771676744,0.0172224170528352,-132.87243948255855,-0.6121698182646118,0.6121698182646118,pure_test,held_out_pure_test
NASDAQ,GARCH,4,510d001324f1d615,p=2 q=2,"{""p"": 2, ""q"": 2}",level,2025-08-28,2025-08-29,21705.16015625,21455.55078125,21455.55078125,21685.210395885897,21455.55078125,21685.210395885897,0.0172224170528352,229.65961463589701,1.0703971992021593,1.0703971992021593,pure_test,held_out_pure_test
NASDAQ,GARCH,4,510d001324f1d615,p=2 q=2,"{""p"": 2, ""q"": 2}",level,2025-08-29,2025-09-02,21455.55078125,21279.630859375,21279.630859375,21446.65800101349,21279.630859375,21446.65800101349,0.0172224170528352,167.0271416384894,0.7849155971843542,0.7849155971843542,pure_test,held_out_pure_test
NASDAQ,GARCH,4,510d001324f1d615,p=2 q=2,"{""p"": 2, ""q"": 2}",level,2025-09-02,2025-09-03,21279.630859375,21497.73046875,21497.73046875,21268.50352558321,21497.73046875,21268.50352558321,0.0172224170528352,-229.22694316678826,-1.0662843852284878,1.0662843852284878,pure_test,held_out_pure_test
NASDAQ,GARCH,4,510d001324f1d615,p=2 q=2,"{""p"": 2, ""q"": 2}",level,2025-09-03,2025-09-04,21497.73046875,21707.689453125,21707.689453125,21474.654915680378,21707.689453125,21474.654915680378,0.0172224170528352,-233.0345374446224,-1.0735114759580051,1.0735114759580051,pure_test,held_out_pure_test
NASDAQ,GARCH,4,510d001324f1d615,p=2 q=2,"{""p"": 2, ""q"": 2}",level,2025-09-04,2025-09-05,21707.689453125,21700.390625,21700.390625,21684.860755768976,21700.390625,21684.860755768976,0.0172224170528352,-15.52986923102435,-0.07156492940331276,0.07156492940331276,pure_test,held_out_pure_test
NASDAQ,GARCH,4,510d001324f1d615,p=2 q=2,"{""p"": 2, ""q"": 2}",level,2025-09-05,2025-09-08,21700.390625,21798.69921875,21798.69921875,21684.150037566695,21798.69921875,21684.150037566695,0.0172224170528352,-114.54918118330534,-0.5254863147282506,0.5254863147282506,pure_test,held_out_pure_test
NASDAQ,GARCH,4,510d001324f1d615,p=2 q=2,"{""p"": 2, ""q"": 2}",level,2025-09-08,2025-09-09,21798.69921875,21879.490234375,21879.490234375,21779.256199625233,21879.490234375,21779.256199625233,0.0172224170528352,-100.23403474976658,-0.4581186932421683,0.4581186932421683,pure_test,held_out_pure_test
NASDAQ,GARCH,4,510d001324f1d615,p=2 q=2,"{""p"": 2, ""q"": 2}",level,2025-09-09,2025-09-10,21879.490234375,21886.060546875,21886.060546875,21860.578417000535,21886.060546875,21860.578417000535,0.0172224170528352,-25.48212987446459,-0.11643086621225242,0.11643086621225242,pure_test,held_out_pure_test
NASDAQ,GARCH,4,510d001324f1d615,p=2 q=2,"{""p"": 2, ""q"": 2}",level,2025-09-10,2025-09-11,21886.060546875,22043.0703125,22043.0703125,21869.399392641724,22043.0703125,21869.399392641724,0.0172224170528352,-173.67091985827574,-0.7878708246908412,0.7878708246908412,pure_test,held_out_pure_test
NASDAQ,GARCH,4,510d001324f1d615,p=2 q=2,"{""p"": 2, ""q"": 2}",level,2025-09-11,2025-09-12,22043.0703125,22141.099609375,22141.099609375,22021.847243357905,22141.099609375,22021.847243357905,0.0172224170528352,-119.25236601709548,-0.5386018224975672,0.5386018224975672,pure_test,held_out_pure_test
NASDAQ,GARCH,4,510d001324f1d615,p=2 q=2,"{""p"": 2, ""q"": 2}",level,2025-09-12,2025-09-15,22141.099609375,22348.75,22348.75,22121.66505962812,22348.75,22121.66505962812,0.0172224170528352,-227.08494037187847,-1.0160968303456726,1.0160968303456726,pure_test,held_out_pure_test
NASDAQ,GARCH,4,510d001324f1d615,p=2 q=2,"{""p"": 2, ""q"": 2}",level,2025-09-15,2025-09-16,22348.75,22333.9609375,22333.9609375,22325.991308271008,22333.9609375,22325.991308271008,0.0172224170528352,-7.969629228991835,-0.0356839042178603,0.0356839042178603,pure_test,held_out_pure_test
NASDAQ,GARCH,4,510d001324f1d615,p=2 q=2,"{""p"": 2, ""q"": 2}",level,2025-09-16,2025-09-17,22333.9609375,22261.330078125,22261.330078125,22317.947483382828,22261.330078125,22317.947483382828,0.0172224170528352,56.61740525782807,0.25433073881539053,0.25433073881539053,pure_test,held_out_pure_test
NASDAQ,GARCH,4,510d001324f1d615,p=2 q=2,"{""p"": 2, ""q"": 2}",level,2025-09-17,2025-09-18,22261.330078125,22470.720703125,22470.720703125,22247.07061440088,22470.720703125,22247.07061440088,0.0172224170528352,-223.65008872412,-0.9952955745340959,0.9952955745340959,pure_test,held_out_pure_test
NASDAQ,GARCH,4,510d001324f1d615,p=2 q=2,"{""p"": 2, ""q"": 2}",level,2025-09-18,2025-09-19,22470.720703125,22631.48046875,22631.48046875,22447.90924065685,22631.48046875,22447.90924065685,0.0172224170528352,-183.57122809315115,-0.8111322118172073,0.8111322118172073,pure_test,held_out_pure_test
NASDAQ,GARCH,4,510d001324f1d615,p=2 q=2,"{""p"": 2, ""q"": 2}",level,2025-09-19,2025-09-22,22631.48046875,22788.98046875,22788.98046875,22610.14368488379,22788.98046875,22610.14368488379,0.0172224170528352,-178.83678386620886,-0.7847511393124567,0.7847511393124567,pure_test,held_out_pure_test
NASDAQ,GARCH,4,510d001324f1d615,p=2 q=2,"{""p"": 2, ""q"": 2}",level,2025-09-22,2025-09-23,22788.98046875,22573.470703125,22573.470703125,22767.742533776785,22573.470703125,22767.742533776785,0.0172224170528352,194.27183065178542,0.8606201199928509,0.8606201199928509,pure_test,held_out_pure_test
NASDAQ,GARCH,4,510d001324f1d615,p=2 q=2,"{""p"": 2, ""q"": 2}",level,2025-09-23,2025-09-24,22573.470703125,22497.859375,22497.859375,22563.543888842487,22497.859375,22563.543888842487,0.0172224170528352,65.68451384248692,0.2919589492833112,0.2919589492833112,pure_test,held_out_pure_test
NASDAQ,GARCH,4,510d001324f1d615,p=2 q=2,"{""p"": 2, ""q"": 2}",level,2025-09-24,2025-09-25,22497.859375,22384.69921875,22384.69921875,22483.690290790983,22384.69921875,22483.690290790983,0.0172224170528352,98.99107204098254,0.4422265006717851,0.4422265006717851,pure_test,held_out_pure_test
NASDAQ,GARCH,4,510d001324f1d615,p=2 q=2,"{""p"": 2, ""q"": 2}",level,2025-09-25,2025-09-26,22384.69921875,22484.0703125,22484.0703125,22371.6687624426,22484.0703125,22371.6687624426,0.0172224170528352,-112.40155005739871,-0.49991637855228177,0.49991637855228177,pure_test,held_out_pure_test
NASDAQ,GARCH,4,510d001324f1d615,p=2 q=2,"{""p"": 2, ""q"": 2}",level,2025-09-26,2025-09-29,22484.0703125,22591.150390625,22591.150390625,22464.5950742034,22591.150390625,22464.5950742034,0.0172224170528352,-126.55531642159985,-0.5601986363391148,0.5601986363391148,pure_test,held_out_pure_test
NASDAQ,GARCH,4,510d001324f1d615,p=2 q=2,"{""p"": 2, ""q"": 2}",level,2025-09-29,2025-09-30,22591.150390625,22660.009765625,22660.009765625,22571.441385653357,22660.009765625,22571.441385653357,0.0172224170528352,-88.56837997164257,-0.3908576425505336,0.3908576425505336,pure_test,held_out_pure_test
NASDAQ,GARCH,4,510d001324f1d615,p=2 q=2,"{""p"": 2, ""q"": 2}",level,2025-09-30,2025-10-01,22660.009765625,22755.16015625,22755.16015625,22641.459762443046,22755.16015625,22641.459762443046,0.0172224170528352,-113.7003938069538,-0.4996686159368758,0.4996686159368758,pure_test,held_out_pure_test
NASDAQ,GARCH,4,510d001324f1d615,p=2 q=2,"{""p"": 2, ""q"": 2}",level,2025-10-01,2025-10-02,22755.16015625,22844.05078125,22844.05078125,22735.81290624445,22844.05078125,22735.81290624445,0.0172224170528352,-108.23787500555045,-0.4738120924437369,0.4738120924437369,pure_test,held_out_pure_test
NASDAQ,GARCH,4,510d001324f1d615,p=2 q=2,"{""p"": 2, ""q"": 2}",level,2025-10-02,2025-10-03,22844.05078125,22780.509765625,22780.509765625,22824.893351916733,22780.509765625,22824.893351916733,0.0172224170528352,44.38358629173308,0.19483140082627287,0.19483140082627287,pure_test,held_out_pure_test
NASDAQ,GARCH,4,510d001324f1d615,p=2 q=2,"{""p"": 2, ""q"": 2}",level,2025-10-03,2025-10-06,22780.509765625,22941.669921875,22941.669921875,22765.97466214774,22941.669921875,22765.97466214774,0.0172224170528352,-175.69525972726115,-0.7658346594889103,0.7658346594889103,pure_test,held_out_pure_test
NASDAQ,GARCH,4,510d001324f1d615,p=2 q=2,"{""p"": 2, ""q"": 2}",level,2025-10-06,2025-10-07,22941.669921875,22788.359375,22788.359375,22920.320996592935,22788.359375,22920.320996592935,0.0172224170528352,131.96162159293453,0.5790746908165018,0.5790746908165018,pure_test,held_out_pure_test
NASDAQ,GARCH,4,510d001324f1d615,p=2 q=2,"{""p"": 2, ""q"": 2}",level,2025-10-07,2025-10-08,22788.359375,23043.380859375,23043.380859375,22776.54643618407,23043.380859375,22776.54643618407,0.0172224170528352,-266.83442319092865,-1.1579655989688222,1.1579655989688222,pure_test,held_out_pure_test
NASDAQ,GARCH,4,510d001324f1d615,p=2 q=2,"{""p"": 2, ""q"": 2}",level,2025-10-08,2025-10-09,23043.380859375,23024.630859375,23024.630859375,23019.185690084196,23024.630859375,23019.185690084196,0.0172224170528352,-5.445169290804188,-0.023649322866720637,0.023649322866720637,pure_test,held_out_pure_test
NASDAQ,GARCH,4,510d001324f1d615,p=2 q=2,"{""p"": 2, ""q"": 2}",level,2025-10-09,2025-10-10,23024.630859375,22204.4296875,22204.4296875,23008.737516435176,22204.4296875,23008.737516435176,0.0172224170528352,804.3078289351761,3.622285464003436,3.622285464003436,pure_test,held_out_pure_test
NASDAQ,GARCH,4,510d001324f1d615,p=2 q=2,"{""p"": 2, ""q"": 2}",level,2025-10-10,2025-10-13,22204.4296875,22694.609375,22694.609375,22212.839490933817,22694.609375,22212.839490933817,0.0172224170528352,-481.7698840661833,-2.1228384067138557,2.1228384067138557,pure_test,held_out_pure_test
NASDAQ,GARCH,4,510d001324f1d615,p=2 q=2,"{""p"": 2, ""q"": 2}",level,2025-10-13,2025-10-14,22694.609375,22521.69921875,22521.69921875,22663.283285658086,22521.69921875,22663.283285658086,0.0172224170528352,141.58406690808624,0.6286562374042062,0.6286562374042062,pure_test,held_out_pure_test
NASDAQ,GARCH,4,510d001324f1d615,p=2 q=2,"{""p"": 2, ""q"": 2}",level,2025-10-14,2025-10-15,22521.69921875,22670.080078125,22670.080078125,22510.48061704683,22670.080078125,22510.48061704683,0.0172224170528352,-159.59946107817086,-0.7040092515251981,0.7040092515251981,pure_test,held_out_pure_test
NASDAQ,GARCH,4,510d001324f1d615,p=2 q=2,"{""p"": 2, ""q"": 2}",level,2025-10-15,2025-10-16,22670.080078125,22562.5390625,22562.5390625,22649.118671301207,22562.5390625,22649.118671301207,0.0172224170528352,86.57960880120663,0.38373167382170215,0.38373167382170215,pure_test,held_out_pure_test
NASDAQ,GARCH,4,510d001324f1d615,p=2 q=2,"{""p"": 2, ""q"": 2}",level,2025-10-16,2025-10-17,22562.5390625,22679.970703125,22679.970703125,22549.338211785685,22679.970703125,22549.338211785685,0.0172224170528352,-130.63249133931458,-0.5759817464019702,0.5759817464019702,pure_test,held_out_pure_test
NASDAQ,GARCH,4,510d001324f1d615,p=2 q=2,"{""p"": 2, ""q"": 2}",level,2025-10-17,2025-10-20,22679.970703125,22990.5390625,22990.5390625,22659.947798133668,22990.5390625,22659.947798133668,0.0172224170528352,-330.5912643663323,-1.4379448148980623,1.4379448148980623,pure_test,held_out_pure_test
NASDAQ,GARCH,4,510d001324f1d615,p=2 q=2,"{""p"": 2, ""q"": 2}",level,2025-10-20,2025-10-21,22990.5390625,22953.669921875,22953.669921875,22964.65949385825,22953.669921875,22964.65949385825,0.0172224170528352,10.989571983249334,0.04787718922792472,0.04787718922792472,pure_test,held_out_pure_test
NASDAQ,GARCH,4,510d001324f1d615,p=2 q=2,"{""p"": 2, ""q"": 2}",level,2025-10-21,2025-10-22,22953.669921875,22740.400390625,22740.400390625,22938.326022422472,22740.400390625,22938.326022422472,0.0172224170528352,197.9256317974723,0.8703700392147427,0.8703700392147427,pure_test,held_out_pure_test
NASDAQ,GARCH,4,510d001324f1d615,p=2 q=2,"{""p"": 2, ""q"": 2}",level,2025-10-22,2025-10-23,22740.400390625,22941.80078125,22941.80078125,22730.40564364011,22941.80078125,22730.40564364011,0.0172224170528352,-211.39513760988848,-0.9214409087827955,0.9214409087827955,pure_test,held_out_pure_test
NASDAQ,GARCH,4,510d001324f1d615,p=2 q=2,"{""p"": 2, ""q"": 2}",level,2025-10-23,2025-10-24,22941.80078125,23204.869140625,23204.869140625,22919.2316140612,23204.869140625,22919.2316140612,0.0172224170528352,-285.63752656380166,-1.2309378899436805,1.2309378899436805,pure_test,held_out_pure_test
NASDAQ,GARCH,4,510d001324f1d615,p=2 q=2,"{""p"": 2, ""q"": 2}",level,2025-10-24,2025-10-27,23204.869140625,23637.4609375,23637.4609375,23180.4299584887,23637.4609375,23180.4299584887,0.0172224170528352,-457.03097901129877,-1.9335028420342526,1.9335028420342526,pure_test,held_out_pure_test
NASDAQ,GARCH,4,510d001324f1d615,p=2 q=2,"{""p"": 2, ""q"": 2}",level,2025-10-27,2025-10-28,23637.4609375,23827.490234375,23827.490234375,23607.88113911669,23827.490234375,23607.88113911669,0.0172224170528352,-219.60909525831084,-0.9216627227549516,0.9216627227549516,pure_test,held_out_pure_test
NASDAQ,GARCH,4,510d001324f1d615,p=2 q=2,"{""p"": 2, ""q"": 2}",level,2025-10-28,2025-10-29,23827.490234375,23958.470703125,23958.470703125,23805.265883396507,23958.470703125,23805.265883396507,0.0172224170528352,-153.20481972849302,-0.6394599289198785,0.6394599289198785,pure_test,held_out_pure_test
NASDAQ,GARCH,4,510d001324f1d615,p=2 q=2,"{""p"": 2, ""q"": 2}",level,2025-10-29,2025-10-30,23958.470703125,23581.140625,23581.140625,23938.036944466385,23581.140625,23938.036944466385,0.0172224170528352,356.89631946638474,1.5134820030207286,1.5134820030207286,pure_test,held_out_pure_test
NASDAQ,GARCH,4,510d001324f1d615,p=2 q=2,"{""p"": 2, ""q"": 2}",level,2025-10-30,2025-10-31,23581.140625,23724.9609375,23724.9609375,23576.120837968712,23724.9609375,23576.120837968712,0.0172224170528352,-148.8400995312877,-0.6273565630872293,0.6273565630872293,pure_test,held_out_pure_test
NASDAQ,GARCH,4,510d001324f1d615,p=2 q=2,"{""p"": 2, ""q"": 2}",level,2025-10-31,2025-11-03,23724.9609375,23834.720703125,23834.720703125,23704.137824364127,23834.720703125,23704.137824364127,0.0172224170528352,-130.58287876087343,-0.5478682984682617,0.5478682984682617,pure_test,held_out_pure_test
NASDAQ,GARCH,4,510d001324f1d615,p=2 q=2,"{""p"": 2, ""q"": 2}",level,2025-11-03,2025-11-04,23834.720703125,23348.640625,23348.640625,23814.930439506752,23348.640625,23814.930439506752,0.0172224170528352,466.289814506752,1.9970747847627726,1.9970747847627726,pure_test,held_out_pure_test
NASDAQ,GARCH,4,510d001324f1d615,p=2 q=2,"{""p"": 2, ""q"": 2}",level,2025-11-04,2025-11-05,23348.640625,23499.80078125,23499.80078125,23346.918564968037,23499.80078125,23346.918564968037,0.0172224170528352,-152.88221628196334,-0.6505681375986169,0.6505681375986169,pure_test,held_out_pure_test
NASDAQ,GARCH,4,510d001324f1d615,p=2 q=2,"{""p"": 2, ""q"": 2}",level,2025-11-05,2025-11-06,23499.80078125,23053.990234375,23053.990234375,23478.75509523224,23053.990234375,23478.75509523224,0.0172224170528352,424.76486085724173,1.8424787055903653,1.8424787055903653,pure_test,held_out_pure_test
NASDAQ,GARCH,4,510d001324f1d615,p=2 q=2,"{""p"": 2, ""q"": 2}",level,2025-11-06,2025-11-07,23053.990234375,23004.5390625,23004.5390625,23051.047044040017,23004.5390625,23051.047044040017,0.0172224170528352,46.50798154001677,0.20216871728514674,0.20216871728514674,pure_test,held_out_pure_test
NASDAQ,GARCH,4,510d001324f1d615,p=2 q=2,"{""p"": 2, ""q"": 2}",level,2025-11-07,2025-11-10,23004.5390625,23527.169921875,23527.169921875,22989.576699637444,23527.169921875,22989.576699637444,0.0172224170528352,-537.5932222375559,-2.284988904414358,2.284988904414358,pure_test,held_out_pure_test
NASDAQ,GARCH,4,510d001324f1d615,p=2 q=2,"{""p"": 2, ""q"": 2}",level,2025-11-10,2025-11-11,23527.169921875,23468.30078125,23468.30078125,23494.85978558456,23468.30078125,23494.85978558456,0.0172224170528352,26.559004334558267,0.1131696946537245,0.1131696946537245,pure_test,held_out_pure_test
NASDAQ,GARCH,4,510d001324f1d615,p=2 q=2,"{""p"": 2, ""q"": 2}",level,2025-11-11,2025-11-12,23468.30078125,23406.4609375,23406.4609375,23453.624008178947,23406.4609375,23453.624008178947,0.0172224170528352,47.163070678947406,0.2014959493657857,0.2014959493657857,pure_test,held_out_pure_test
NASDAQ,GARCH,4,510d001324f1d615,p=2 q=2,"{""p"": 2, ""q"": 2}",level,2025-11-12,2025-11-13,23406.4609375,22870.359375,22870.359375,23391.874247811957,22870.359375,23391.874247811957,0.0172224170528352,521.5148728119566,2.280309042200858,2.280309042200858,pure_test,held_out_pure_test
NASDAQ,GARCH,4,510d001324f1d615,p=2 q=2,"{""p"": 2, ""q"": 2}",level,2025-11-13,2025-11-14,22870.359375,22900.58984375,22900.58984375,22870.154162780174,22900.58984375,22870.154162780174,0.0172224170528352,-30.435680969825626,-0.13290348055437573,0.13290348055437573,pure_test,held_out_pure_test
NASDAQ,GARCH,4,510d001324f1d615,p=2 q=2,"{""p"": 2, ""q"": 2}",level,2025-11-14,2025-11-17,22900.58984375,22708.0703125,22708.0703125,22883.211220679263,22708.0703125,22883.211220679263,0.0172224170528352,175.14090817926262,0.7712716482247884,0.7712716482247884,pure_test,held_out_pure_test
NASDAQ,GARCH,4,510d001324f1d615,p=2 q=2,"{""p"": 2, ""q"": 2}",level,2025-11-17,2025-11-18,22708.0703125,22432.849609375,22432.849609375,22697.446344041677,22432.849609375,22697.446344041677,0.0172224170528352,264.59673466667664,1.1795056770500436,1.1795056770500436,pure_test,held_out_pure_test
NASDAQ,GARCH,4,510d001324f1d615,p=2 q=2,"{""p"": 2, ""q"": 2}",level,2025-11-18,2025-11-19,22432.849609375,22564.23046875,22564.23046875,22424.733465168338,22564.23046875,22424.733465168338,0.0172224170528352,-139.49700358166228,-0.6182218523909185,0.6182218523909185,pure_test,held_out_pure_test
NASDAQ,GARCH,4,510d001324f1d615,p=2 q=2,"{""p"": 2, ""q"": 2}",level,2025-11-19,2025-11-20,22564.23046875,22078.05078125,22078.05078125,22543.784568675528,22078.05078125,22543.784568675528,0.0172224170528352,465.73378742552813,2.1094877987193374,2.1094877987193374,pure_test,held_out_pure_test
NASDAQ,GARCH,4,510d001324f1d615,p=2 q=2,"{""p"": 2, ""q"": 2}",level,2025-11-20,2025-11-21,22078.05078125,22273.080078125,22273.080078125,22076.331741765396,22273.080078125,22076.331741765396,0.0172224170528352,-196.74833635960385,-0.8833458851200188,0.8833458851200188,pure_test,held_out_pure_test
NASDAQ,GARCH,4,510d001324f1d615,p=2 q=2,"{""p"": 2, ""q"": 2}",level,2025-11-21,2025-11-24,22273.080078125,22872.009765625,22872.009765625,22250.704107514357,22872.009765625,22250.704107514357,0.0172224170528352,-621.305658110643,-2.7164454041306905,2.7164454041306905,pure_test,held_out_pure_test
NASDAQ,GARCH,4,510d001324f1d615,p=2 q=2,"{""p"": 2, ""q"": 2}",level,2025-11-24,2025-11-25,22872.009765625,23025.58984375,23025.58984375,22837.38594928376,23025.58984375,22837.38594928376,0.0172224170528352,-188.20389446624176,-0.8173683963945327,0.8173683963945327,pure_test,held_out_pure_test
NASDAQ,GARCH,4,510d001324f1d615,p=2 q=2,"{""p"": 2, ""q"": 2}",level,2025-11-25,2025-11-26,23025.58984375,23214.689453125,23214.689453125,23004.470776199338,23214.689453125,23004.470776199338,0.0172224170528352,-210.2186769256623,-0.9055416285026553,0.9055416285026553,pure_test,held_out_pure_test
NASDAQ,GARCH,4,510d001324f1d615,p=2 q=2,"{""p"": 2, ""q"": 2}",level,2025-11-26,2025-11-28,23214.689453125,23365.689453125,23365.689453125,23192.493293921863,23365.689453125,23192.493293921863,0.0172224170528352,-173.19615920313663,-0.7412413810882557,0.7412413810882557,pure_test,held_out_pure_test
NASDAQ,GARCH,4,510d001324f1d615,p=2 q=2,"{""p"": 2, ""q"": 2}",level,2025-11-28,2025-12-01,23365.689453125,23275.919921875,23275.919921875,23344.648623673584,23275.919921875,23344.648623673584,0.0172224170528352,68.72870179858364,0.29527813306313855,0.29527813306313855,pure_test,held_out_pure_test
NASDAQ,GARCH,4,510d001324f1d615,p=2 q=2,"{""p"": 2, ""q"": 2}",level,2025-12-01,2025-12-02,23275.919921875,23413.669921875,23413.669921875,23262.180169975934,23413.669921875,23262.180169975934,0.0172224170528352,-151.4897518990656,-0.6470141263823458,0.6470141263823458,pure_test,held_out_pure_test
NASDAQ,GARCH,4,510d001324f1d615,p=2 q=2,"{""p"": 2, ""q"": 2}",level,2025-12-02,2025-12-03,23413.669921875,23454.08984375,23454.08984375,23393.030884448788,23454.08984375,23393.030884448788,0.0172224170528352,-61.05895930121187,-0.2603339533018918,0.2603339533018918,pure_test,held_out_pure_test
NASDAQ,GARCH,4,510d001324f1d615,p=2 q=2,"{""p"": 2, ""q"": 2}",level,2025-12-03,2025-12-04,23454.08984375,23505.140625,23505.140625,23436.402236452333,23505.140625,23436.402236452333,0.0172224170528352,-68.73838854766655,-0.2924398098454965,0.2924398098454965,pure_test,held_out_pure_test
NASDAQ,GARCH,4,510d001324f1d615,p=2 q=2,"{""p"": 2, ""q"": 2}",level,2025-12-04,2025-12-05,23505.140625,23578.130859375,23578.130859375,23487.130648304752,23578.130859375,23487.130648304752,0.0172224170528352,-91.00021107024804,-0.38595176018401417,0.38595176018401417,pure_test,held_out_pure_test
NASDAQ,GARCH,4,510d001324f1d615,p=2 q=2,"{""p"": 2, ""q"": 2}",level,2025-12-05,2025-12-08,23578.130859375,23545.900390625,23545.900390625,23559.455592317263,23545.900390625,23559.455592317263,0.0172224170528352,13.555201692262926,0.057569264574227307,0.057569264574227307,pure_test,held_out_pure_test
NASDAQ,GARCH,4,510d001324f1d615,p=2 q=2,"{""p"": 2, ""q"": 2}",level,2025-12-08,2025-12-09,23545.900390625,23576.490234375,23576.490234375,23530.4158284278,23576.490234375,23530.4158284278,0.0172224170528352,-46.07440594720174,-0.1954252116798298,0.1954252116798298,pure_test,held_out_pure_test
NASDAQ,GARCH,4,510d001324f1d615,p=2 q=2,"{""p"": 2, ""q"": 2}",level,2025-12-09,2025-12-10,23576.490234375,23654.150390625,23654.150390625,23559.100713643205,23654.150390625,23559.100713643205,0.0172224170528352,-95.04967698179462,-0.40183086440283333,0.40183086440283333,pure_test,held_out_pure_test
NASDAQ,GARCH,4,510d001324f1d615,p=2 q=2,"{""p"": 2, ""q"": 2}",level,2025-12-10,2025-12-11,23654.150390625,23593.859375,23593.859375,23635.33351319989,23593.859375,23635.33351319989,0.0172224170528352,41.47413819989015,0.17578361191656525,0.17578361191656525,pure_test,held_out_pure_test
NASDAQ,GARCH,4,510d001324f1d615,p=2 q=2,"{""p"": 2, ""q"": 2}",level,2025-12-11,2025-12-12,23593.859375,23195.169921875,23195.169921875,23579.22571876184,23195.169921875,23579.22571876184,0.0172224170528352,384.05579688684156,1.6557576348024274,1.6557576348024274,pure_test,held_out_pure_test
NASDAQ,GARCH,4,510d001324f1d615,p=2 q=2,"{""p"": 2, ""q"": 2}",level,2025-12-12,2025-12-15,23195.169921875,23057.41015625,23057.41015625,23190.797834959812,23057.41015625,23190.797834959812,0.0172224170528352,133.38767870981246,0.5785024328660608,0.5785024328660608,pure_test,held_out_pure_test
NASDAQ,GARCH,4,510d001324f1d615,p=2 q=2,"{""p"": 2, ""q"": 2}",level,2025-12-15,2025-12-16,23057.41015625,23111.4609375,23111.4609375,23045.12565668751,23111.4609375,23045.12565668751,0.0172224170528352,-66.33528081249096,-0.28702331277057963,0.28702331277057963,pure_test,held_out_pure_test
NASDAQ,GARCH,4,510d001324f1d615,p=2 q=2,"{""p"": 2, ""q"": 2}",level,2025-12-16,2025-12-17,23111.4609375,22693.3203125,22693.3203125,23093.359989025463,22693.3203125,23093.359989025463,0.0172224170528352,400.0396765254627,1.7628080466705074,1.7628080466705074,pure_test,held_out_pure_test
NASDAQ,GARCH,4,510d001324f1d615,p=2 q=2,"{""p"": 2, ""q"": 2}",level,2025-12-17,2025-12-18,22693.3203125,23006.359375,23006.359375,22689.53806148974,23006.359375,22689.53806148974,0.0172224170528352,-316.82131351025964,-1.3771032102303655,1.3771032102303655,pure_test,held_out_pure_test
NASDAQ,GARCH,4,510d001324f1d615,p=2 q=2,"{""p"": 2, ""q"": 2}",level,2025-12-18,2025-12-19,23006.359375,23307.619140625,23307.619140625,22980.404884938453,23307.619140625,22980.404884938453,0.0172224170528352,-327.2142556865474,-1.4038939529272447,1.4038939529272447,pure_test,held_out_pure_test
NASDAQ,GARCH,4,510d001324f1d615,p=2 q=2,"{""p"": 2, ""q"": 2}",level,2025-12-19,2025-12-22,23307.619140625,23428.830078125,23428.830078125,23282.021845095296,23428.830078125,23282.021845095296,0.0172224170528352,-146.80823302970384,-0.6266135890702266,0.6266135890702266,pure_test,held_out_pure_test
NASDAQ,GARCH,4,510d001324f1d615,p=2 q=2,"{""p"": 2, ""q"": 2}",level,2025-12-22,2025-12-23,23428.830078125,23561.83984375,23561.83984375,23408.69257001327,23561.83984375,23408.69257001327,0.0172224170528352,-153.1472737367294,-0.6499801151027396,0.6499801151027396,pure_test,held_out_pure_test
NASDAQ,GARCH,4,510d001324f1d615,p=2 q=2,"{""p"": 2, ""q"": 2}",level,2025-12-23,2025-12-24,23561.83984375,23613.310546875,23613.310546875,23541.34454884224,23613.310546875,23541.34454884224,0.0172224170528352,-71.96599803275967,-0.30476877814273146,0.30476877814273146,pure_test,held_out_pure_test
NASDAQ,GARCH,4,510d001324f1d615,p=2 q=2,"{""p"": 2, ""q"": 2}",level,2025-12-24,2025-12-26,23613.310546875,23593.099609375,23593.099609375,23595.28783649971,23593.099609375,23595.28783649971,0.0172224170528352,2.1882271247086464,0.009274860704776273,0.009274860704776273,pure_test,held_out_pure_test
NASDAQ,GARCH,4,510d001324f1d615,p=2 q=2,"{""p"": 2, ""q"": 2}",level,2025-12-26,2025-12-29,23593.099609375,23474.349609375,23474.349609375,23577.250567796444,23474.349609375,23577.250567796444,0.0172224170528352,102.90095842144365,0.43835488579563403,0.43835488579563403,pure_test,held_out_pure_test
NASDAQ,GARCH,4,510d001324f1d615,p=2 q=2,"{""p"": 2, ""q"": 2}",level,2025-12-29,2025-12-30,23474.349609375,23419.080078125,23419.080078125,23461.488659078233,23419.080078125,23461.488659078233,0.0172224170528352,42.40858095323347,0.1810855969225108,0.1810855969225108,pure_test,held_out_pure_test
NASDAQ,GARCH,4,510d001324f1d615,p=2 q=2,"{""p"": 2, ""q"": 2}",level,2025-12-30,2025-12-31,23419.080078125,23241.990234375,23241.990234375,23404.29415076408,23241.990234375,23404.29415076408,0.0172224170528352,162.30391638907895,0.6983219369442415,0.6983219369442415,pure_test,held_out_pure_test
NASDAQ,GARCH,4,510d001324f1d615,p=2 q=2,"{""p"": 2, ""q"": 2}",level,2025-12-31,2026-01-02,23241.990234375,23235.630859375,23235.630859375,23230.89837720808,23235.630859375,23230.89837720808,0.0172224170528352,-4.732482166920818,-0.020367349591506264,0.020367349591506264,pure_test,held_out_pure_test
NASDAQ,GARCH,4,510d001324f1d615,p=2 q=2,"{""p"": 2, ""q"": 2}",level,2026-01-02,2026-01-05,23235.630859375,23395.8203125,23395.8203125,23219.361784034245,23395.8203125,23219.361784034245,0.0172224170528352,-176.45852846575508,-0.7542309955743514,0.7542309955743514,pure_test,held_out_pure_test
NASDAQ,GARCH,4,510d001324f1d615,p=2 q=2,"{""p"": 2, ""q"": 2}",level,2026-01-05,2026-01-06,23395.8203125,23547.169921875,23547.169921875,23374.500822748083,23547.169921875,23374.500822748083,0.0172224170528352,-172.669099126917,-0.733290241246825,0.733290241246825,pure_test,held_out_pure_test
NASDAQ,GARCH,4,510d001324f1d615,p=2 q=2,"{""p"": 2, ""q"": 2}",level,2026-01-06,2026-01-07,23547.169921875,23584.279296875,23584.279296875,23526.118490894616,23584.279296875,23526.118490894616,0.0172224170528352,-58.160805980383884,-0.24660836673559236,0.24660836673559236,pure_test,held_out_pure_test
NASDAQ,GARCH,4,510d001324f1d615,p=2 q=2,"{""p"": 2, ""q"": 2}",level,2026-01-07,2026-01-08,23584.279296875,23480.01953125,23480.01953125,23566.692078357217,23480.01953125,23566.692078357217,0.0172224170528352,86.67254710721681,0.3691331985131558,0.3691331985131558,pure_test,held_out_pure_test
NASDAQ,GARCH,4,510d001324f1d615,p=2 q=2,"{""p"": 2, ""q"": 2}",level,2026-01-08,2026-01-09,23480.01953125,23671.349609375,23671.349609375,23466.71918015209,23671.349609375,23466.71918015209,0.0172224170528352,-204.6304292229106,-0.8644645641238261,0.8644645641238261,pure_test,held_out_pure_test
NASDAQ,GARCH,4,510d001324f1d615,p=2 q=2,"{""p"": 2, ""q"": 2}",level,2026-01-09,2026-01-12,23671.349609375,23733.900390625,23733.900390625,23649.08581360158,23733.900390625,23649.08581360158,0.0172224170528352,-84.81457702341868,-0.357356252564879,0.357356252564879,pure_test,held_out_pure_test
NASDAQ,GARCH,4,510d001324f1d615,p=2 q=2,"{""p"": 2, ""q"": 2}",level,2026-01-12,2026-01-13,23733.900390625,23709.869140625,23709.869140625,23715.5416887758,23709.869140625,23715.5416887758,0.0172224170528352,5.672548150800139,0.023924839555865256,0.023924839555865256,pure_test,held_out_pure_test
NASDAQ,GARCH,4,510d001324f1d615,p=2 q=2,"{""p"": 2, ""q"": 2}",level,2026-01-13,2026-01-14,23709.869140625,23471.75,23471.75,23694.135945921636,23471.75,23694.135945921636,0.0172224170528352,222.38594592163645,0.9474621445850286,0.9474621445850286,pure_test,held_out_pure_test
NASDAQ,GARCH,4,510d001324f1d615,p=2 q=2,"{""p"": 2, ""q"": 2}",level,2026-01-14,2026-01-15,23471.75,23530.01953125,23530.01953125,23462.508790741627,23530.01953125,23462.508790741627,0.0172224170528352,-67.51074050837269,-0.2869132361692786,0.2869132361692786,pure_test,held_out_pure_test
NASDAQ,GARCH,4,510d001324f1d615,p=2 q=2,"{""p"": 2, ""q"": 2}",level,2026-01-15,2026-01-16,23530.01953125,23515.390625,23515.390625,23511.790653710832,23515.390625,23511.790653710832,0.0172224170528352,-3.5999712891680247,-0.015309000588494475,0.015309000588494475,pure_test,held_out_pure_test
NASDAQ,GARCH,4,510d001324f1d615,p=2 q=2,"{""p"": 2, ""q"": 2}",level,2026-01-16,2026-01-20,23515.390625,22954.3203125,22954.3203125,23499.37231431649,22954.3203125,23499.37231431649,0.0172224170528352,545.0520018164898,2.3745072578763153,2.3745072578763153,pure_test,held_out_pure_test
NASDAQ,GARCH,4,510d001324f1d615,p=2 q=2,"{""p"": 2, ""q"": 2}",level,2026-01-20,2026-01-21,22954.3203125,23224.8203125,23224.8203125,22954.872250818236,23224.8203125,22954.872250818236,0.0172224170528352,-269.94806168176365,-1.1623257276030374,1.1623257276030374,pure_test,held_out_pure_test
NASDAQ,GARCH,4,510d001324f1d615,p=2 q=2,"{""p"": 2, ""q"": 2}",level,2026-01-21,2026-01-22,23224.8203125,23436.01953125,23436.01953125,23200.155773840128,23436.01953125,23200.155773840128,0.0172224170528352,-235.86375740987205,-1.0064156035344107,1.0064156035344107,pure_test,held_out_pure_test
NASDAQ,GARCH,4,510d001324f1d615,p=2 q=2,"{""p"": 2, ""q"": 2}",level,2026-01-22,2026-01-23,23436.01953125,23501.240234375,23501.240234375,23413.15322511803,23501.240234375,23413.15322511803,0.0172224170528352,-88.08700925697121,-0.37481855586552126,0.37481855586552126,pure_test,held_out_pure_test
NASDAQ,GARCH,4,510d001324f1d615,p=2 q=2,"{""p"": 2, ""q"": 2}",level,2026-01-23,2026-01-26,23501.240234375,23601.359375,23601.359375,23482.800570011288,23601.359375,23482.800570011288,0.0172224170528352,-118.55880498871193,-0.502338882709852,0.502338882709852,pure_test,held_out_pure_test
NASDAQ,GARCH,4,510d001324f1d615,p=2 q=2,"{""p"": 2, ""q"": 2}",level,2026-01-26,2026-01-27,23601.359375,23817.099609375,23817.099609375,23581.861452984995,23817.099609375,23581.861452984995,0.0172224170528352,-235.23815639000532,-0.987685991359795,0.987685991359795,pure_test,held_out_pure_test
NASDAQ,GARCH,4,510d001324f1d615,p=2 q=2,"{""p"": 2, ""q"": 2}",level,2026-01-27,2026-01-28,23817.099609375,23857.44921875,23857.44921875,23794.0956018193,23857.44921875,23794.0956018193,0.0172224170528352,-63.35361693070081,-0.265550672872899,0.265550672872899,pure_test,held_out_pure_test
NASDAQ,GARCH,4,510d001324f1d615,p=2 q=2,"{""p"": 2, ""q"": 2}",level,2026-01-28,2026-01-29,23857.44921875,23685.119140625,23685.119140625,23839.763743603413,23685.119140625,23839.763743603413,0.0172224170528352,154.64460297841288,0.6529188308500614,0.6529188308500614,pure_test,held_out_pure_test
NASDAQ,GARCH,4,510d001324f1d615,p=2 q=2,"{""p"": 2, ""q"": 2}",level,2026-01-29,2026-01-30,23685.119140625,23461.8203125,23461.8203125,23673.88294867544,23461.8203125,23673.88294867544,0.0172224170528352,212.06263617544028,0.9038626728483529,0.9038626728483529,pure_test,held_out_pure_test
NASDAQ,GARCH,4,510d001324f1d615,p=2 q=2,"{""p"": 2, ""q"": 2}",level,2026-01-30,2026-02-02,23461.8203125,23592.109375,23592.109375,23452.1296931757,23592.109375,23452.1296931757,0.0172224170528352,-139.97968182430122,-0.5933326249014189,0.5933326249014189,pure_test,held_out_pure_test
NASDAQ,GARCH,4,510d001324f1d615,p=2 q=2,"{""p"": 2, ""q"": 2}",level,2026-02-02,2026-02-03,23592.109375,23255.189453125,23255.189453125,23571.69658249364,23255.189453125,23571.69658249364,0.0172224170528352,316.5071293686415,1.3610172043819222,1.3610172043819222,pure_test,held_out_pure_test
NASDAQ,GARCH,4,510d001324f1d615,p=2 q=2,"{""p"": 2, ""q"": 2}",level,2026-02-03,2026-02-04,23255.189453125,22904.580078125,22904.580078125,23248.944271488537,22904.580078125,23248.944271488537,0.0172224170528352,344.3641933635372,1.5034730704031634,1.5034730704031634,pure_test,held_out_pure_test
NASDAQ,GARCH,4,510d001324f1d615,p=2 q=2,"{""p"": 2, ""q"": 2}",level,2026-02-04,2026-02-05,22904.580078125,22540.58984375,22540.58984375,22898.750014457975,22540.58984375,22898.750014457975,0.0172224170528352,358.16017070797534,1.5889565144067652,1.5889565144067652,pure_test,held_out_pure_test
NASDAQ,GARCH,4,510d001324f1d615,p=2 q=2,"{""p"": 2, ""q"": 2}",level,2026-02-05,2026-02-06,22540.58984375,23031.2109375,23031.2109375,22535.16554027824,23031.2109375,22535.16554027824,0.0172224170528352,-496.0453972217583,-2.1537964224628965,2.1537964224628965,pure_test,held_out_pure_test
NASDAQ,GARCH,4,510d001324f1d615,p=2 q=2,"{""p"": 2, ""q"": 2}",level,2026-02-06,2026-02-09,23031.2109375,23238.669921875,23238.669921875,22999.87146298743,23238.669921875,22999.87146298743,0.0172224170528352,-238.79845888756972,-1.0275909064089086,1.0275909064089086,pure_test,held_out_pure_test
NASDAQ,GARCH,4,510d001324f1d615,p=2 q=2,"{""p"": 2, ""q"": 2}",level,2026-02-09,2026-02-10,23238.669921875,23102.470703125,23102.470703125,23215.917034335052,23102.470703125,23215.917034335052,0.0172224170528352,113.44633121005245,0.49105713699577125,0.49105713699577125,pure_test,held_out_pure_test
NASDAQ,GARCH,4,510d001324f1d615,p=2 q=2,"{""p"": 2, ""q"": 2}",level,2026-02-10,2026-02-11,23102.470703125,23066.470703125,23066.470703125,23090.13888165388,23066.470703125,23090.13888165388,0.0172224170528352,23.668178528878343,0.1026085820995226,0.1026085820995226,pure_test,held_out_pure_test
NASDAQ,GARCH,4,510d001324f1d615,p=2 q=2,"{""p"": 2, ""q"": 2}",level,2026-02-11,2026-02-12,23066.470703125,22597.150390625,22597.150390625,23051.100447916106,22597.150390625,23051.100447916106,0.0172224170528352,453.9500572911056,2.0088818698106214,2.0088818698106214,pure_test,held_out_pure_test
NASDAQ,GARCH,4,510d001324f1d615,p=2 q=2,"{""p"": 2, ""q"": 2}",level,2026-02-12,2026-02-13,22597.150390625,22546.669921875,22546.669921875,22594.92010869323,22546.669921875,22594.92010869323,0.0172224170528352,48.25018681822985,0.21400138905398639,0.21400138905398639,pure_test,held_out_pure_test
NASDAQ,GARCH,4,510d001324f1d615,p=2 q=2,"{""p"": 2, ""q"": 2}",level,2026-02-13,2026-02-17,22546.669921875,22578.380859375,22578.380859375,22531.738771335156,22578.380859375,22531.738771335156,0.0172224170528352,-46.64208803984366,-0.2065785333782113,0.2065785333782113,pure_test,held_out_pure_test
NASDAQ,GARCH,4,510d001324f1d615,p=2 q=2,"{""p"": 2, ""q"": 2}",level,2026-02-17,2026-02-18,22578.380859375,22753.630859375,22753.630859375,22560.95734267881,22753.630859375,22560.95734267881,0.0172224170528352,-192.67351669619165,-0.8467814121050746,0.8467814121050746,pure_test,held_out_pure_test
NASDAQ,GARCH,4,510d001324f1d615,p=2 q=2,"{""p"": 2, ""q"": 2}",level,2026-02-18,2026-02-19,22753.630859375,22682.73046875,22682.73046875,22731.854674707643,22682.73046875,22731.854674707643,0.0172224170528352,49.124205957643426,0.21657095482980698,0.21657095482980698,pure_test,held_out_pure_test
NASDAQ,GARCH,4,510d001324f1d615,p=2 q=2,"{""p"": 2, ""q"": 2}",level,2026-02-19,2026-02-20,22682.73046875,22886.0703125,22886.0703125,22668.418530418818,22886.0703125,22668.418530418818,0.0172224170528352,-217.65178208118232,-0.9510229546149058,0.9510229546149058,pure_test,held_out_pure_test
NASDAQ,GARCH,4,510d001324f1d615,p=2 q=2,"{""p"": 2, ""q"": 2}",level,2026-02-20,2026-02-23,22886.0703125,22627.26953125,22627.26953125,22863.44233347732,22627.26953125,22863.44233347732,0.0172224170528352,236.17280222732006,1.0437529897327968,1.0437529897327968,pure_test,held_out_pure_test
NASDAQ,GARCH,4,510d001324f1d615,p=2 q=2,"{""p"": 2, ""q"": 2}",level,2026-02-23,2026-02-24,22627.26953125,22863.6796875,22863.6796875,22618.655470540405,22863.6796875,22618.655470540405,0.0172224170528352,-245.02421695959492,-1.0716744649530505,1.0716744649530505,pure_test,held_out_pure_test
NASDAQ,GARCH,4,510d001324f1d615,p=2 q=2,"{""p"": 2, ""q"": 2}",level,2026-02-24,2026-02-25,22863.6796875,23152.080078125,23152.080078125,22840.048886754033,23152.080078125,22840.048886754033,0.0172224170528352,-312.03119137096655,-1.3477458194600231,1.3477458194600231,pure_test,held_out_pure_test
NASDAQ,GARCH,4,510d001324f1d615,p=2 q=2,"{""p"": 2, ""q"": 2}",level,2026-02-25,2026-02-26,23152.080078125,22878.380859375,22878.380859375,23126.872729336737,22878.380859375,23126.872729336737,0.0172224170528352,248.4918699617374,1.086142727884135,1.086142727884135,pure_test,held_out_pure_test
NASDAQ,GARCH,4,510d001324f1d615,p=2 q=2,"{""p"": 2, ""q"": 2}",level,2026-02-26,2026-02-27,22878.380859375,22668.2109375,22668.2109375,22870.218577788084,22668.2109375,22870.218577788084,0.0172224170528352,202.00764028808408,0.8911494640889503,0.8911494640889503,pure_test,held_out_pure_test
NASDAQ,GARCH,4,510d001324f1d615,p=2 q=2,"{""p"": 2, ""q"": 2}",level,2026-02-27,2026-03-02,22668.2109375,22748.859375,22748.859375,22658.12219818846,22748.859375,22658.12219818846,0.0172224170528352,-90.73717681154085,-0.3988647312632168,0.3988647312632168,pure_test,held_out_pure_test
NASDAQ,GARCH,4,510d001324f1d615,p=2 q=2,"{""p"": 2, ""q"": 2}",level,2026-03-02,2026-03-03,22748.859375,22516.689453125,22516.689453125,22729.95188115411,22516.689453125,22729.95188115411,0.0172224170528352,213.2624280291093,0.9471304761433811,0.9471304761433811,pure_test,held_out_pure_test
NASDAQ,GARCH,4,510d001324f1d615,p=2 q=2,"{""p"": 2, ""q"": 2}",level,2026-03-03,2026-03-04,22516.689453125,22807.48046875,22807.48046875,22507.267840194934,22807.48046875,22507.267840194934,0.0172224170528352,-300.21262855506575,-1.3162901924498256,1.3162901924498256,pure_test,held_out_pure_test
NASDAQ,GARCH,4,510d001324f1d615,p=2 q=2,"{""p"": 2, ""q"": 2}",level,2026-03-04,2026-03-05,22807.48046875,22748.990234375,22748.990234375,22782.200626825113,22748.990234375,22782.200626825113,0.0172224170528352,33.21039245011343,0.14598622667625338,0.14598622667625338,pure_test,held_out_pure_test
NASDAQ,GARCH,4,510d001324f1d615,p=2 q=2,"{""p"": 2, ""q"": 2}",level,2026-03-05,2026-03-06,22748.990234375,22387.6796875,22387.6796875,22734.301971378696,22387.6796875,22734.301971378696,0.0172224170528352,346.6222838786962,1.548272481637435,1.548272481637435,pure_test,held_out_pure_test
NASDAQ,GARCH,4,510d001324f1d615,p=2 q=2,"{""p"": 2, ""q"": 2}",level,2026-03-06,2026-03-09,22387.6796875,22695.94921875,22695.94921875,22382.174125381633,22695.94921875,22382.174125381633,0.0172224170528352,-313.7750933683674,-1.382515841677799,1.382515841677799,pure_test,held_out_pure_test
NASDAQ,GARCH,4,510d001324f1d615,p=2 q=2,"{""p"": 2, ""q"": 2}",level,2026-03-09,2026-03-10,22695.94921875,22697.099609375,22697.099609375,22670.139359603185,22697.099609375,22670.139359603185,0.0172224170528352,-26.960249771815143,-0.118782797078968,0.118782797078968,pure_test,held_out_pure_test
NASDAQ,GARCH,4,510d001324f1d615,p=2 q=2,"{""p"": 2, ""q"": 2}",level,2026-03-10,2026-03-11,22697.099609375,22716.130859375,22716.130859375,22680.60280845392,22716.130859375,22680.60280845392,0.0172224170528352,-35.52805092107883,-0.15640009797890525,0.15640009797890525,pure_test,held_out_pure_test
NASDAQ,GARCH,4,510d001324f1d615,p=2 q=2,"{""p"": 2, ""q"": 2}",level,2026-03-11,2026-03-12,22716.130859375,22311.98046875,22311.98046875,22699.09184058972,22311.98046875,22699.09184058972,0.0172224170528352,387.11137183972096,1.7349933251416492,1.7349933251416492,pure_test,held_out_pure_test
NASDAQ,GARCH,4,510d001324f1d615,p=2 q=2,"{""p"": 2, ""q"": 2}",level,2026-03-12,2026-03-13,22311.98046875,22105.359375,22105.359375,22307.773978901805,22105.359375,22307.773978901805,0.0172224170528352,202.4146039018051,0.9156811272234976,0.9156811272234976,pure_test,held_out_pure_test
NASDAQ,GARCH,4,510d001324f1d615,p=2 q=2,"{""p"": 2, ""q"": 2}",level,2026-03-13,2026-03-16,22105.359375,22374.1796875,22374.1796875,22095.163021285483,22374.1796875,22095.163021285483,0.0172224170528352,-279.0166662145166,-1.2470475794489018,1.2470475794489018,pure_test,held_out_pure_test
NASDAQ,GARCH,4,510d001324f1d615,p=2 q=2,"{""p"": 2, ""q"": 2}",level,2026-03-16,2026-03-17,22374.1796875,22479.529296875,22479.529296875,22349.566083560305,22479.529296875,22349.566083560305,0.0172224170528352,-129.96321331469517,-0.578140278643477,0.578140278643477,pure_test,held_out_pure_test
NASDAQ,GARCH,4,510d001324f1d615,p=2 q=2,"{""p"": 2, ""q"": 2}",level,2026-03-17,2026-03-18,22479.529296875,22152.419921875,22152.419921875,22459.872766510423,22152.419921875,22459.872766510423,0.0172224170528352,307.4528446354234,1.3878973300421271,1.3878973300421271,pure_test,held_out_pure_test
NASDAQ,GARCH,4,510d001324f1d615,p=2 q=2,"{""p"": 2, ""q"": 2}",level,2026-03-18,2026-03-19,22152.419921875,22090.689453125,22090.689453125,22145.877245936856,22090.689453125,22145.877245936856,0.0172224170528352,55.187792811855616,0.2498237681941096,0.2498237681941096,pure_test,held_out_pure_test
NASDAQ,GARCH,4,510d001324f1d615,p=2 q=2,"{""p"": 2, ""q"": 2}",level,2026-03-19,2026-03-20,22090.689453125,21647.609375,21647.609375,22076.099446757504,21647.609375,22076.099446757504,0.0172224170528352,428.49007175750376,1.9793874895597046,1.9793874895597046,pure_test,held_out_pure_test
NASDAQ,GARCH,4,510d001324f1d615,p=2 q=2,"{""p"": 2, ""q"": 2}",level,2026-03-20,2026-03-23,21647.609375,21946.759765625,21946.759765625,21644.58338613152,21946.759765625,21644.58338613152,0.0172224170528352,-302.17637949348136,-1.376861016024686,1.376861016024686,pure_test,held_out_pure_test
NASDAQ,GARCH,4,510d001324f1d615,p=2 q=2,"{""p"": 2, ""q"": 2}",level,2026-03-23,2026-03-24,21946.759765625,21761.890625,21761.890625,21921.22643462761,21761.890625,21921.22643462761,0.0172224170528352,159.3358096276097,0.7321781566375725,0.7321781566375725,pure_test,held_out_pure_test
NASDAQ,GARCH,4,510d001324f1d615,p=2 q=2,"{""p"": 2, ""q"": 2}",level,2026-03-24,2026-03-25,21761.890625,21929.8203125,21929.8203125,21751.0346666592,21929.8203125,21751.0346666592,0.0172224170528352,-178.78564584079868,-0.8152627029911906,0.8152627029911906,pure_test,held_out_pure_test
NASDAQ,GARCH,4,510d001324f1d615,p=2 q=2,"{""p"": 2, ""q"": 2}",level,2026-03-25,2026-03-26,21929.8203125,21408.080078125,21408.080078125,21908.26610845034,21408.080078125,21908.26610845034,0.0172224170528352,500.18603032534156,2.3364357219330327,2.3364357219330327,pure_test,held_out_pure_test
NASDAQ,GARCH,4,510d001324f1d615,p=2 q=2,"{""p"": 2, ""q"": 2}",level,2026-03-26,2026-03-27,21408.080078125,20948.359375,20948.359375,21407.439374047663,20948.359375,21407.439374047663,0.0172224170528352,459.07999904766257,2.1914842629420117,2.1914842629420117,pure_test,held_out_pure_test
NASDAQ,GARCH,4,510d001324f1d615,p=2 q=2,"{""p"": 2, ""q"": 2}",level,2026-03-27,2026-03-30,20948.359375,20794.640625,20794.640625,20945.83799521978,20794.640625,20945.83799521978,0.0172224170528352,151.19737021977926,0.7270977794057417,0.7270977794057417,pure_test,held_out_pure_test
NASDAQ,GARCH,4,510d001324f1d615,p=2 q=2,"{""p"": 2, ""q"": 2}",level,2026-03-30,2026-03-31,20794.640625,21590.630859375,21590.630859375,20782.840064505603,21590.630859375,20782.840064505603,0.0172224170528352,-807.7907948693974,-3.741395052931682,3.741395052931682,pure_test,held_out_pure_test
